{
  "name": "M-d2-n12-k1-p2",
  "V_coordinates": [
    [
      73,
      50
    ],
    [
      13,
      50
    ],
    [
      31,
      17
    ],
    [
      34,
      80
    ],
    [
      72,
      33
    ],
    [
      74,
      6
    ],
    [
      39,
      97
    ],
    [
      62,
      65
    ],
    [
      8,
      88
    ],
    [
      20,
      68
    ],
    [
      88,
      53
    ],
    [
      49,
      34
    ],
    [
      53,
      92
    ],
    [
      63,
      42
    ],
    [
      91,
      33
    ],
    [
      54,
      60
    ],
    [
      75,
      34
    ],
    [
      13,
      37
    ],
    [
      67,
      8
    ],
    [
      94,
      62
    ],
    [
      61,
      68
    ],
    [
      8,
      7
    ],
    [
      32,
      59
    ],
    [
      18,
      45
    ],
    [
      82,
      5
    ],
    [
      97,
      8
    ],
    [
      33,
      19
    ],
    [
      30,
      13
    ],
    [
      53,
      63
    ],
    [
      57,
      57
    ],
    [
      91,
      62
    ],
    [
      96,
      62
    ],
    [
      33,
      56
    ],
    [
      33,
      62
    ],
    [
      73,
      2
    ],
    [
      72,
      8
    ],
    [
      61,
      65
    ],
    [
      66,
      66
    ],
    [
      96,
      9
    ],
    [
      92,
      8
    ],
    [
      50,
      31
    ],
    [
      46,
      33
    ]
  ],
  "V": [
    0,
    1,
    2,
    3,
    4,
    5,
    6,
    7,
    8,
    9,
    10,
    11,
    12,
    13,
    14,
    15,
    16,
    17,
    18,
    19,
    20,
    21,
    22,
    23,
    24,
    25,
    26,
    27,
    28,
    29,
    30,
    31,
    32,
    33,
    34,
    35,
    36,
    37,
    38,
    39,
    40,
    41
  ],
  "VD": [
    0,
    1
  ],
  "VC": [
    2,
    3,
    4,
    5,
    6,
    7,
    8,
    9,
    10,
    11,
    12,
    13,
    14,
    15,
    16,
    17,
    18,
    19,
    20,
    21,
    22,
    23,
    24,
    25
  ],
  "VP": [
    26,
    27,
    28,
    29,
    30,
    31,
    32,
    33,
    34,
    35,
    36,
    37,
    38,
    39,
    40,
    41
  ],
  "VC1": [
    3,
    4,
    6,
    8,
    9,
    10,
    12,
    13,
    14,
    16,
    17,
    18,
    20,
    21,
    23,
    24
  ],
  "VC2": [
    2,
    15,
    19,
    22,
    5,
    7,
    25,
    11
  ],
  "demand": [
    0,
    0,
    11,
    25,
    21,
    28,
    27,
    16,
    26,
    23,
    25,
    21,
    23,
    21,
    10,
    27,
    27,
    29,
    29,
    20,
    24,
    29,
    10,
    17,
    30,
    15,
    0,
    0,
    0,
    0,
    0,
    0,
    0,
    0,
    0,
    0,
    0,
    0,
    0,
    0,
    0,
    0
  ],
  "service_time": [
    0,
    0,
    18,
    19,
    12,
    11,
    18,
    14,
    10,
    20,
    11,
    11,
    10,
    17,
    10,
    14,
    13,
    14,
    11,
    19,
    12,
    15,
    14,
    11,
    12,
    12,
    0,
    0,
    0,
    0,
    0,
    0,
    0,
    0,
    0,
    0,
    0,
    0,
    0,
    0,
    0,
    0
  ],
  "K": [
    0,
    1
  ],
  "veh_dist_matrix": [
    [
      100000.0,
      60.0,
      100000.0,
      49.2,
      17.03,
      100000.0,
      58.01,
      100000.0,
      75.29,
      55.97,
      15.3,
      100000.0,
      46.52,
      12.81,
      24.76,
      100000.0,
      16.12,
      61.39,
      42.43,
      100000.0,
      21.63,
      77.94,
      100000.0,
      55.23,
      45.89,
      100000.0,
      50.61,
      56.73,
      23.85,
      17.46,
      21.63,
      25.94,
      40.45,
      41.76,
      48.0,
      42.01,
      19.21,
      17.46,
      47.01,
      46.1,
      29.83,
      31.91
    ],
    [
      60.0,
      100000.0,
      100000.0,
      36.62,
      61.4,
      100000.0,
      53.71,
      100000.0,
      38.33,
      19.31,
      75.06,
      100000.0,
      58.0,
      50.64,
      79.83,
      100000.0,
      64.03,
      13.0,
      68.41,
      100000.0,
      51.26,
      43.29,
      100000.0,
      7.07,
      82.38,
      100000.0,
      36.89,
      40.72,
      42.06,
      44.55,
      78.92,
      83.86,
      20.88,
      23.32,
      76.84,
      72.42,
      50.29,
      55.36,
      92.57,
      89.47,
      41.59,
      37.12
    ],
    [
      100000.0,
      100000.0,
      100000.0,
      100000.0,
      100000.0,
      100000.0,
      100000.0,
      100000.0,
      100000.0,
      100000.0,
      100000.0,
      100000.0,
      100000.0,
      100000.0,
      100000.0,
      100000.0,
      100000.0,
      100000.0,
      100000.0,
      100000.0,
      100000.0,
      100000.0,
      100000.0,
      100000.0,
      100000.0,
      100000.0,
      100000.0,
      100000.0,
      100000.0,
      100000.0,
      100000.0,
      100000.0,
      100000.0,
      100000.0,
      100000.0,
      100000.0,
      100000.0,
      100000.0,
      100000.0,
      100000.0,
      100000.0,
      100000.0
    ],
    [
      49.2,
      36.62,
      100000.0,
      100000.0,
      60.44,
      100000.0,
      17.72,
      100000.0,
      27.2,
      18.44,
      60.37,
      100000.0,
      22.47,
      47.8,
      73.88,
      100000.0,
      61.62,
      47.85,
      79.2,
      100000.0,
      29.55,
      77.49,
      100000.0,
      38.48,
      89.04,
      100000.0,
      61.01,
      67.12,
      25.5,
      32.53,
      59.77,
      64.56,
      24.02,
      18.03,
      87.21,
      81.41,
      30.89,
      34.93,
      94.26,
      92.46,
      51.55,
      48.51
    ],
    [
      17.03,
      61.4,
      100000.0,
      60.44,
      100000.0,
      100000.0,
      72.01,
      100000.0,
      84.39,
      62.68,
      25.61,
      100000.0,
      61.98,
      12.73,
      19.0,
      100000.0,
      3.16,
      59.14,
      25.5,
      100000.0,
      36.69,
      69.08,
      100000.0,
      55.32,
      29.73,
      100000.0,
      41.44,
      46.52,
      35.51,
      28.3,
      34.67,
      37.64,
      45.28,
      48.6,
      31.02,
      25.0,
      33.84,
      33.54,
      33.94,
      32.02,
      22.09,
      26.0
    ],
    [
      100000.0,
      100000.0,
      100000.0,
      100000.0,
      100000.0,
      100000.0,
      100000.0,
      100000.0,
      100000.0,
      100000.0,
      100000.0,
      100000.0,
      100000.0,
      100000.0,
      100000.0,
      100000.0,
      100000.0,
      100000.0,
      100000.0,
      100000.0,
      100000.0,
      100000.0,
      100000.0,
      100000.0,
      100000.0,
      100000.0,
      100000.0,
      100000.0,
      100000.0,
      100000.0,
      100000.0,
      100000.0,
      100000.0,
      100000.0,
      100000.0,
      100000.0,
      100000.0,
      100000.0,
      100000.0,
      100000.0,
      100000.0,
      100000.0
    ],
    [
      58.01,
      53.71,
      100000.0,
      17.72,
      72.01,
      100000.0,
      100000.0,
      100000.0,
      32.28,
      34.67,
      65.86,
      100000.0,
      14.87,
      60.01,
      82.46,
      100000.0,
      72.56,
      65.39,
      93.3,
      100000.0,
      36.4,
      95.19,
      100000.0,
      56.08,
      101.55,
      100000.0,
      78.23,
      84.48,
      36.77,
      43.86,
      62.68,
      66.89,
      41.44,
      35.51,
      100.9,
      94.92,
      38.83,
      41.11,
      104.85,
      103.59,
      66.91,
      64.38
    ],
    [
      100000.0,
      100000.0,
      100000.0,
      100000.0,
      100000.0,
      100000.0,
      100000.0,
      100000.0,
      100000.0,
      100000.0,
      100000.0,
      100000.0,
      100000.0,
      100000.0,
      100000.0,
      100000.0,
      100000.0,
      100000.0,
      100000.0,
      100000.0,
      100000.0,
      100000.0,
      100000.0,
      100000.0,
      100000.0,
      100000.0,
      100000.0,
      100000.0,
      100000.0,
      100000.0,
      100000.0,
      100000.0,
      100000.0,
      100000.0,
      100000.0,
      100000.0,
      100000.0,
      100000.0,
      100000.0,
      100000.0,
      100000.0,
      100000.0
    ],
    [
      75.29,
      38.33,
      100000.0,
      27.2,
      84.39,
      100000.0,
      32.28,
      100000.0,
      100000.0,
      23.32,
      87.32,
      100000.0,
      45.18,
      71.7,
      99.57,
      100000.0,
      86.05,
      51.24,
      99.4,
      100000.0,
      56.65,
      81.0,
      100000.0,
      44.15,
      111.2,
      100000.0,
      73.39,
      78.16,
      51.48,
      57.98,
      86.98,
      91.76,
      40.61,
      36.07,
      107.8,
      102.45,
      57.78,
      62.03,
      118.26,
      116.0,
      70.8,
      66.85
    ],
    [
      55.97,
      19.31,
      100000.0,
      18.44,
      62.68,
      100000.0,
      34.67,
      100000.0,
      23.32,
      100000.0,
      69.63,
      100000.0,
      40.8,
      50.25,
      79.16,
      100000.0,
      64.66,
      31.78,
      76.22,
      100000.0,
      41.0,
      62.17,
      100000.0,
      23.09,
      88.39,
      100000.0,
      50.7,
      55.9,
      33.38,
      38.6,
      71.25,
      76.24,
      17.69,
      14.32,
      84.65,
      79.4,
      41.11,
      46.04,
      96.21,
      93.72,
      47.63,
      43.6
    ],
    [
      15.3,
      75.06,
      100000.0,
      60.37,
      25.61,
      100000.0,
      65.86,
      100000.0,
      87.32,
      69.63,
      100000.0,
      100000.0,
      52.4,
      27.31,
      20.22,
      100000.0,
      23.02,
      76.69,
      49.66,
      100000.0,
      30.89,
      92.28,
      100000.0,
      70.46,
      48.37,
      100000.0,
      64.66,
      70.46,
      36.4,
      31.26,
      9.49,
      12.04,
      55.08,
      55.73,
      53.16,
      47.76,
      29.55,
      25.55,
      44.72,
      45.18,
      43.91,
      46.52
    ],
    [
      100000.0,
      100000.0,
      100000.0,
      100000.0,
      100000.0,
      100000.0,
      100000.0,
      100000.0,
      100000.0,
      100000.0,
      100000.0,
      100000.0,
      100000.0,
      100000.0,
      100000.0,
      100000.0,
      100000.0,
      100000.0,
      100000.0,
      100000.0,
      100000.0,
      100000.0,
      100000.0,
      100000.0,
      100000.0,
      100000.0,
      100000.0,
      100000.0,
      100000.0,
      100000.0,
      100000.0,
      100000.0,
      100000.0,
      100000.0,
      100000.0,
      100000.0,
      100000.0,
      100000.0,
      100000.0,
      100000.0,
      100000.0,
      100000.0
    ],
    [
      46.52,
      58.0,
      100000.0,
      22.47,
      61.98,
      100000.0,
      14.87,
      100000.0,
      45.18,
      40.8,
      52.4,
      100000.0,
      100000.0,
      50.99,
      70.18,
      100000.0,
      62.03,
      68.01,
      85.16,
      100000.0,
      25.3,
      96.18,
      100000.0,
      58.6,
      91.71,
      100000.0,
      75.69,
      82.28,
      29.0,
      35.23,
      48.41,
      52.43,
      41.18,
      36.06,
      92.2,
      86.12,
      28.16,
      29.07,
      93.48,
      92.61,
      61.07,
      59.41
    ],
    [
      12.81,
      50.64,
      100000.0,
      47.8,
      12.73,
      100000.0,
      60.01,
      100000.0,
      71.7,
      50.25,
      27.31,
      100000.0,
      50.99,
      100000.0,
      29.41,
      100000.0,
      14.42,
      50.25,
      34.23,
      100000.0,
      26.08,
      65.19,
      100000.0,
      45.1,
      41.59,
      100000.0,
      37.8,
      43.93,
      23.26,
      16.16,
      34.41,
      38.59,
      33.11,
      36.06,
      41.23,
      35.17,
      23.09,
      24.19,
      46.67,
      44.69,
      17.03,
      19.24
    ],
    [
      24.76,
      79.83,
      100000.0,
      73.88,
      19.0,
      100000.0,
      82.46,
      100000.0,
      99.57,
      79.16,
      20.22,
      100000.0,
      70.18,
      29.41,
      100000.0,
      100000.0,
      16.03,
      78.1,
      34.66,
      100000.0,
      46.1,
      86.98,
      100000.0,
      73.98,
      29.41,
      100000.0,
      59.67,
      64.2,
      48.41,
      41.62,
      29.0,
      29.43,
      62.39,
      64.85,
      35.85,
      31.4,
      43.86,
      41.4,
      24.52,
      25.02,
      41.05,
      45.0
    ],
    [
      100000.0,
      100000.0,
      100000.0,
      100000.0,
      100000.0,
      100000.0,
      100000.0,
      100000.0,
      100000.0,
      100000.0,
      100000.0,
      100000.0,
      100000.0,
      100000.0,
      100000.0,
      100000.0,
      100000.0,
      100000.0,
      100000.0,
      100000.0,
      100000.0,
      100000.0,
      100000.0,
      100000.0,
      100000.0,
      100000.0,
      100000.0,
      100000.0,
      100000.0,
      100000.0,
      100000.0,
      100000.0,
      100000.0,
      100000.0,
      100000.0,
      100000.0,
      100000.0,
      100000.0,
      100000.0,
      100000.0,
      100000.0,
      100000.0
    ],
    [
      16.12,
      64.03,
      100000.0,
      61.62,
      3.16,
      100000.0,
      72.56,
      100000.0,
      86.05,
      64.66,
      23.02,
      100000.0,
      62.03,
      14.42,
      16.03,
      100000.0,
      100000.0,
      62.07,
      27.2,
      100000.0,
      36.77,
      72.24,
      100000.0,
      58.05,
      29.83,
      100000.0,
      44.6,
      49.66,
      36.4,
      29.21,
      32.25,
      35.0,
      47.41,
      50.48,
      32.06,
      26.17,
      34.01,
      33.24,
      32.65,
      31.06,
      25.18,
      29.02
    ],
    [
      61.39,
      13.0,
      100000.0,
      47.85,
      59.14,
      100000.0,
      65.39,
      100000.0,
      51.24,
      31.78,
      76.69,
      100000.0,
      68.01,
      50.25,
      78.1,
      100000.0,
      62.07,
      100000.0,
      61.29,
      100000.0,
      57.14,
      30.41,
      100000.0,
      9.43,
      76.06,
      100000.0,
      26.91,
      29.41,
      47.71,
      48.33,
      81.91,
      86.68,
      27.59,
      32.02,
      69.46,
      65.74,
      55.57,
      60.42,
      87.6,
      84.15,
      37.48,
      33.24
    ],
    [
      42.43,
      68.41,
      100000.0,
      79.2,
      25.5,
      100000.0,
      93.3,
      100000.0,
      99.4,
      76.22,
      49.66,
      100000.0,
      85.16,
      34.23,
      34.66,
      100000.0,
      27.2,
      61.29,
      100000.0,
      100000.0,
      60.3,
      59.01,
      100000.0,
      61.4,
      15.3,
      100000.0,
      35.74,
      37.34,
      56.75,
      50.01,
      59.09,
      61.29,
      58.82,
      63.81,
      8.49,
      5.0,
      57.31,
      58.01,
      29.02,
      25.0,
      28.6,
      32.65
    ],
    [
      100000.0,
      100000.0,
      100000.0,
      100000.0,
      100000.0,
      100000.0,
      100000.0,
      100000.0,
      100000.0,
      100000.0,
      100000.0,
      100000.0,
      100000.0,
      100000.0,
      100000.0,
      100000.0,
      100000.0,
      100000.0,
      100000.0,
      100000.0,
      100000.0,
      100000.0,
      100000.0,
      100000.0,
      100000.0,
      100000.0,
      100000.0,
      100000.0,
      100000.0,
      100000.0,
      100000.0,
      100000.0,
      100000.0,
      100000.0,
      100000.0,
      100000.0,
      100000.0,
      100000.0,
      100000.0,
      100000.0,
      100000.0,
      100000.0
    ],
    [
      21.63,
      51.26,
      100000.0,
      29.55,
      36.69,
      100000.0,
      36.4,
      100000.0,
      56.65,
      41.0,
      30.89,
      100000.0,
      25.3,
      26.08,
      46.1,
      100000.0,
      36.77,
      57.14,
      60.3,
      100000.0,
      100000.0,
      80.81,
      100000.0,
      48.76,
      66.41,
      100000.0,
      56.44,
      63.13,
      9.43,
      11.7,
      30.59,
      35.51,
      30.46,
      28.64,
      67.08,
      61.0,
      3.0,
      5.39,
      68.6,
      67.54,
      38.6,
      38.08
    ],
    [
      77.94,
      43.29,
      100000.0,
      77.49,
      69.08,
      100000.0,
      95.19,
      100000.0,
      81.0,
      62.17,
      92.28,
      100000.0,
      96.18,
      65.19,
      86.98,
      100000.0,
      72.24,
      30.41,
      59.01,
      100000.0,
      80.81,
      100000.0,
      100000.0,
      39.29,
      74.03,
      100000.0,
      27.73,
      22.8,
      71.84,
      70.01,
      99.57,
      103.77,
      55.01,
      60.42,
      65.19,
      64.01,
      78.57,
      82.73,
      88.02,
      84.01,
      48.37,
      46.04
    ],
    [
      100000.0,
      100000.0,
      100000.0,
      100000.0,
      100000.0,
      100000.0,
      100000.0,
      100000.0,
      100000.0,
      100000.0,
      100000.0,
      100000.0,
      100000.0,
      100000.0,
      100000.0,
      100000.0,
      100000.0,
      100000.0,
      100000.0,
      100000.0,
      100000.0,
      100000.0,
      100000.0,
      100000.0,
      100000.0,
      100000.0,
      100000.0,
      100000.0,
      100000.0,
      100000.0,
      100000.0,
      100000.0,
      100000.0,
      100000.0,
      100000.0,
      100000.0,
      100000.0,
      100000.0,
      100000.0,
      100000.0,
      100000.0,
      100000.0
    ],
    [
      55.23,
      7.07,
      100000.0,
      38.48,
      55.32,
      100000.0,
      56.08,
      100000.0,
      44.15,
      23.09,
      70.46,
      100000.0,
      58.6,
      45.1,
      73.98,
      100000.0,
      58.05,
      9.43,
      61.4,
      100000.0,
      48.76,
      39.29,
      100000.0,
      100000.0,
      75.47,
      100000.0,
      30.02,
      34.18,
      39.36,
      40.8,
      74.95,
      79.83,
      18.6,
      22.67,
      69.81,
      65.46,
      47.42,
      52.39,
      85.91,
      82.73,
      34.93,
      30.46
    ],
    [
      45.89,
      82.38,
      100000.0,
      89.04,
      29.73,
      100000.0,
      101.55,
      100000.0,
      111.2,
      88.39,
      48.37,
      100000.0,
      91.71,
      41.59,
      29.41,
      100000.0,
      29.83,
      76.06,
      15.3,
      100000.0,
      66.41,
      74.03,
      100000.0,
      75.47,
      100000.0,
      100000.0,
      50.96,
      52.61,
      64.85,
      57.7,
      57.71,
      58.69,
      70.72,
      75.17,
      9.49,
      10.44,
      63.57,
      63.06,
      14.56,
      10.44,
      41.23,
      45.61
    ],
    [
      100000.0,
      100000.0,
      100000.0,
      100000.0,
      100000.0,
      100000.0,
      100000.0,
      100000.0,
      100000.0,
      100000.0,
      100000.0,
      100000.0,
      100000.0,
      100000.0,
      100000.0,
      100000.0,
      100000.0,
      100000.0,
      100000.0,
      100000.0,
      100000.0,
      100000.0,
      100000.0,
      100000.0,
      100000.0,
      100000.0,
      100000.0,
      100000.0,
      100000.0,
      100000.0,
      100000.0,
      100000.0,
      100000.0,
      100000.0,
      100000.0,
      100000.0,
      100000.0,
      100000.0,
      100000.0,
      100000.0,
      100000.0,
      100000.0
    ],
    [
      50.61,
      36.89,
      100000.0,
      61.01,
      41.44,
      100000.0,
      78.23,
      100000.0,
      73.39,
      50.7,
      64.66,
      100000.0,
      75.69,
      37.8,
      59.67,
      100000.0,
      44.6,
      26.91,
      35.74,
      100000.0,
      56.44,
      27.73,
      100000.0,
      30.02,
      50.96,
      100000.0,
      100000.0,
      6.71,
      48.33,
      44.94,
      72.2,
      76.28,
      37.0,
      43.0,
      43.46,
      40.52,
      53.85,
      57.43,
      63.79,
      60.02,
      20.81,
      19.1
    ],
    [
      56.73,
      40.72,
      100000.0,
      67.12,
      46.52,
      100000.0,
      84.48,
      100000.0,
      78.16,
      55.9,
      70.46,
      100000.0,
      82.28,
      43.93,
      64.2,
      100000.0,
      49.66,
      29.41,
      37.34,
      100000.0,
      63.13,
      22.8,
      100000.0,
      34.18,
      52.61,
      100000.0,
      6.71,
      100000.0,
      55.04,
      51.62,
      78.24,
      82.2,
      43.1,
      49.09,
      44.38,
      42.3,
      60.54,
      64.07,
      66.12,
      62.2,
      26.91,
      25.61
    ],
    [
      23.85,
      42.06,
      100000.0,
      25.5,
      35.51,
      100000.0,
      36.77,
      100000.0,
      51.48,
      33.38,
      36.4,
      100000.0,
      29.0,
      23.26,
      48.41,
      100000.0,
      36.4,
      47.71,
      56.75,
      100000.0,
      9.43,
      71.84,
      100000.0,
      39.36,
      64.85,
      100000.0,
      48.33,
      55.04,
      100000.0,
      7.21,
      38.01,
      43.01,
      21.19,
      20.02,
      64.2,
      58.19,
      8.25,
      13.34,
      69.03,
      67.42,
      32.14,
      30.81
    ],
    [
      17.46,
      44.55,
      100000.0,
      32.53,
      28.3,
      100000.0,
      43.86,
      100000.0,
      57.98,
      38.6,
      31.26,
      100000.0,
      35.23,
      16.16,
      41.62,
      100000.0,
      29.21,
      48.33,
      50.01,
      100000.0,
      11.7,
      70.01,
      100000.0,
      40.8,
      57.7,
      100000.0,
      44.94,
      51.62,
      7.21,
      100000.0,
      34.37,
      39.32,
      24.02,
      24.52,
      57.28,
      51.24,
      8.94,
      12.73,
      61.85,
      60.22,
      26.93,
      26.4
    ],
    [
      21.63,
      78.92,
      100000.0,
      59.77,
      34.67,
      100000.0,
      62.68,
      100000.0,
      86.98,
      71.25,
      9.49,
      100000.0,
      48.41,
      34.41,
      29.0,
      100000.0,
      32.25,
      81.91,
      59.09,
      100000.0,
      30.59,
      99.57,
      100000.0,
      74.95,
      57.71,
      100000.0,
      72.2,
      78.24,
      38.01,
      34.37,
      100000.0,
      5.0,
      58.31,
      58.0,
      62.64,
      57.25,
      30.15,
      25.32,
      53.24,
      54.01,
      51.4,
      53.54
    ],
    [
      25.94,
      83.86,
      100000.0,
      64.56,
      37.64,
      100000.0,
      66.89,
      100000.0,
      91.76,
      76.24,
      12.04,
      100000.0,
      52.43,
      38.59,
      29.43,
      100000.0,
      35.0,
      86.68,
      61.29,
      100000.0,
      35.51,
      103.77,
      100000.0,
      79.83,
      58.69,
      100000.0,
      76.28,
      82.2,
      43.01,
      39.32,
      5.0,
      100000.0,
      63.29,
      63.0,
      64.26,
      59.09,
      35.13,
      30.27,
      53.0,
      54.15,
      55.47,
      57.8
    ],
    [
      40.45,
      20.88,
      100000.0,
      24.02,
      45.28,
      100000.0,
      41.44,
      100000.0,
      40.61,
      17.69,
      55.08,
      100000.0,
      41.18,
      33.11,
      62.39,
      100000.0,
      47.41,
      27.59,
      58.82,
      100000.0,
      30.46,
      55.01,
      100000.0,
      18.6,
      70.72,
      100000.0,
      37.0,
      43.1,
      21.19,
      24.02,
      58.31,
      63.29,
      100000.0,
      6.0,
      67.2,
      61.85,
      29.41,
      34.48,
      78.6,
      76.06,
      30.23,
      26.42
    ],
    [
      41.76,
      23.32,
      100000.0,
      18.03,
      48.6,
      100000.0,
      35.51,
      100000.0,
      36.07,
      14.32,
      55.73,
      100000.0,
      36.06,
      36.06,
      64.85,
      100000.0,
      50.48,
      32.02,
      63.81,
      100000.0,
      28.64,
      60.42,
      100000.0,
      22.67,
      75.17,
      100000.0,
      43.0,
      49.09,
      20.02,
      24.52,
      58.0,
      63.0,
      6.0,
      100000.0,
      72.11,
      66.61,
      28.16,
      33.24,
      82.33,
      79.98,
      35.36,
      31.78
    ],
    [
      48.0,
      76.84,
      100000.0,
      87.21,
      31.02,
      100000.0,
      100.9,
      100000.0,
      107.8,
      84.65,
      53.16,
      100000.0,
      92.2,
      41.23,
      35.85,
      100000.0,
      32.06,
      69.46,
      8.49,
      100000.0,
      67.08,
      65.19,
      100000.0,
      69.81,
      9.49,
      100000.0,
      43.46,
      44.38,
      64.2,
      57.28,
      62.64,
      64.26,
      67.2,
      72.11,
      100000.0,
      6.08,
      64.13,
      64.38,
      24.04,
      19.92,
      37.01,
      41.11
    ],
    [
      42.01,
      72.42,
      100000.0,
      81.41,
      25.0,
      100000.0,
      94.92,
      100000.0,
      102.45,
      79.4,
      47.76,
      100000.0,
      86.12,
      35.17,
      31.4,
      100000.0,
      26.17,
      65.74,
      5.0,
      100000.0,
      61.0,
      64.01,
      100000.0,
      65.46,
      10.44,
      100000.0,
      40.52,
      42.3,
      58.19,
      51.24,
      57.25,
      59.09,
      61.85,
      66.61,
      6.08,
      100000.0,
      58.05,
      58.31,
      24.02,
      20.0,
      31.83,
      36.07
    ],
    [
      19.21,
      50.29,
      100000.0,
      30.89,
      33.84,
      100000.0,
      38.83,
      100000.0,
      57.78,
      41.11,
      29.55,
      100000.0,
      28.16,
      23.09,
      43.86,
      100000.0,
      34.01,
      55.57,
      57.31,
      100000.0,
      3.0,
      78.57,
      100000.0,
      47.42,
      63.57,
      100000.0,
      53.85,
      60.54,
      8.25,
      8.94,
      30.15,
      35.13,
      29.41,
      28.16,
      64.13,
      58.05,
      100000.0,
      5.1,
      66.04,
      64.88,
      35.74,
      35.34
    ],
    [
      17.46,
      55.36,
      100000.0,
      34.93,
      33.54,
      100000.0,
      41.11,
      100000.0,
      62.03,
      46.04,
      25.55,
      100000.0,
      29.07,
      24.19,
      41.4,
      100000.0,
      33.24,
      60.42,
      58.01,
      100000.0,
      5.39,
      82.73,
      100000.0,
      52.39,
      63.06,
      100000.0,
      57.43,
      64.07,
      13.34,
      12.73,
      25.32,
      30.27,
      34.48,
      33.24,
      64.38,
      58.31,
      5.1,
      100000.0,
      64.41,
      63.56,
      38.48,
      38.59
    ],
    [
      47.01,
      92.57,
      100000.0,
      94.26,
      33.94,
      100000.0,
      104.85,
      100000.0,
      118.26,
      96.21,
      44.72,
      100000.0,
      93.48,
      46.67,
      24.52,
      100000.0,
      32.65,
      87.6,
      29.02,
      100000.0,
      68.6,
      88.02,
      100000.0,
      85.91,
      14.56,
      100000.0,
      63.79,
      66.12,
      69.03,
      61.85,
      53.24,
      53.0,
      78.6,
      82.33,
      24.04,
      24.02,
      66.04,
      64.41,
      100000.0,
      4.12,
      50.99,
      55.46
    ],
    [
      46.1,
      89.47,
      100000.0,
      92.46,
      32.02,
      100000.0,
      103.59,
      100000.0,
      116.0,
      93.72,
      45.18,
      100000.0,
      92.61,
      44.69,
      25.02,
      100000.0,
      31.06,
      84.15,
      25.0,
      100000.0,
      67.54,
      84.01,
      100000.0,
      82.73,
      10.44,
      100000.0,
      60.02,
      62.2,
      67.42,
      60.22,
      54.01,
      54.15,
      76.06,
      79.98,
      19.92,
      20.0,
      64.88,
      63.56,
      4.12,
      100000.0,
      47.89,
      52.35
    ],
    [
      29.83,
      41.59,
      100000.0,
      51.55,
      22.09,
      100000.0,
      66.91,
      100000.0,
      70.8,
      47.63,
      43.91,
      100000.0,
      61.07,
      17.03,
      41.05,
      100000.0,
      25.18,
      37.48,
      28.6,
      100000.0,
      38.6,
      48.37,
      100000.0,
      34.93,
      41.23,
      100000.0,
      20.81,
      26.91,
      32.14,
      26.93,
      51.4,
      55.47,
      30.23,
      35.36,
      37.01,
      31.83,
      35.74,
      38.48,
      50.99,
      47.89,
      100000.0,
      4.47
    ],
    [
      31.91,
      37.12,
      100000.0,
      48.51,
      26.0,
      100000.0,
      64.38,
      100000.0,
      66.85,
      43.6,
      46.52,
      100000.0,
      59.41,
      19.24,
      45.0,
      100000.0,
      29.02,
      33.24,
      32.65,
      100000.0,
      38.08,
      46.04,
      100000.0,
      30.46,
      45.61,
      100000.0,
      19.1,
      25.61,
      30.81,
      26.4,
      53.54,
      57.8,
      26.42,
      31.78,
      41.11,
      36.07,
      35.34,
      38.59,
      55.46,
      52.35,
      4.47,
      100000.0
    ]
  ],
  "rob_power_matrix": [
    [
      10000.0,
      10000.0,
      10000.0,
      10000.0,
      10000.0,
      10000.0,
      10000.0,
      10000.0,
      10000.0,
      10000.0,
      10000.0,
      10000.0,
      10000.0,
      10000.0,
      10000.0,
      10000.0,
      10000.0,
      10000.0,
      10000.0,
      10000.0,
      10000.0,
      10000.0,
      10000.0,
      10000.0,
      10000.0,
      10000.0,
      10000.0,
      10000.0,
      10000.0,
      10000.0,
      10000.0,
      10000.0,
      10000.0,
      10000.0,
      10000.0,
      10000.0,
      10000.0,
      10000.0,
      10000.0,
      10000.0,
      10000.0,
      10000.0
    ],
    [
      10000.0,
      10000.0,
      10000.0,
      10000.0,
      10000.0,
      10000.0,
      10000.0,
      10000.0,
      10000.0,
      10000.0,
      10000.0,
      10000.0,
      10000.0,
      10000.0,
      10000.0,
      10000.0,
      10000.0,
      10000.0,
      10000.0,
      10000.0,
      10000.0,
      10000.0,
      10000.0,
      10000.0,
      10000.0,
      10000.0,
      10000.0,
      10000.0,
      10000.0,
      10000.0,
      10000.0,
      10000.0,
      10000.0,
      10000.0,
      10000.0,
      10000.0,
      10000.0,
      10000.0,
      10000.0,
      10000.0,
      10000.0,
      10000.0
    ],
    [
      10000.0,
      10000.0,
      10000.0,
      6.307,
      4.401,
      4.438000000000001,
      8.040000000000001,
      5.714,
      7.463,
      5.2170000000000005,
      6.742000000000001,
      2.4760000000000004,
      7.816,
      4.061,
      6.210000000000001,
      4.876,
      4.7170000000000005,
      2.6910000000000003,
      3.7110000000000003,
      7.742000000000001,
      5.917000000000001,
      2.508,
      4.201,
      3.087,
      5.239000000000001,
      6.6610000000000005,
      0.28300000000000003,
      0.41200000000000003,
      5.099,
      4.771,
      7.5,
      7.906000000000001,
      3.905,
      4.5040000000000004,
      4.46,
      4.1979999999999995,
      5.66,
      6.022,
      6.5489999999999995,
      6.166,
      2.3600000000000003,
      2.193
    ],
    [
      10000.0,
      10000.0,
      6.307,
      10000.0,
      6.0440000000000005,
      8.412,
      1.772,
      3.176,
      2.72,
      1.8440000000000003,
      6.037,
      4.838000000000001,
      2.247,
      4.78,
      7.388,
      2.8280000000000003,
      6.162,
      4.785,
      7.920000000000001,
      6.264,
      2.955,
      7.749,
      2.1100000000000003,
      3.848,
      8.904000000000002,
      9.567,
      6.101,
      6.712000000000001,
      2.5500000000000003,
      3.253,
      5.977,
      6.456,
      2.402,
      1.8030000000000002,
      8.721,
      8.141,
      3.0890000000000004,
      3.4930000000000003,
      9.426,
      9.246,
      5.155,
      4.851
    ],
    [
      10000.0,
      10000.0,
      4.401,
      6.0440000000000005,
      10000.0,
      2.7070000000000003,
      7.2010000000000005,
      3.353,
      8.439,
      6.268000000000001,
      2.561,
      2.302,
      6.198,
      1.2730000000000001,
      1.9000000000000001,
      3.2450000000000006,
      0.31600000000000006,
      5.914000000000001,
      2.5500000000000003,
      3.64,
      3.669,
      6.908,
      4.771,
      5.532,
      2.9730000000000003,
      3.536,
      4.144,
      4.652,
      3.551,
      2.83,
      3.4670000000000005,
      3.7640000000000002,
      4.5280000000000005,
      4.86,
      3.1020000000000003,
      2.5,
      3.3840000000000003,
      3.354,
      3.394,
      3.2020000000000004,
      2.209,
      2.6
    ],
    [
      10000.0,
      10000.0,
      4.438000000000001,
      8.412,
      2.7070000000000003,
      10000.0,
      9.75,
      6.021000000000001,
      10.526000000000002,
      8.222,
      4.904,
      3.754,
      8.853,
      3.7640000000000002,
      3.1910000000000003,
      5.758,
      2.802,
      6.843000000000001,
      0.7280000000000001,
      5.946000000000001,
      6.335000000000001,
      6.601000000000001,
      6.7620000000000005,
      6.824,
      0.806,
      2.309,
      4.301,
      4.455,
      6.075,
      5.376,
      5.852,
      6.017,
      6.466,
      6.940000000000001,
      0.41200000000000003,
      0.28300000000000003,
      6.042000000000001,
      6.053000000000001,
      2.22,
      1.811,
      3.4659999999999997,
      3.89
    ],
    [
      10000.0,
      10000.0,
      8.040000000000001,
      1.772,
      7.2010000000000005,
      9.75,
      10000.0,
      3.941,
      3.228,
      3.4670000000000005,
      6.586,
      6.3790000000000004,
      1.487,
      6.001,
      8.246,
      3.9920000000000004,
      7.256,
      6.539000000000001,
      9.33,
      6.519,
      3.64,
      9.519,
      3.8640000000000003,
      5.6080000000000005,
      10.155000000000001,
      10.623000000000001,
      7.823,
      8.448,
      3.6770000000000005,
      4.386,
      6.268000000000001,
      6.689,
      4.144,
      3.551,
      10.090000000000002,
      9.492,
      3.883,
      4.111,
      10.485,
      10.359000000000002,
      6.691,
      6.438
    ],
    [
      10000.0,
      10000.0,
      5.714,
      3.176,
      3.353,
      6.021000000000001,
      3.941,
      10000.0,
      5.869,
      4.211,
      2.8640000000000003,
      3.362,
      2.846,
      2.302,
      4.319,
      0.9430000000000001,
      3.362,
      5.644,
      5.722,
      3.2140000000000004,
      0.31600000000000006,
      7.925000000000001,
      3.059,
      4.833,
      6.325,
      6.689,
      5.438000000000001,
      6.106000000000001,
      0.9220000000000002,
      0.9430000000000001,
      2.915,
      3.4130000000000003,
      3.036,
      2.915,
      6.3950000000000005,
      5.787,
      0.1,
      0.41200000000000003,
      6.551000000000001,
      6.441,
      3.6060000000000003,
      3.5780000000000003
    ],
    [
      10000.0,
      10000.0,
      7.463,
      2.72,
      8.439,
      10.526000000000002,
      3.228,
      5.869,
      10000.0,
      2.3320000000000003,
      8.732,
      6.78,
      4.518,
      7.170000000000001,
      9.957,
      5.385000000000001,
      8.605,
      5.1240000000000006,
      9.940000000000001,
      8.984,
      5.665,
      8.1,
      3.7640000000000002,
      4.415,
      11.120000000000001,
      11.967,
      7.339,
      7.816,
      5.148,
      5.798,
      8.698,
      9.176,
      4.061,
      3.607,
      10.780000000000001,
      10.245000000000001,
      5.7780000000000005,
      6.203,
      11.826,
      11.600000000000001,
      7.08,
      6.685
    ],
    [
      10000.0,
      10000.0,
      5.2170000000000005,
      1.8440000000000003,
      6.268000000000001,
      8.222,
      3.4670000000000005,
      4.211,
      2.3320000000000003,
      10000.0,
      6.963,
      4.469,
      4.08,
      5.025,
      7.916,
      3.4930000000000003,
      6.466,
      3.1780000000000004,
      7.622,
      7.4239999999999995,
      4.1000000000000005,
      6.2170000000000005,
      1.5,
      2.309,
      8.839,
      9.762,
      5.07,
      5.59,
      3.3380000000000005,
      3.8600000000000003,
      7.125,
      7.624,
      1.7690000000000001,
      1.4320000000000002,
      8.465000000000002,
      7.940000000000001,
      4.111,
      4.604,
      9.621,
      9.372,
      4.763000000000001,
      4.36
    ],
    [
      10000.0,
      10000.0,
      6.742000000000001,
      6.037,
      2.561,
      4.904,
      6.586,
      2.8640000000000003,
      8.732,
      6.963,
      10000.0,
      4.338,
      5.24,
      2.731,
      2.022,
      3.471,
      2.302,
      7.6690000000000005,
      4.966,
      1.082,
      3.0890000000000004,
      9.228,
      5.632000000000001,
      7.045999999999999,
      4.837,
      4.589,
      6.466,
      7.045999999999999,
      3.64,
      3.1260000000000003,
      0.9490000000000001,
      1.204,
      5.508,
      5.573,
      5.316,
      4.776,
      2.955,
      2.555,
      4.472,
      4.518,
      4.391,
      4.652
    ],
    [
      10000.0,
      10000.0,
      2.4760000000000004,
      4.838000000000001,
      2.302,
      3.754,
      6.3790000000000004,
      3.362,
      6.78,
      4.469,
      4.338,
      10000.0,
      5.814,
      1.612,
      4.201,
      2.648,
      2.6,
      3.612,
      3.1620000000000004,
      5.300000000000001,
      3.6060000000000003,
      4.909000000000001,
      3.023,
      3.289,
      4.393,
      5.4590000000000005,
      2.193,
      2.8320000000000003,
      2.927,
      2.4350000000000005,
      5.048,
      5.471,
      2.72,
      3.225,
      4.0,
      3.471,
      3.3240000000000003,
      3.6240000000000006,
      5.324000000000001,
      5.025,
      0.31600000000000006,
      0.31600000000000006
    ],
    [
      10000.0,
      10000.0,
      7.816,
      2.247,
      6.198,
      8.853,
      1.487,
      2.846,
      4.518,
      4.08,
      5.24,
      5.814,
      10000.0,
      5.099,
      7.018000000000001,
      3.2020000000000004,
      6.203,
      6.801000000000001,
      8.516,
      5.08,
      2.5300000000000002,
      9.618000000000002,
      3.912,
      5.86,
      9.171,
      9.483,
      7.569,
      8.228,
      2.9000000000000004,
      3.5229999999999997,
      4.841,
      5.243,
      4.118,
      3.6060000000000003,
      9.22,
      8.612,
      2.8160000000000003,
      2.907,
      9.348,
      9.261000000000001,
      6.107,
      5.941
    ],
    [
      10000.0,
      10000.0,
      4.061,
      4.78,
      1.2730000000000001,
      3.7640000000000002,
      6.001,
      2.302,
      7.170000000000001,
      5.025,
      2.731,
      1.612,
      5.099,
      10000.0,
      2.9410000000000003,
      2.012,
      1.4420000000000002,
      5.025,
      3.423,
      3.689,
      2.608,
      6.519,
      3.536,
      4.510000000000001,
      4.159000000000001,
      4.808,
      3.78,
      4.393,
      2.326,
      1.616,
      3.441,
      3.8590000000000004,
      3.311,
      3.6060000000000003,
      4.123,
      3.5170000000000003,
      2.309,
      2.4190000000000005,
      4.667000000000001,
      4.469,
      1.7030000000000003,
      1.924
    ],
    [
      10000.0,
      10000.0,
      6.210000000000001,
      7.388,
      1.9000000000000001,
      3.1910000000000003,
      8.246,
      4.319,
      9.957,
      7.916,
      2.022,
      4.201,
      7.018000000000001,
      2.9410000000000003,
      10000.0,
      4.58,
      1.6030000000000002,
      7.81,
      3.4659999999999997,
      2.915,
      4.61,
      8.698,
      6.447,
      7.398000000000001,
      2.9410000000000003,
      2.571,
      5.9670000000000005,
      6.420000000000001,
      4.841,
      4.162,
      2.9000000000000004,
      2.943,
      6.239000000000001,
      6.484999999999999,
      3.5850000000000004,
      3.14,
      4.386,
      4.14,
      2.452,
      2.5020000000000002,
      4.1049999999999995,
      4.5
    ],
    [
      10000.0,
      10000.0,
      4.876,
      2.8280000000000003,
      3.2450000000000006,
      5.758,
      3.9920000000000004,
      0.9430000000000001,
      5.385000000000001,
      3.4930000000000003,
      3.471,
      2.648,
      3.2020000000000004,
      2.012,
      4.58,
      10000.0,
      3.3420000000000005,
      4.701,
      5.36,
      4.005,
      1.0630000000000002,
      7.018000000000001,
      2.202,
      3.9000000000000004,
      6.172000000000001,
      6.748000000000001,
      4.607,
      5.277000000000001,
      0.31600000000000006,
      0.42400000000000004,
      3.705,
      4.205,
      2.138,
      2.1100000000000003,
      6.103000000000001,
      5.503,
      0.86,
      1.342,
      6.606999999999999,
      6.440000000000001,
