{
  "name": "M-d2-n7-k1-p2",
  "V_coordinates": [
    [
      73,
      50
    ],
    [
      13,
      50
    ],
    [
      62,
      65
    ],
    [
      94,
      62
    ],
    [
      8,
      88
    ],
    [
      8,
      7
    ],
    [
      31,
      17
    ],
    [
      20,
      68
    ],
    [
      18,
      45
    ],
    [
      34,
      80
    ],
    [
      39,
      97
    ],
    [
      54,
      60
    ],
    [
      88,
      53
    ],
    [
      82,
      5
    ],
    [
      13,
      37
    ],
    [
      67,
      8
    ],
    [
      43,
      96
    ],
    [
      35,
      96
    ],
    [
      65,
      64
    ],
    [
      60,
      68
    ],
    [
      88,
      48
    ],
    [
      90,
      52
    ],
    [
      12,
      5
    ],
    [
      11,
      9
    ]
  ],
  "V": [
    0,
    1,
    2,
    3,
    4,
    5,
    6,
    7,
    8,
    9,
    10,
    11,
    12,
    13,
    14,
    15,
    16,
    17,
    18,
    19,
    20,
    21,
    22,
    23
  ],
  "VD": [
    0,
    1
  ],
  "VC": [
    2,
    3,
    4,
    5,
    6,
    7,
    8,
    9,
    10,
    11,
    12,
    13,
    14,
    15
  ],
  "VP": [
    16,
    17,
    18,
    19,
    20,
    21,
    22,
    23
  ],
  "VC1": [
    3,
    4,
    6,
    7,
    8,
    9,
    11,
    13,
    14,
    15
  ],
  "VC2": [
    10,
    2,
    12,
    5
  ],
  "demand": [
    0,
    0,
    19,
    13,
    20,
    26,
    23,
    26,
    16,
    19,
    19,
    28,
    25,
    26,
    22,
    28,
    0,
    0,
    0,
    0,
    0,
    0,
    0,
    0
  ],
  "service_time": [
    0,
    0,
    10,
    17,
    13,
    16,
    16,
    20,
    12,
    15,
    18,
    20,
    15,
    11,
    17,
    20,
    0,
    0,
    0,
    0,
    0,
    0,
    0,
    0
  ],
  "K": [
    0,
    1
  ],
  "veh_dist_matrix": [
    [
      100000.0,
      60.0,
      100000.0,
      24.19,
      75.29,
      100000.0,
      53.41,
      55.97,
      55.23,
      49.2,
      100000.0,
      21.47,
      100000.0,
      45.89,
      61.39,
      42.43,
      54.92,
      59.67,
      16.12,
      22.2,
      15.13,
      17.12,
      75.8,
      74.33
    ],
    [
      60.0,
      100000.0,
      100000.0,
      81.88,
      38.33,
      100000.0,
      37.59,
      19.31,
      7.07,
      36.62,
      100000.0,
      42.2,
      100000.0,
      82.38,
      13.0,
      68.41,
      54.92,
      50.99,
      53.85,
      50.33,
      75.03,
      77.03,
      45.01,
      41.05
    ],
    [
      100000.0,
      100000.0,
      100000.0,
      100000.0,
      100000.0,
      100000.0,
      100000.0,
      100000.0,
      100000.0,
      100000.0,
      100000.0,
      100000.0,
      100000.0,
      100000.0,
      100000.0,
      100000.0,
      100000.0,
      100000.0,
      100000.0,
      100000.0,
      100000.0,
      100000.0,
      100000.0,
      100000.0
    ],
    [
      24.19,
      81.88,
      100000.0,
      100000.0,
      89.84,
      100000.0,
      77.42,
      74.24,
      77.88,
      62.64,
      100000.0,
      40.05,
      100000.0,
      58.25,
      84.77,
      60.37,
      61.29,
      68.1,
      29.07,
      34.53,
      15.23,
      10.77,
      99.86,
      98.48
    ],
    [
      75.29,
      38.33,
      100000.0,
      89.84,
      100000.0,
      100000.0,
      74.63,
      23.32,
      44.15,
      27.2,
      100000.0,
      53.85,
      100000.0,
      111.2,
      51.24,
      99.4,
      35.9,
      28.16,
      61.85,
      55.71,
      89.44,
      89.55,
      83.1,
      79.06
    ],
    [
      100000.0,
      100000.0,
      100000.0,
      100000.0,
      100000.0,
      100000.0,
      100000.0,
      100000.0,
      100000.0,
      100000.0,
      100000.0,
      100000.0,
      100000.0,
      100000.0,
      100000.0,
      100000.0,
      100000.0,
      100000.0,
      100000.0,
      100000.0,
      100000.0,
      100000.0,
      100000.0,
      100000.0
    ],
    [
      53.41,
      37.59,
      100000.0,
      77.42,
      74.63,
      100000.0,
      100000.0,
      52.17,
      30.87,
      63.07,
      100000.0,
      48.76,
      100000.0,
      52.39,
      26.91,
      37.11,
      79.91,
      79.1,
      58.01,
      58.67,
      64.88,
      68.6,
      22.47,
      21.54
    ],
    [
      55.97,
      19.31,
      100000.0,
      74.24,
      23.32,
      100000.0,
      52.17,
      100000.0,
      23.09,
      18.44,
      100000.0,
      34.93,
      100000.0,
      88.39,
      31.78,
      76.22,
      36.24,
      31.76,
      45.18,
      40.0,
      70.88,
      71.81,
      63.51,
      59.68
    ],
    [
      55.23,
      7.07,
      100000.0,
      77.88,
      44.15,
      100000.0,
      30.87,
      23.09,
      100000.0,
      38.48,
      100000.0,
      39.0,
      100000.0,
      75.47,
      9.43,
      61.4,
      56.8,
      53.76,
      50.7,
      47.89,
      70.06,
      72.34,
      40.45,
      36.67
    ],
    [
      49.2,
      36.62,
      100000.0,
      62.64,
      27.2,
      100000.0,
      63.07,
      18.44,
      38.48,
      100000.0,
      100000.0,
      28.28,
      100000.0,
      89.04,
      47.85,
      79.2,
      18.36,
      16.03,
      34.89,
      28.64,
      62.77,
      62.61,
      78.16,
      74.63
    ],
    [
      100000.0,
      100000.0,
      100000.0,
      100000.0,
      100000.0,
      100000.0,
      100000.0,
      100000.0,
      100000.0,
      100000.0,
      100000.0,
      100000.0,
      100000.0,
      100000.0,
      100000.0,
      100000.0,
      100000.0,
      100000.0,
      100000.0,
      100000.0,
      100000.0,
      100000.0,
      100000.0,
      100000.0
    ],
    [
      21.47,
      42.2,
      100000.0,
      40.05,
      53.85,
      100000.0,
      48.76,
      34.93,
      39.0,
      28.28,
      100000.0,
      100000.0,
      100000.0,
      61.72,
      47.01,
      53.6,
      37.64,
      40.71,
      11.7,
      10.0,
      36.06,
      36.88,
      69.2,
      66.71
    ],
    [
      100000.0,
      100000.0,
      100000.0,
      100000.0,
      100000.0,
      100000.0,
      100000.0,
      100000.0,
      100000.0,
      100000.0,
      100000.0,
      100000.0,
      100000.0,
      100000.0,
      100000.0,
      100000.0,
      100000.0,
      100000.0,
      100000.0,
      100000.0,
      100000.0,
      100000.0,
      100000.0,
      100000.0
    ],
    [
      45.89,
      82.38,
      100000.0,
      58.25,
      111.2,
      100000.0,
      52.39,
      88.39,
      75.47,
      89.04,
      100000.0,
      61.72,
      100000.0,
      100000.0,
      76.06,
      15.3,
      99.01,
      102.42,
      61.4,
      66.73,
      43.42,
      47.68,
      70.0,
      71.11
    ],
    [
      61.39,
      13.0,
      100000.0,
      84.77,
      51.24,
      100000.0,
      26.91,
      31.78,
      9.43,
      47.85,
      100000.0,
      47.01,
      100000.0,
      76.06,
      100000.0,
      61.29,
      66.19,
      62.97,
      58.59,
      56.3,
      75.8,
      78.45,
      32.02,
      28.07
    ],
    [
      42.43,
      68.41,
      100000.0,
      60.37,
      99.4,
      100000.0,
      37.11,
      76.22,
      61.4,
      79.2,
      100000.0,
      53.6,
      100000.0,
      15.3,
      61.29,
      100000.0,
      91.21,
      93.64,
      56.04,
      60.41,
      45.18,
      49.65,
      55.08,
      56.01
    ],
    [
      54.92,
      54.92,
      100000.0,
      61.29,
      35.9,
      100000.0,
      79.91,
      36.24,
      56.8,
      18.36,
      100000.0,
      37.64,
      100000.0,
      99.01,
      66.19,
      91.21,
      100000.0,
      8.0,
      38.83,
      32.76,
      65.8,
      64.38,
      96.14,
      92.7
    ],
    [
      59.67,
      50.99,
      100000.0,
      68.1,
      28.16,
      100000.0,
      79.1,
      31.76,
      53.76,
      16.03,
      100000.0,
      40.71,
      100000.0,
      102.42,
      62.97,
      93.64,
      8.0,
      100000.0,
      43.86,
      37.54,
      71.51,
      70.43,
      93.86,
      90.25
    ],
    [
      16.12,
      53.85,
      100000.0,
      29.07,
      61.85,
      100000.0,
      58.01,
      45.18,
      50.7,
      34.89,
      100000.0,
      11.7,
      100000.0,
      61.4,
      58.59,
      56.04,
      38.83,
      43.86,
      100000.0,
      6.4,
      28.02,
      27.73,
      79.31,
      77.08
    ],
    [
      22.2,
      50.33,
      100000.0,
      34.53,
      55.71,
      100000.0,
      58.67,
      40.0,
      47.89,
      28.64,
      100000.0,
      10.0,
      100000.0,
      66.73,
      56.3,
      60.41,
      32.76,
      37.54,
      6.4,
      100000.0,
      34.41,
      34.0,
      79.2,
      76.69
    ],
    [
      15.13,
      75.03,
      100000.0,
      15.23,
      89.44,
      100000.0,
      64.88,
      70.88,
      70.06,
      62.77,
      100000.0,
      36.06,
      100000.0,
      43.42,
      75.8,
      45.18,
      65.8,
      71.51,
      28.02,
      34.41,
      100000.0,
      4.47,
      87.32,
      86.31
    ],
    [
      17.12,
      77.03,
      100000.0,
      10.77,
      89.55,
      100000.0,
      68.6,
      71.81,
      72.34,
      62.61,
      100000.0,
      36.88,
      100000.0,
      47.68,
      78.45,
      49.65,
      64.38,
      70.43,
      27.73,
      34.0,
      4.47,
      100000.0,
      91.07,
      89.94
    ],
    [
      75.8,
      45.01,
      100000.0,
      99.86,
      83.1,
      100000.0,
      22.47,
      63.51,
      40.45,
      78.16,
      100000.0,
      69.2,
      100000.0,
      70.0,
      32.02,
      55.08,
      96.14,
      93.86,
      79.31,
      79.2,
      87.32,
      91.07,
      100000.0,
      4.12
    ],
    [
      74.33,
      41.05,
      100000.0,
      98.48,
      79.06,
      100000.0,
      21.54,
      59.68,
      36.67,
      74.63,
      100000.0,
      66.71,
      100000.0,
      71.11,
      28.07,
      56.01,
      92.7,
      90.25,
      77.08,
      76.69,
      86.31,
      89.94,
      4.12,
      100000.0
    ]
  ],
  "rob_power_matrix": [
    [
      10000.0,
      10000.0,
      10000.0,
      10000.0,
      10000.0,
      10000.0,
      10000.0,
      10000.0,
      10000.0,
      10000.0,
      10000.0,
      10000.0,
      10000.0,
      10000.0,
      10000.0,
      10000.0,
      10000.0,
      10000.0,
      10000.0,
      10000.0,
      10000.0,
      10000.0,
      10000.0,
      10000.0
    ],
    [
      10000.0,
      10000.0,
      10000.0,
      10000.0,
      10000.0,
      10000.0,
      10000.0,
      10000.0,
      10000.0,
      10000.0,
      10000.0,
      10000.0,
      10000.0,
      10000.0,
      10000.0,
      10000.0,
      10000.0,
      10000.0,
      10000.0,
      10000.0,
      10000.0,
      10000.0,
      10000.0,
      10000.0
    ],
    [
      10000.0,
      10000.0,
      10000.0,
      3.2140000000000004,
      5.869,
      7.925000000000001,
      5.714,
      4.211,
      4.833,
      3.176,
      3.941,
      0.9430000000000001,
      2.8640000000000003,
      6.325,
      5.644,
      5.722,
      3.636,
      4.111,
      0.31600000000000006,
      0.361,
      3.106,
      3.087,
      7.81,
      7.574
    ],
    [
      10000.0,
      10000.0,
      3.2140000000000004,
      10000.0,
      8.984,
      10.208,
      7.742000000000001,
      7.4239999999999995,
      7.788,
      6.264,
      6.519,
      4.005,
      1.082,
      5.825,
      8.477,
      6.037,
      6.1290000000000004,
      6.81,
      2.907,
      3.4530000000000003,
      1.5230000000000001,
      1.077,
      9.986,
      9.848
    ],
    [
      10000.0,
      10000.0,
      5.869,
      8.984,
      10000.0,
      8.1,
      7.463,
      2.3320000000000003,
      4.415,
      2.72,
      3.228,
      5.385000000000001,
      8.732,
      11.120000000000001,
      5.1240000000000006,
      9.940000000000001,
      3.59,
      2.8160000000000003,
      6.1850000000000005,
      5.571000000000001,
      8.944,
      8.955,
      8.31,
      7.906000000000001
    ],
    [
      10000.0,
      10000.0,
      7.925000000000001,
      10.208,
      8.1,
      10000.0,
      2.508,
      6.2170000000000005,
      3.9290000000000003,
      7.749,
      9.519,
      7.018000000000001,
      9.228,
      7.4030000000000005,
      3.0410000000000004,
      5.901,
      9.563,
      9.301,
      8.061,
      8.016,
      8.989,
      9.354000000000001,
      0.447,
      0.361
    ],
    [
      10000.0,
      10000.0,
      5.714,
      7.742000000000001,
      7.463,
      2.508,
      10000.0,
      5.2170000000000005,
      3.087,
      6.307,
      8.040000000000001,
      4.876,
      6.742000000000001,
      5.239000000000001,
      2.6910000000000003,
      3.7110000000000003,
      7.991,
      7.91,
      5.801,
      5.867000000000001,
      6.4879999999999995,
      6.859999999999999,
      2.247,
      2.154
    ],
    [
      10000.0,
      10000.0,
      4.211,
      7.4239999999999995,
      2.3320000000000003,
      6.2170000000000005,
      5.2170000000000005,
      10000.0,
      2.309,
      1.8440000000000003,
      3.4670000000000005,
      3.4930000000000003,
      6.963,
      8.839,
      3.1780000000000004,
      7.622,
      3.6240000000000006,
      3.176,
      4.518,
      4.0,
      7.088,
      7.181000000000001,
      6.351,
      5.968
    ],
    [
      10000.0,
      10000.0,
      4.833,
      7.788,
      4.415,
      3.9290000000000003,
      3.087,
      2.309,
      10000.0,
      3.848,
      5.6080000000000005,
      3.9000000000000004,
      7.045999999999999,
      7.547000000000001,
      0.9430000000000001,
      6.140000000000001,
      5.68,
      5.376,
      5.07,
      4.789000000000001,
      7.006,
      7.234000000000001,
      4.045000000000001,
      3.6670000000000003
    ],
    [
      10000.0,
      10000.0,
      3.176,
      6.264,
      2.72,
      7.749,
      6.307,
      1.8440000000000003,
      3.848,
      10000.0,
      1.772,
      2.8280000000000003,
      6.037,
      8.904000000000002,
      4.785,
      7.920000000000001,
      1.836,
      1.6030000000000002,
      3.4890000000000003,
      2.8640000000000003,
      6.277000000000001,
      6.261,
      7.816,
      7.463
    ],
    [
      10000.0,
      10000.0,
      3.941,
      6.519,
      3.228,
      9.519,
      8.040000000000001,
      3.4670000000000005,
      5.6080000000000005,
      1.772,
      10000.0,
      3.9920000000000004,
      6.586,
      10.155000000000001,
      6.539000000000001,
      9.33,
      0.41200000000000003,
      0.41200000000000003,
      4.201,
      3.5810000000000004,
      6.93,
      6.801000000000001,
      9.588,
      9.235
    ],
    [
      10000.0,
      10000.0,
      0.9430000000000001,
      4.005,
      5.385000000000001,
      7.018000000000001,
      4.876,
      3.4930000000000003,
      3.9000000000000004,
      2.8280000000000003,
      3.9920000000000004,
      10000.0,
      3.471,
      6.172000000000001,
      4.701,
      5.36,
      3.7640000000000002,
      4.071000000000001,
      1.17,
      1.0,
      3.6060000000000003,
      3.6880000000000006,
      6.920000000000001,
      6.670999999999999
    ],
    [
      10000.0,
      10000.0,
      2.8640000000000003,
      1.082,
      8.732,
      9.228,
      6.742000000000001,
      6.963,
      7.045999999999999,
      6.037,
      6.586,
      3.471,
      10000.0,
      4.837,
      7.6690000000000005,
      4.966,
      6.224,
      6.825,
      2.5500000000000003,
      3.176,
      0.5,
      0.22400000000000003,
      8.989,
      8.868
    ],
    [
      10000.0,
      10000.0,
      6.325,
      5.825,
      11.120000000000001,
      7.4030000000000005,
      5.239000000000001,
      8.839,
      7.547000000000001,
      8.904000000000002,
      10.155000000000001,
      6.172000000000001,
      4.837,
      10000.0,
      7.606000000000001,
      1.5300000000000002,
      9.901000000000002,
      10.242,
      6.140000000000001,
      6.673000000000001,
      4.3420000000000005,
      4.768,
      7.0,
      7.111000000000001
    ],
    [
      10000.0,
      10000.0,
      5.644,
      8.477,
      5.1240000000000006,
      3.0410000000000004,
      2.6910000000000003,
      3.1780000000000004,
      0.9430000000000001,
      4.785,
      6.539000000000001,
      4.701,
      7.6690000000000005,
      7.606000000000001,
      10000.0,
      6.1290000000000004,
      6.619,
      6.297000000000001,
      5.859000000000001,
      5.63,
      7.58,
      7.845000000000001,
      3.2020000000000004,
      2.8070000000000004
    ],
    [
      10000.0,
      10000.0,
      5.722,
      6.037,
      9.940000000000001,
      5.901,
      3.7110000000000003,
      7.622,
      6.140000000000001,
      7.920000000000001,
      9.33,
      5.36,
      4.966,
      1.5300000000000002,
      6.1290000000000004,
      10000.0,
      9.121,
      9.364,
      5.604,
      6.041,
      4.518,
      4.965,
      5.508,
      5.601
    ],
    [
      10000.0,
      10000.0,
      3.636,
      6.1290000000000004,
      3.59,
      9.563,
      7.991,
      3.6240000000000006,
      5.68,
      1.836,
      0.41200000000000003,
      3.7640000000000002,
      6.224,
      9.901000000000002,
      6.619,
      9.121,
      10000.0,
      0.8,
      3.883,
      3.276,
      6.58,
      6.438,
      9.614,
      9.270000000000001
    ],
    [
      10000.0,
      10000.0,
      4.111,
      6.81,
      2.8160000000000003,
      9.301,
      7.91,
      3.176,
      5.376,
      1.6030000000000002,
      0.41200000000000003,
      4.071000000000001,
      6.825,
      10.242,
      6.297000000000001,
      9.364,
      0.8,
      10000.0,
      4.386,
      3.754,
      7.151000000000001,
      7.043000000000001,
      9.386000000000001,
      9.025
    ],
    [
      10000.0,
      10000.0,
      0.31600000000000006,
      2.907,
      6.1850000000000005,
      8.061,
      5.801,
      4.518,
      5.07,
      3.4890000000000003,
      4.201,
      1.17,
      2.5500000000000003,
      6.140000000000001,
      5.859000000000001,
      5.604,
      3.883,
      4.386,
      10000.0,
      0.6400000000000001,
      2.802,
      2.773,
      7.931000000000001,
      7.708
    ],
    [
      10000.0,
      10000.0,
      0.361,
      3.4530000000000003,
      5.571000000000001,
      8.016,
      5.867000000000001,
      4.0,
      4.789000000000001,
      2.8640000000000003,
      3.5810000000000004,
      1.0,
      3.176,
      6.673000000000001,
      5.63,
      6.041,
      3.276,
      3.754,
      0.6400000000000001,
      10000.0,
      3.441,
      3.4000000000000004,
      7.920000000000001,
      7.6690000000000005
    ],
    [
      10000.0,
      10000.0,
      3.106,
      1.5230000000000001,
      8.944,
      8.989,
      6.4879999999999995,
      7.088,
      7.006,
      6.277000000000001,
      6.93,
      3.6060000000000003,
      0.5,
      4.3420000000000005,
      7.58,
      4.518,
      6.58,
      7.151000000000001,
      2.802,
      3.441,
      10000.0,
      0.447,
      8.732,
      8.631
    ],
    [
      10000.0,
      10000.0,
      3.087,
      1.077,
      8.955,
      9.354000000000001,
      6.859999999999999,
      7.181000000000001,
      7.234000000000001,
      6.261,
      6.801000000000001,
      3.6880000000000006,
      0.22400000000000003,
      4.768,
      7.845000000000001,
      4.965,
      6.438,
      7.043000000000001,
      2.773,
      3.4000000000000004,
      0.447,
      10000.0,
      9.107,
      8.994
    ],
    [
      10000.0,
      10000.0,
      7.81,
      9.986,
      8.31,
      0.447,
      2.247,
      6.351,
      4.045000000000001,
      7.816,
      9.588,
      6.920000000000001,
      8.989,
      7.0,
      3.2020000000000004,
      5.508,
      9.614,
      9.386000000000001,
      7.931000000000001,
      7.920000000000001,
      8.732,
      9.107,
      10000.0,
      0.41200000000000003
    ],
    [
      10000.0,
      10000.0,
      7.574,
      9.848,
      7.906000000000001,
      0.361,
      2.154,
      5.968,
      3.6670000000000003,
      7.463,
      9.235,
      6.670999999999999,
      8.868,
      7.111000000000001,
      2.8070000000000004,
      5.601,
      9.270000000000001,
      9.025,
      7.708,
      7.6690000000000005,
      8.631,
      8.994,
      0.41200000000000003,
      10000.0
    ]
  ],
  "vehicle_cost_matrix": [
    [
      100000.0,
      120.0,
      100000.0,
      48.38,
      150.58,
      100000.0,
      106.82,
      111.94,
      110.46,
      98.4,
      100000.0,
      42.94,
      100000.0,
      91.78,
      122.78,
      84.86,
      109.84,
      119.34,
      32.24,
      44.4,
      30.26,
      34.24,
      151.6,
      148.66
    ],
    [
      120.0,
      100000.0,
      100000.0,
      163.76,
      76.66,
      100000.0,
      75.18,
      38.62,
      14.14,
      73.24,
      100000.0,
      84.4,
      100000.0,
      164.76,
      26.0,
      136.82,
      109.84,
      101.98,
      107.7,
      100.66,
      150.06,
      154.06,
      90.02,
      82.1
    ],
    [
      100000.0,
      100000.0,
      100000.0,
      100000.0,
      100000.0,
      100000.0,
      100000.0,
      100000.0,
      100000.0,
      100000.0,
      100000.0,
      100000.0,
      100000.0,
      100000.0,
      100000.0,
      100000.0,
      100000.0,
      100000.0,
      100000.0,
      100000.0,
      100000.0,
      100000.0,
      100000.0,
      100000.0
    ],
    [
      48.38,
      163.76,
      100000.0,
      100000.0,
      179.68,
      100000.0,
      154.84,
      148.48,
      155.76,
      125.28,
      100000.0,
      80.1,
      100000.0,
      116.5,
      169.54,
      120.74,
      122.58,
      136.2,
      58.14,
      69.06,
      30.46,
      21.54,
      199.72,
      196.96
    ],
    [
      150.58,
      76.66,
      100000.0,
      179.68,
      100000.0,
      100000.0,
      149.26,
      46.64,
      88.3,
      54.4,
      100000.0,
      107.7,
      100000.0,
      222.4,
      102.48,
      198.8,
      71.8,
      56.32,
      123.7,
      111.42,
      178.88,
      179.1,
      166.2,
      158.12
    ],
    [
      100000.0,
      100000.0,
      100000.0,
      100000.0,
      100000.0,
      100000.0,
      100000.0,
      100000.0,
      100000.0,
      100000.0,
      100000.0,
      100000.0,
      100000.0,
      100000.0,
      100000.0,
      100000.0,
      100000.0,
      100000.0,
      100000.0,
      100000.0,
      100000.0,
      100000.0,
      100000.0,
      100000.0
    ],
    [
      106.82,
      75.18,
      100000.0,
      154.84,
      149.26,
      100000.0,
      100000.0,
      104.34,
      61.74,
      126.14,
      100000.0,
      97.52,
      100000.0,
      104.78,
      53.82,
      74.22,
      159.82,
      158.2,
      116.02,
      117.34,
      129.76,
      137.2,
      44.94,
      43.08
    ],
    [
      111.94,
      38.62,
      100000.0,
      148.48,
      46.64,
      100000.0,
      104.34,
      100000.0,
      46.18,
      36.88,
      100000.0,
      69.86,
      100000.0,
      176.78,
      63.56,
      152.44,
      72.48,
      63.52,
      90.36,
      80.0,
      141.76,
      143.62,
      127.02,
      119.36
    ],
    [
      110.46,
      14.14,
      100000.0,
      155.76,
      88.3,
      100000.0,
      61.74,
      46.18,
      100000.0,
      76.96,
      100000.0,
      78.0,
      100000.0,
      150.94,
      18.86,
      122.8,
      113.6,
      107.52,
      101.4,
      95.78,
      140.12,
      144.68,
      80.9,
      73.34
    ],
    [
      98.4,
      73.24,
      100000.0,
      125.28,
      54.4,
      100000.0,
      126.14,
      36.88,
      76.96,
      100000.0,
      100000.0,
      56.56,
      100000.0,
      178.08,
      95.7,
      158.4,
      36.72,
      32.06,
      69.78,
      57.28,
      125.54,
      125.22,
      156.32,
      149.26
    ],
    [
      100000.0,
      100000.0,
      100000.0,
      100000.0,
      100000.0,
      100000.0,
      100000.0,
      100000.0,
      100000.0,
      100000.0,
      100000.0,
      100000.0,
      100000.0,
      100000.0,
      100000.0,
      100000.0,
      100000.0,
      100000.0,
      100000.0,
      100000.0,
      100000.0,
      100000.0,
      100000.0,
      100000.0
    ],
    [
      42.94,
      84.4,
      100000.0,
      80.1,
      107.7,
      100000.0,
      97.52,
      69.86,
      78.0,
      56.56,
      100000.0,
      100000.0,
      100000.0,
      123.44,
      94.02,
      107.2,
      75.28,
      81.42,
      23.4,
      20.0,
      72.12,
      73.76,
      138.4,
      133.42
    ],
    [
      100000.0,
      100000.0,
      100000.0,
      100000.0,
      100000.0,
      100000.0,
      100000.0,
      100000.0,
      100000.0,
      100000.0,
      100000.0,
      100000.0,
      100000.0,
      100000.0,
      100000.0,
      100000.0,
      100000.0,
      100000.0,
      100000.0,
      100000.0,
      100000.0,
      100000.0,
      100000.0,
      100000.0
    ],
    [
      91.78,
      164.76,
      100000.0,
      116.5,
      222.4,
      100000.0,
      104.78,
      176.78,
      150.94,
      178.08,
      100000.0,
      123.44,
      100000.0,
      100000.0,
      152.12,
      30.6,
      198.02,
      204.84,
      122.8,
      133.46,
      86.84,
      95.36,
      140.0,
      142.22
    ],
    [
      122.78,
      26.0,
      100000.0,
      169.54,
      102.48,
      100000.0,
      53.82,
      63.56,
      18.86,
      95.7,
      100000.0,
      94.02,
      100000.0,
      152.12,
      100000.0,
      122.58,
      132.38,
      125.94,
      117.18,
      112.6,
      151.6,
      156.9,
      64.04,
      56.14
    ],
    [
      84.86,
      136.82,
      100000.0,
      120.74,
      198.8,
      100000.0,
      74.22,
      152.44,
      122.8,
      158.4,
      100000.0,
      107.2,
      100000.0,
      30.6,
      122.58,
      100000.0,
      182.42,
      187.28,
      112.08,
      120.82,
      90.36,
      99.3,
      110.16,
      112.02
    ],
    [
      109.84,
      109.84,
      100000.0,
      122.58,
      71.8,
      100000.0,
      159.82,
      72.48,
      113.6,
      36.72,
      100000.0,
      75.28,
      100000.0,
      198.02,
      132.38,
      182.42,
      100000.0,
      16.0,
      77.66,
      65.52,
      131.6,
      128.76,
      192.28,
      185.4
    ],
    [
      119.34,
      101.98,
      100000.0,
      136.2,
      56.32,
      100000.0,
      158.2,
      63.52,
      107.52,
      32.06,
      100000.0,
      81.42,
      100000.0,
      204.84,
      125.94,
      187.28,
      16.0,
      100000.0,
      87.72,
      75.08,
      143.02,
      140.86,
      187.72,
      180.5
    ],
    [
      32.24,
      107.7,
      100000.0,
      58.14,
      123.7,
      100000.0,
      116.02,
      90.36,
      101.4,
      69.78,
      100000.0,
      23.4,
      100000.0,
      122.8,
      117.18,
      112.08,
      77.66,
      87.72,
      100000.0,
      12.8,
      56.04,
      55.46,
      158.62,
      154.16
    ],
    [
      44.4,
      100.66,
      100000.0,
      69.06,
      111.42,
      100000.0,
      117.34,
      80.0,
      95.78,
      57.28,
      100000.0,
      20.0,
      100000.0,
      133.46,
      112.6,
      120.82,
      65.52,
      75.08,
      12.8,
      100000.0,
      68.82,
      68.0,
      158.4,
      153.38
    ],
    [
      30.26,
      150.06,
      100000.0,
      30.46,
      178.88,
      100000.0,
      129.76,
      141.76,
      140.12,
      125.54,
      100000.0,
      72.12,
      100000.0,
      86.84,
      151.6,
      90.36,
      131.6,
      143.02,
      56.04,
      68.82,
      100000.0,
      8.94,
      174.64,
      172.62
    ],
    [
      34.24,
      154.06,
      100000.0,
      21.54,
      179.1,
      100000.0,
      137.2,
      143.62,
      144.68,
      125.22,
      100000.0,
      73.76,
      100000.0,
      95.36,
      156.9,
      99.3,
      128.76,
      140.86,
      55.46,
      68.0,
      8.94,
      100000.0,
      182.14,
      179.88
    ],
    [
      151.6,
      90.02,
      100000.0,
      199.72,
      166.2,
      100000.0,
      44.94,
      127.02,
      80.9,
      156.32,
      100000.0,
      138.4,
      100000.0,
      140.0,
      64.04,
      110.16,
      192.28,
      187.72,
      158.62,
      158.4,
      174.64,
      182.14,
      100000.0,
      8.24
    ],
    [
      148.66,
      82.1,
      100000.0,
      196.96,
      158.12,
      100000.0,
      43.08,
      119.36,
      73.34,
      149.26,
      100000.0,
      133.42,
      100000.0,
      142.22,
      56.14,
      112.02,
      185.4,
      180.5,
      154.16,
      153.38,
      172.62,
      179.88,
      8.24,
      100000.0
    ]
  ],
  "robot_cost_matrix": [
    [
      100000.0,
      100000.0,
      100000.0,
      100000.0,
      100000.0,
      100000.0,
      100000.0,
      100000.0,
      100000.0,
      100000.0,
      100000.0,
      100000.0,
      100000.0,
      100000.0,
      100000.0,
      100000.0,
      100000.0,
      100000.0,
      100000.0,
      100000.0,
      100000.0,
      100000.0,
      100000.0,
      100000.0
    ],
    [
      100000.0,
      100000.0,
      100000.0,
      100000.0,
      100000.0,
      100000.0,
      100000.0,
      100000.0,
      100000.0,
      100000.0,
      100000.0,
      100000.0,
      100000.0,
      100000.0,
      100000.0,
      100000.0,
      100000.0,
      100000.0,
      100000.0,
      100000.0,
      100000.0,
      100000.0,
      100000.0,
      100000.0
    ],
    [
      100000.0,
      100000.0,
      100000.0,
      32.14,
      58.69,
      79.25,
      57.14,
      42.11,
      48.33,
      31.76,
      39.41,
      9.43,
      28.64,
      63.25,
      56.44,
      57.22,
      36.36,
      41.11,
      3.16,
      3.61,
      31.06,
      30.87,
      78.1,
      75.74
    ],
    [
      100000.0,
      100000.0,
      32.14,
      100000.0,
      89.84,
      102.08,
      77.42,
      74.24,
      77.88,
      62.64,
      65.19,
      40.05,
      10.82,
      58.25,
      84.77,
      60.37,
      61.29,
      68.1,
      29.07,
      34.53,
      15.23,
      10.77,
      99.86,
      98.48
    ],
    [
      100000.0,
      100000.0,
      58.69,
      89.84,
      100000.0,
      81.0,
      74.63,
      23.32,
      44.15,
      27.2,
      32.28,
      53.85,
      87.32,
      111.2,
      51.24,
      99.4,
      35.9,
      28.16,
      61.85,
      55.71,
      89.44,
      89.55,
      83.1,
      79.06
    ],
    [
      100000.0,
      100000.0,
      79.25,
      102.08,
      81.0,
      100000.0,
      25.08,
      62.17,
      39.29,
      77.49,
      95.19,
      70.18,
      92.28,
      74.03,
      30.41,
      59.01,
      95.63,
      93.01,
      80.61,
      80.16,
      89.89,
      93.54,
      4.47,
      3.61
    ],
    [
      100000.0,
      100000.0,
      57.14,
      77.42,
      74.63,
      25.08,
      100000.0,
      52.17,
      30.87,
      63.07,
      80.4,
      48.76,
      67.42,
      52.39,
      26.91,
      37.11,
      79.91,
      79.1,
      58.01,
      58.67,
      64.88,
      68.6,
      22.47,
      21.54
    ],
    [
      100000.0,
      100000.0,
      42.11,
      74.24,
      23.32,
      62.17,
      52.17,
      100000.0,
      23.09,
      18.44,
      34.67,
      34.93,
      69.63,
      88.39,
      31.78,
      76.22,
      36.24,
      31.76,
      45.18,
      40.0,
      70.88,
      71.81,
      63.51,
      59.68
    ],
    [
      100000.0,
      100000.0,
      48.33,
      77.88,
      44.15,
      39.29,
      30.87,
      23.09,
      100000.0,
      38.48,
      56.08,
      39.0,
      70.46,
      75.47,
      9.43,
      61.4,
      56.8,
      53.76,
      50.7,
      47.89,
      70.06,
      72.34,
      40.45,
      36.67
    ],
    [
      100000.0,
      100000.0,
      31.76,
      62.64,
      27.2,
      77.49,
      63.07,
      18.44,
      38.48,
      100000.0,
      17.72,
      28.28,
      60.37,
      89.04,
      47.85,
      79.2,
      18.36,
      16.03,
      34.89,
      28.64,
      62.77,
      62.61,
      78.16,
      74.63
    ],
    [
      100000.0,
      100000.0,
      39.41,
      65.19,
      32.28,
      95.19,
      80.4,
      34.67,
      56.08,
      17.72,
      100000.0,
      39.92,
      65.86,
      101.55,
      65.39,
      93.3,
      4.12,
      4.12,
      42.01,
      35.81,
      69.3,
      68.01,
      95.88,
      92.35
    ],
    [
      100000.0,
      100000.0,
      9.43,
      40.05,
      53.85,
      70.18,
      48.76,
      34.93,
      39.0,
      28.28,
      39.92,
      100000.0,
      34.71,
      61.72,
      47.01,
      53.6,
      37.64,
      40.71,
      11.7,
      10.0,
      36.06,
      36.88,
      69.2,
      66.71
    ],
    [
      100000.0,
      100000.0,
      28.64,
      10.82,
      87.32,
      92.28,
      67.42,
      69.63,
      70.46,
      60.37,
      65.86,
      34.71,
      100000.0,
      48.37,
      76.69,
      49.66,
      62.24,
      68.25,
      25.5,
      31.76,
      5.0,
      2.24,
      89.89,
      88.68
    ],
    [
      100000.0,
      100000.0,
      63.25,
      58.25,
      111.2,
      74.03,
      52.39,
      88.39,
      75.47,
      89.04,
      101.55,
      61.72,
      48.37,
      100000.0,
      76.06,
      15.3,
      99.01,
      102.42,
      61.4,
      66.73,
      43.42,
      47.68,
      70.0,
      71.11
    ],
    [
      100000.0,
      100000.0,
      56.44,
      84.77,
      51.24,
      30.41,
      26.91,
      31.78,
      9.43,
      47.85,
      65.39,
      47.01,
      76.69,
      76.06,
      100000.0,
      61.29,
      66.19,
      62.97,
      58.59,
      56.3,
      75.8,
      78.45,
      32.02,
      28.07
    ],
    [
      100000.0,
      100000.0,
      57.22,
      60.37,
      99.4,
      59.01,
      37.11,
      76.22,
      61.4,
      79.2,
      93.3,
      53.6,
      49.66,
      15.3,
      61.29,
      100000.0,
      91.21,
      93.64,
      56.04,
      60.41,
      45.18,
      49.65,
      55.08,
      56.01
    ],
    [
      100000.0,
      100000.0,
      36.36,
      61.29,
      35.9,
      95.63,
      79.91,
      36.24,
      56.8,
      18.36,
      4.12,
      37.64,
      62.24,
      99.01,
      66.19,
      91.21,
      100000.0,
      8.0,
      38.83,
      32.76,
      65.8,
      64.38,
      96.14,
      92.7
    ],
    [
      100000.0,
      100000.0,
      41.11,
      68.1,
      28.16,
      93.01,
      79.1,
      31.76,
      53.76,
      16.03,
      4.12,
      40.71,
      68.25,
      102.42,
      62.97,
      93.64,
      8.0,
      100000.0,
      43.86,
      37.54,
      71.51,
      70.43,
      93.86,
      90.25
    ],
    [
      100000.0,
      100000.0,
      3.16,
      29.07,
      61.85,
      80.61,
      58.01,
      45.18,
      50.7,
      34.89,
      42.01,
      11.7,
      25.5,
      61.4,
      58.59,
      56.04,
      38.83,
      43.86,
      100000.0,
      6.4,
      28.02,
      27.73,
      79.31,
      77.08
    ],
    [
      100000.0,
      100000.0,
      3.61,
      34.53,
      55.71,
      80.16,
      58.67,
      40.0,
      47.89,
      28.64,
      35.81,
      10.0,
      31.76,
      66.73,
      56.3,
      60.41,
      32.76,
      37.54,
      6.4,
      100000.0,
      34.41,
      34.0,
      79.2,
      76.69
    ],
    [
      100000.0,
      100000.0,
      31.06,
      15.23,
      89.44,
      89.89,
      64.88,
      70.88,
      70.06,
      62.77,
      69.3,
      36.06,
      5.0,
      43.42,
      75.8,
      45.18,
      65.8,
      71.51,
      28.02,
      34.41,
      100000.0,
      4.47,
      87.32,
      86.31
    ],
    [
      100000.0,
      100000.0,
      30.87,
      10.77,
      89.55,
      93.54,
      68.6,
      71.81,
      72.34,
      62.61,
      68.01,
      36.88,
      2.24,
      47.68,
      78.45,
      49.65,
      64.38,
      70.43,
      27.73,
      34.0,
      4.47,
      100000.0,
      91.07,
      89.94
    ],
    [
      100000.0,
      100000.0,
      78.1,
      99.86,
      83.1,
      4.47,
      22.47,
      63.51,
      40.45,
      78.16,
      95.88,
      69.2,
      89.89,
      70.0,
      32.02,
      55.08,
      96.14,
      93.86,
      79.31,
      79.2,
      87.32,
      91.07,
      100000.0,
      4.12
    ],
    [
      100000.0,
      100000.0,
      75.74,
      98.48,
      79.06,
      3.61,
      21.54,
      59.68,
      36.67,
      74.63,
      92.35,
      66.71,
      88.68,
      71.11,
      28.07,
      56.01,
      92.7,
      90.25,
      77.08,
      76.69,
      86.31,
      89.94,
      4.12,
      100000.0
    ]
  ],
  "vehicle_time_matrix": [
    [
      100000.0,
      1.88,
      100000.0,
      0.76,
      2.35,
      100000.0,
      1.67,
      1.75,
      1.73,
      1.54,
      100000.0,
      0.67,
      100000.0,
      1.43,
      1.92,
      1.33,
      1.72,
      1.86,
      0.5,
      0.69,
      0.47,
      0.54,
      2.37,
      2.32
    ],
    [
      1.88,
      100000.0,
      100000.0,
      2.56,
      1.2,
      100000.0,
      1.17,
      0.6,
      0.22,
      1.14,
      100000.0,
      1.32,
      100000.0,
      2.57,
      0.41,
      2.14,
      1.72,
      1.59,
      1.68,
      1.57,
      2.34,
      2.41,
      1.41,
      1.28
    ],
    [
      100000.0,
      100000.0,
      100000.0,
      100000.0,
      100000.0,
      100000.0,
      100000.0,
      100000.0,
      100000.0,
      100000.0,
      100000.0,
      100000.0,
      100000.0,
      100000.0,
      100000.0,
      100000.0,
      100000.0,
      100000.0,
      100000.0,
      100000.0,
      100000.0,
      100000.0,
      100000.0,
      100000.0
    ],
    [
      0.76,
      2.56,
      100000.0,
      100000.0,
      2.81,
      100000.0,
      2.42,
      2.32,
      2.43,
      1.96,
      100000.0,
      1.25,
      100000.0,
      1.82,
      2.65,
      1.89,
      1.92,
      2.13,
      0.91,
      1.08,
      0.48,
      0.34,
      3.12,
      3.08
    ],
    [
      2.35,
      1.2,
      100000.0,
      2.81,
      100000.0,
      100000.0,
      2.33,
      0.73,
      1.38,
      0.85,
      100000.0,
      1.68,
      100000.0,
      3.48,
      1.6,
      3.11,
      1.12,
      0.88,
      1.93,
      1.74,
      2.79,
      2.8,
      2.6,
      2.47
    ],
    [
      100000.0,
      100000.0,
      100000.0,
      100000.0,
      100000.0,
      100000.0,
      100000.0,
      100000.0,
      100000.0,
      100000.0,
      100000.0,
      100000.0,
      100000.0,
      100000.0,
      100000.0,
      100000.0,
      100000.0,
      100000.0,
      100000.0,
      100000.0,
      100000.0,
      100000.0,
      100000.0,
      100000.0
    ],
    [
      1.67,
      1.17,
      100000.0,
      2.42,
      2.33,
      100000.0,
      100000.0,
      1.63,
      0.96,
      1.97,
      100000.0,
      1.52,
      100000.0,
      1.64,
      0.84,
      1.16,
      2.5,
      2.47,
      1.81,
      1.83,
      2.03,
      2.14,
      0.7,
      0.67
    ],
    [
      1.75,
      0.6,
      100000.0,
      2.32,
      0.73,
      100000.0,
      1.63,
      100000.0,
      0.72,
      0.58,
      100000.0,
      1.09,
      100000.0,
      2.76,
      0.99,
      2.38,
      1.13,
      0.99,
      1.41,
      1.25,
      2.21,
      2.24,
      1.98,
      1.86
    ],
    [
      1.73,
      0.22,
      100000.0,
      2.43,
      1.38,
      100000.0,
      0.96,
      0.72,
      100000.0,
      1.2,
      100000.0,
