{
  "name": "M-d2-n11-k1-p2",
  "V_coordinates": [
    [
      73,
      50
    ],
    [
      13,
      50
    ],
    [
      31,
      17
    ],
    [
      34,
      80
    ],
    [
      72,
      33
    ],
    [
      74,
      6
    ],
    [
      39,
      97
    ],
    [
      62,
      65
    ],
    [
      8,
      88
    ],
    [
      20,
      68
    ],
    [
      88,
      53
    ],
    [
      49,
      34
    ],
    [
      53,
      92
    ],
    [
      54,
      60
    ],
    [
      75,
      34
    ],
    [
      13,
      37
    ],
    [
      67,
      8
    ],
    [
      94,
      62
    ],
    [
      61,
      68
    ],
    [
      8,
      7
    ],
    [
      32,
      59
    ],
    [
      18,
      45
    ],
    [
      82,
      5
    ],
    [
      97,
      8
    ],
    [
      98,
      7
    ],
    [
      96,
      13
    ],
    [
      17,
      71
    ],
    [
      21,
      64
    ],
    [
      65,
      12
    ],
    [
      65,
      6
    ],
    [
      50,
      38
    ],
    [
      47,
      33
    ],
    [
      27,
      16
    ],
    [
      29,
      20
    ],
    [
      11,
      9
    ],
    [
      11,
      3
    ],
    [
      78,
      6
    ],
    [
      82,
      7
    ]
  ],
  "V": [
    0,
    1,
    2,
    3,
    4,
    5,
    6,
    7,
    8,
    9,
    10,
    11,
    12,
    13,
    14,
    15,
    16,
    17,
    18,
    19,
    20,
    21,
    22,
    23,
    24,
    25,
    26,
    27,
    28,
    29,
    30,
    31,
    32,
    33,
    34,
    35,
    36,
    37
  ],
  "VD": [
    0,
    1
  ],
  "VC": [
    2,
    3,
    4,
    5,
    6,
    7,
    8,
    9,
    10,
    11,
    12,
    13,
    14,
    15,
    16,
    17,
    18,
    19,
    20,
    21,
    22,
    23
  ],
  "VP": [
    24,
    25,
    26,
    27,
    28,
    29,
    30,
    31,
    32,
    33,
    34,
    35,
    36,
    37
  ],
  "VC1": [
    3,
    4,
    5,
    6,
    7,
    8,
    10,
    12,
    13,
    14,
    15,
    17,
    18,
    20,
    21
  ],
  "VC2": [
    23,
    9,
    16,
    11,
    2,
    19,
    22
  ],
  "demand": [
    0,
    0,
    29,
    15,
    21,
    19,
    12,
    15,
    15,
    18,
    26,
    15,
    18,
    30,
    19,
    24,
    20,
    25,
    25,
    13,
    10,
    19,
    22,
    20,
    0,
    0,
    0,
    0,
    0,
    0,
    0,
    0,
    0,
    0,
    0,
    0,
    0,
    0
  ],
  "service_time": [
    0,
    0,
    16,
    13,
    14,
    11,
    14,
    18,
    13,
    19,
    16,
    10,
    13,
    10,
    16,
    12,
    10,
    12,
    17,
    18,
    20,
    16,
    18,
    13,
    0,
    0,
    0,
    0,
    0,
    0,
    0,
    0,
    0,
    0,
    0,
    0,
    0,
    0
  ],
  "K": [
    0,
    1
  ],
  "veh_dist_matrix": [
    [
      100000.0,
      60.0,
      100000.0,
      49.2,
      17.03,
      44.01,
      58.01,
      18.6,
      75.29,
      100000.0,
      15.3,
      100000.0,
      46.52,
      21.47,
      16.12,
      61.39,
      100000.0,
      24.19,
      21.63,
      100000.0,
      41.98,
      55.23,
      100000.0,
      100000.0,
      49.74,
      43.57,
      59.81,
      53.85,
      38.83,
      44.72,
      25.94,
      31.06,
      57.2,
      53.25,
      74.33,
      77.8,
      44.28,
      43.93
    ],
    [
      60.0,
      100000.0,
      100000.0,
      36.62,
      61.4,
      75.21,
      53.71,
      51.24,
      38.33,
      100000.0,
      75.06,
      100000.0,
      58.0,
      42.2,
      64.03,
      13.0,
      100000.0,
      81.88,
      51.26,
      100000.0,
      21.02,
      7.07,
      100000.0,
      100000.0,
      95.26,
      90.87,
      21.38,
      16.12,
      64.4,
      68.12,
      38.9,
      38.01,
      36.77,
      34.0,
      41.05,
      47.04,
      78.49,
      81.3
    ],
    [
      100000.0,
      100000.0,
      100000.0,
      100000.0,
      100000.0,
      100000.0,
      100000.0,
      100000.0,
      100000.0,
      100000.0,
      100000.0,
      100000.0,
      100000.0,
      100000.0,
      100000.0,
      100000.0,
      100000.0,
      100000.0,
      100000.0,
      100000.0,
      100000.0,
      100000.0,
      100000.0,
      100000.0,
      100000.0,
      100000.0,
      100000.0,
      100000.0,
      100000.0,
      100000.0,
      100000.0,
      100000.0,
      100000.0,
      100000.0,
      100000.0,
      100000.0,
      100000.0,
      100000.0
    ],
    [
      49.2,
      36.62,
      100000.0,
      100000.0,
      60.44,
      84.12,
      17.72,
      31.76,
      27.2,
      100000.0,
      60.37,
      100000.0,
      22.47,
      28.28,
      61.62,
      47.85,
      100000.0,
      62.64,
      29.55,
      100000.0,
      21.1,
      38.48,
      100000.0,
      100000.0,
      97.08,
      91.29,
      19.24,
      20.62,
      74.73,
      80.23,
      44.94,
      48.76,
      64.38,
      60.21,
      74.63,
      80.36,
      86.09,
      87.37
    ],
    [
      17.03,
      61.4,
      100000.0,
      60.44,
      100000.0,
      27.07,
      72.01,
      33.53,
      84.39,
      100000.0,
      25.61,
      100000.0,
      61.98,
      32.45,
      3.16,
      59.14,
      100000.0,
      36.4,
      36.69,
      100000.0,
      47.71,
      55.32,
      100000.0,
      100000.0,
      36.77,
      31.24,
      66.85,
      59.68,
      22.14,
      27.89,
      22.56,
      25.0,
      48.1,
      44.92,
      65.55,
      67.98,
      27.66,
      27.86
    ],
    [
      44.01,
      75.21,
      100000.0,
      84.12,
      27.07,
      100000.0,
      97.5,
      60.21,
      105.26,
      100000.0,
      49.04,
      100000.0,
      88.53,
      57.58,
      28.02,
      68.43,
      100000.0,
      59.46,
      63.35,
      100000.0,
      67.62,
      68.24,
      100000.0,
      100000.0,
      24.02,
      23.09,
      86.45,
      78.57,
      10.82,
      9.0,
      40.0,
      38.18,
      48.05,
      47.13,
      63.07,
      63.07,
      4.0,
      8.06
    ],
    [
      58.01,
      53.71,
      100000.0,
      17.72,
      72.01,
      97.5,
      100000.0,
      39.41,
      32.28,
      100000.0,
      65.86,
      100000.0,
      14.87,
      39.92,
      72.56,
      65.39,
      100000.0,
      65.19,
      36.4,
      100000.0,
      38.64,
      56.08,
      100000.0,
      100000.0,
      107.62,
      101.51,
      34.06,
      37.59,
      88.89,
      94.64,
      60.02,
      64.5,
      81.88,
      77.65,
      92.35,
      98.08,
      99.01,
      99.74
    ],
    [
      18.6,
      51.24,
      100000.0,
      31.76,
      33.53,
      60.21,
      39.41,
      100000.0,
      58.69,
      100000.0,
      28.64,
      100000.0,
      28.46,
      9.43,
      33.62,
      56.44,
      100000.0,
      32.14,
      3.16,
      100000.0,
      30.59,
      48.33,
      100000.0,
      100000.0,
      68.26,
      62.13,
      45.4,
      41.01,
      53.08,
      59.08,
      29.55,
      35.34,
      60.22,
      55.8,
      75.74,
      80.28,
      61.13,
      61.35
    ],
    [
      75.29,
      38.33,
      100000.0,
      27.2,
      84.39,
      105.26,
      32.28,
      58.69,
      100000.0,
      100000.0,
      87.32,
      100000.0,
      45.18,
      53.85,
      86.05,
      51.24,
      100000.0,
      89.84,
      56.65,
      100000.0,
      37.64,
      44.15,
      100000.0,
      100000.0,
      121.08,
      115.62,
      19.24,
      27.29,
      95.0,
      99.86,
      65.3,
      67.42,
      74.46,
      71.17,
      79.06,
      85.05,
      107.81,
      109.71
    ],
    [
      100000.0,
      100000.0,
      100000.0,
      100000.0,
      100000.0,
      100000.0,
      100000.0,
      100000.0,
      100000.0,
      100000.0,
      100000.0,
      100000.0,
      100000.0,
      100000.0,
      100000.0,
      100000.0,
      100000.0,
      100000.0,
      100000.0,
      100000.0,
      100000.0,
      100000.0,
      100000.0,
      100000.0,
      100000.0,
      100000.0,
      100000.0,
      100000.0,
      100000.0,
      100000.0,
      100000.0,
      100000.0,
      100000.0,
      100000.0,
      100000.0,
      100000.0,
      100000.0,
      100000.0
    ],
    [
      15.3,
      75.06,
      100000.0,
      60.37,
      25.61,
      49.04,
      65.86,
      28.64,
      87.32,
      100000.0,
      100000.0,
      100000.0,
      52.4,
      34.71,
      23.02,
      76.69,
      100000.0,
      10.82,
      30.89,
      100000.0,
      56.32,
      70.46,
      100000.0,
      100000.0,
      47.07,
      40.79,
      73.25,
      67.9,
      47.01,
      52.33,
      40.85,
      45.62,
      71.34,
      67.6,
      88.68,
      91.81,
      48.05,
      46.39
    ],
    [
      100000.0,
      100000.0,
      100000.0,
      100000.0,
      100000.0,
      100000.0,
      100000.0,
      100000.0,
      100000.0,
      100000.0,
      100000.0,
      100000.0,
      100000.0,
      100000.0,
      100000.0,
      100000.0,
      100000.0,
      100000.0,
      100000.0,
      100000.0,
      100000.0,
      100000.0,
      100000.0,
      100000.0,
      100000.0,
      100000.0,
      100000.0,
      100000.0,
      100000.0,
      100000.0,
      100000.0,
      100000.0,
      100000.0,
      100000.0,
      100000.0,
      100000.0,
      100000.0,
      100000.0
    ],
    [
      46.52,
      58.0,
      100000.0,
      22.47,
      61.98,
      88.53,
      14.87,
      28.46,
      45.18,
      100000.0,
      52.4,
      100000.0,
      100000.0,
      32.02,
      62.03,
      68.01,
      100000.0,
      50.8,
      25.3,
      100000.0,
      39.12,
      58.6,
      100000.0,
      100000.0,
      96.18,
      89.94,
      41.68,
      42.52,
      80.89,
      86.83,
      54.08,
      59.3,
      80.32,
      75.89,
      93.02,
      98.41,
      89.56,
      89.81
    ],
    [
      21.47,
      42.2,
      100000.0,
      28.28,
      32.45,
      57.58,
      39.92,
      9.43,
      53.85,
      100000.0,
      34.71,
      100000.0,
      32.02,
      100000.0,
      33.42,
      47.01,
      100000.0,
      40.05,
      10.63,
      100000.0,
      22.02,
      39.0,
      100000.0,
      100000.0,
      68.88,
      63.03,
      38.6,
      33.24,
      49.24,
      55.11,
      22.36,
      27.89,
      51.62,
      47.17,
      66.71,
      71.4,
      59.09,
      59.94
    ],
    [
      16.12,
      64.03,
      100000.0,
      61.62,
      3.16,
      28.02,
      72.56,
      33.62,
      86.05,
      100000.0,
      23.02,
      100000.0,
      62.03,
      33.42,
      100000.0,
      62.07,
      100000.0,
      33.84,
      36.77,
      100000.0,
      49.74,
      58.05,
      100000.0,
      100000.0,
      35.47,
      29.7,
      68.8,
      61.77,
      24.17,
      29.73,
      25.32,
      28.02,
      51.26,
      48.08,
      68.71,
      71.11,
      28.16,
      27.89
    ],
    [
      61.39,
      13.0,
      100000.0,
      47.85,
      59.14,
      68.43,
      65.39,
      56.44,
      51.24,
      100000.0,
      76.69,
      100000.0,
      68.01,
      47.01,
      62.07,
      100000.0,
      100000.0,
      84.77,
      57.14,
      100000.0,
      29.07,
      9.43,
      100000.0,
      100000.0,
      90.14,
      86.4,
      34.23,
      28.16,
      57.7,
      60.54,
      37.01,
      34.23,
      25.24,
      23.35,
      28.07,
      34.06,
      72.01,
      75.24
    ],
    [
      100000.0,
      100000.0,
      100000.0,
      100000.0,
      100000.0,
      100000.0,
      100000.0,
      100000.0,
      100000.0,
      100000.0,
      100000.0,
      100000.0,
      100000.0,
      100000.0,
      100000.0,
      100000.0,
      100000.0,
      100000.0,
      100000.0,
      100000.0,
      100000.0,
      100000.0,
      100000.0,
      100000.0,
      100000.0,
      100000.0,
      100000.0,
      100000.0,
      100000.0,
      100000.0,
      100000.0,
      100000.0,
      100000.0,
      100000.0,
      100000.0,
      100000.0,
      100000.0,
      100000.0
    ],
    [
      24.19,
      81.88,
      100000.0,
      62.64,
      36.4,
      59.46,
      65.19,
      32.14,
      89.84,
      100000.0,
      10.82,
      100000.0,
      50.8,
      40.05,
      33.84,
      84.77,
      100000.0,
      100000.0,
      33.54,
      100000.0,
      62.07,
      77.88,
      100000.0,
      100000.0,
      55.15,
      49.04,
      77.52,
      73.03,
      57.8,
      63.06,
      50.12,
      55.23,
      81.27,
      77.39,
      98.48,
      101.83,
      58.24,
      56.29
    ],
    [
      21.63,
      51.26,
      100000.0,
      29.55,
      36.69,
      63.35,
      36.4,
      3.16,
      56.65,
      100000.0,
      30.89,
      100000.0,
      25.3,
      10.63,
      36.77,
      57.14,
      100000.0,
      33.54,
      100000.0,
      100000.0,
      30.36,
      48.76,
      100000.0,
      100000.0,
      71.34,
      65.19,
      44.1,
      40.2,
      56.14,
      62.13,
      31.95,
      37.7,
      62.13,
      57.69,
      77.34,
      82.01,
      64.29,
      64.51
    ],
    [
      100000.0,
      100000.0,
      100000.0,
      100000.0,
      100000.0,
      100000.0,
      100000.0,
      100000.0,
      100000.0,
      100000.0,
      100000.0,
      100000.0,
      100000.0,
      100000.0,
      100000.0,
      100000.0,
      100000.0,
      100000.0,
      100000.0,
      100000.0,
      100000.0,
      100000.0,
      100000.0,
      100000.0,
      100000.0,
      100000.0,
      100000.0,
      100000.0,
      100000.0,
      100000.0,
      100000.0,
      100000.0,
      100000.0,
      100000.0,
      100000.0,
      100000.0,
      100000.0,
      100000.0
    ],
    [
      41.98,
      21.02,
      100000.0,
      21.1,
      47.71,
      67.62,
      38.64,
      30.59,
      37.64,
      100000.0,
      56.32,
      100000.0,
      39.12,
      22.02,
      49.74,
      29.07,
      100000.0,
      62.07,
      30.36,
      100000.0,
      100000.0,
      19.8,
      100000.0,
      100000.0,
      84.02,
      78.82,
      19.21,
      12.08,
      57.43,
      62.43,
      27.66,
      30.02,
      43.29,
      39.12,
      54.23,
      59.81,
      70.18,
      72.14
    ],
    [
      55.23,
      7.07,
      100000.0,
      38.48,
      55.32,
      68.24,
      56.08,
      48.33,
      44.15,
      100000.0,
      70.46,
      100000.0,
      58.6,
      39.0,
      58.05,
      9.43,
      100000.0,
      77.88,
      48.76,
      100000.0,
      19.8,
      100000.0,
      100000.0,
      100000.0,
      88.57,
      84.31,
      26.02,
      19.24,
      57.43,
      61.07,
      32.76,
      31.38,
      30.36,
      27.31,
      36.67,
      42.58,
      71.56,
      74.43
    ],
    [
      100000.0,
      100000.0,
      100000.0,
      100000.0,
      100000.0,
      100000.0,
      100000.0,
      100000.0,
      100000.0,
      100000.0,
      100000.0,
      100000.0,
      100000.0,
      100000.0,
      100000.0,
      100000.0,
      100000.0,
      100000.0,
      100000.0,
      100000.0,
      100000.0,
      100000.0,
      100000.0,
      100000.0,
      100000.0,
      100000.0,
      100000.0,
      100000.0,
      100000.0,
      100000.0,
      100000.0,
      100000.0,
      100000.0,
      100000.0,
      100000.0,
      100000.0,
      100000.0,
      100000.0
    ],
    [
      100000.0,
      100000.0,
      100000.0,
      100000.0,
      100000.0,
      100000.0,
      100000.0,
      100000.0,
      100000.0,
      100000.0,
      100000.0,
      100000.0,
      100000.0,
      100000.0,
      100000.0,
      100000.0,
      100000.0,
      100000.0,
      100000.0,
      100000.0,
      100000.0,
      100000.0,
      100000.0,
      100000.0,
      100000.0,
      100000.0,
      100000.0,
      100000.0,
      100000.0,
      100000.0,
      100000.0,
      100000.0,
      100000.0,
      100000.0,
      100000.0,
      100000.0,
      100000.0,
      100000.0
    ],
    [
      49.74,
      95.26,
      100000.0,
      97.08,
      36.77,
      24.02,
      107.62,
      68.26,
      121.08,
      100000.0,
      47.07,
      100000.0,
      96.18,
      68.88,
      35.47,
      90.14,
      100000.0,
      55.15,
      71.34,
      100000.0,
      84.02,
      88.57,
      100000.0,
      100000.0,
      100000.0,
      6.32,
      103.23,
      95.8,
      33.38,
      33.02,
      57.14,
      57.25,
      71.57,
      70.21,
      87.02,
      87.09,
      20.02,
      16.0
    ],
    [
      43.57,
      90.87,
      100000.0,
      91.29,
      31.24,
      23.09,
      101.51,
      62.13,
      115.62,
      100000.0,
      40.79,
      100000.0,
      89.94,
      63.03,
      29.7,
      86.4,
      100000.0,
      49.04,
      65.19,
      100000.0,
      78.82,
      84.31,
      100000.0,
      100000.0,
      6.32,
      100000.0,
      98.01,
      90.7,
      31.02,
      31.78,
      52.35,
      52.92,
      69.07,
      67.36,
      85.09,
      85.59,
      19.31,
      15.23
    ],
    [
      59.81,
      21.38,
      100000.0,
      19.24,
      66.85,
      86.45,
      34.06,
      45.4,
      19.24,
      100000.0,
      73.25,
      100000.0,
      41.68,
      38.6,
      68.8,
      34.23,
      100000.0,
      77.52,
      44.1,
      100000.0,
      19.21,
      26.02,
      100000.0,
      100000.0,
      103.23,
      98.01,
      100000.0,
      8.06,
      76.06,
      80.8,
      46.67,
      48.41,
      55.9,
      52.39,
      62.29,
      68.26,
      89.14,
      91.22
    ],
    [
      53.85,
      16.12,
      100000.0,
      20.62,
      59.68,
      78.57,
      37.59,
      41.01,
      27.29,
      100000.0,
      67.9,
      100000.0,
      42.52,
      33.24,
      61.77,
      28.16,
      100000.0,
      73.03,
      40.2,
      100000.0,
      12.08,
      19.24,
      100000.0,
      100000.0,
      95.8,
      90.7,
      8.06,
      100000.0,
      68.12,
      72.8,
      38.95,
      40.46,
      48.37,
      44.72,
      55.9,
      61.81,
      81.32,
      83.49
    ],
    [
      38.83,
      64.4,
      100000.0,
      74.73,
      22.14,
      10.82,
      88.89,
      53.08,
      95.0,
      100000.0,
      47.01,
      100000.0,
      80.89,
      49.24,
      24.17,
      57.7,
      100000.0,
      57.8,
      56.14,
      100000.0,
      57.43,
      57.43,
      100000.0,
      100000.0,
      33.38,
      31.02,
      76.06,
      68.12,
      100000.0,
      6.0,
      30.02,
      27.66,
      38.21,
      36.88,
      54.08,
      54.74,
      14.32,
      17.72
    ],
    [
      44.72,
      68.12,
      100000.0,
      80.23,
      27.89,
      9.0,
      94.64,
      59.08,
      99.86,
      100000.0,
      52.33,
      100000.0,
      86.83,
      55.11,
      29.73,
      60.54,
      100000.0,
      63.06,
      62.13,
      100000.0,
      62.43,
      61.07,
      100000.0,
      100000.0,
      33.02,
      31.78,
      80.8,
      72.8,
      6.0,
      100000.0,
      35.34,
      32.45,
      39.29,
      38.63,
      54.08,
      54.08,
      13.0,
      17.03
    ],
    [
      25.94,
      38.9,
      100000.0,
      44.94,
      22.56,
      40.0,
      60.02,
      29.55,
      65.3,
      100000.0,
      40.85,
      100000.0,
      54.08,
      22.36,
      25.32,
      37.01,
      100000.0,
      50.12,
      31.95,
      100000.0,
      27.66,
      32.76,
      100000.0,
      100000.0,
      57.14,
      52.35,
      46.67,
      38.95,
      30.02,
      35.34,
      100000.0,
      5.83,
      31.83,
      27.66,
      48.6,
      52.4,
      42.52,
      44.55
    ],
    [
      31.06,
      38.01,
      100000.0,
      48.76,
      25.0,
      38.18,
      64.5,
      35.34,
      67.42,
      100000.0,
      45.62,
      100000.0,
      59.3,
      27.89,
      28.02,
      34.23,
      100000.0,
      55.23,
      37.7,
      100000.0,
      30.02,
      31.38,
      100000.0,
      100000.0,
      57.25,
      52.92,
      48.41,
      40.46,
      27.66,
      32.45,
      5.83,
      100000.0,
      26.25,
      22.2,
      43.27,
      46.86,
      41.11,
      43.6
    ],
    [
      57.2,
      36.77,
      100000.0,
      64.38,
      48.1,
      48.05,
      81.88,
      60.22,
      74.46,
      100000.0,
      71.34,
      100000.0,
      80.32,
      51.62,
      51.26,
      25.24,
      100000.0,
      81.27,
      62.13,
      100000.0,
      43.29,
      30.36,
      100000.0,
      100000.0,
      71.57,
      69.07,
      55.9,
      48.37,
      38.21,
      39.29,
      31.83,
      26.25,
      100000.0,
      4.47,
      17.46,
      20.62,
      51.97,
      55.73
    ],
    [
      53.25,
      34.0,
      100000.0,
      60.21,
      44.92,
      47.13,
      77.65,
      55.8,
      71.17,
      100000.0,
      67.6,
      100000.0,
      75.89,
      47.17,
      48.08,
      23.35,
      100000.0,
      77.39,
      57.69,
      100000.0,
      39.12,
      27.31,
      100000.0,
      100000.0,
      70.21,
      67.36,
      52.39,
      44.72,
      36.88,
      38.63,
      27.66,
      22.2,
      4.47,
      100000.0,
      21.1,
      24.76,
      50.96,
      54.57
    ],
    [
      74.33,
      41.05,
      100000.0,
      74.63,
      65.55,
      63.07,
      92.35,
      75.74,
      79.06,
      100000.0,
      88.68,
      100000.0,
      93.02,
      66.71,
      68.71,
      28.07,
      100000.0,
      98.48,
      77.34,
      100000.0,
      54.23,
      36.67,
      100000.0,
      100000.0,
      87.02,
      85.09,
      62.29,
      55.9,
      54.08,
      54.08,
      48.6,
      43.27,
      17.46,
      21.1,
      100000.0,
      6.0,
      67.07,
      71.03
    ],
    [
      77.8,
      47.04,
      100000.0,
      80.36,
      67.98,
      63.07,
      98.08,
      80.28,
      85.05,
      100000.0,
      91.81,
      100000.0,
      98.41,
      71.4,
      71.11,
      34.06,
      100000.0,
      101.83,
      82.01,
      100000.0,
      59.81,
      42.58,
      100000.0,
      100000.0,
      87.09,
      85.59,
      68.26,
      61.81,
      54.74,
      54.08,
      52.4,
      46.86,
      20.62,
      24.76,
      6.0,
      100000.0,
      67.07,
      71.11
    ],
    [
      44.28,
      78.49,
      100000.0,
      86.09,
      27.66,
      4.0,
      99.01,
      61.13,
      107.81,
      100000.0,
      48.05,
      100000.0,
      89.56,
      59.09,
      28.16,
      72.01,
      100000.0,
      58.24,
      64.29,
      100000.0,
      70.18,
      71.56,
      100000.0,
      100000.0,
      20.02,
      19.31,
      89.14,
      81.32,
      14.32,
      13.0,
      42.52,
      41.11,
      51.97,
      50.96,
      67.07,
      67.07,
      100000.0,
      4.12
    ],
    [
      43.93,
      81.3,
      100000.0,
      87.37,
      27.86,
      8.06,
      99.74,
      61.35,
      109.71,
      100000.0,
      46.39,
      100000.0,
      89.81,
      59.94,
      27.89,
      75.24,
      100000.0,
      56.29,
      64.51,
      100000.0,
      72.14,
      74.43,
      100000.0,
      100000.0,
      16.0,
      15.23,
      91.22,
      83.49,
      17.72,
      17.03,
      44.55,
      43.6,
      55.73,
      54.57,
      71.03,
      71.11,
      4.12,
      100000.0
    ]
  ],
  "rob_power_matrix": [
    [
      10000.0,
      10000.0,
      10000.0,
      10000.0,
      10000.0,
      10000.0,
      10000.0,
      10000.0,
      10000.0,
      10000.0,
      10000.0,
      10000.0,
      10000.0,
      10000.0,
      10000.0,
      10000.0,
      10000.0,
      10000.0,
      10000.0,
      10000.0,
      10000.0,
      10000.0,
      10000.0,
      10000.0,
      10000.0,
      10000.0,
      10000.0,
      10000.0,
      10000.0,
      10000.0,
      10000.0,
      10000.0,
      10000.0,
      10000.0,
      10000.0,
      10000.0,
      10000.0,
      10000.0
    ],
    [
      10000.0,
      10000.0,
      10000.0,
      10000.0,
      10000.0,
      10000.0,
      10000.0,
      10000.0,
      10000.0,
      10000.0,
      10000.0,
      10000.0,
      10000.0,
      10000.0,
      10000.0,
      10000.0,
      10000.0,
      10000.0,
      10000.0,
      10000.0,
      10000.0,
      10000.0,
      10000.0,
      10000.0,
      10000.0,
      10000.0,
      10000.0,
      10000.0,
      10000.0,
      10000.0,
      10000.0,
      10000.0,
      10000.0,
      10000.0,
      10000.0,
      10000.0,
      10000.0,
      10000.0
    ],
    [
      10000.0,
      10000.0,
      10000.0,
      6.307,
      4.401,
      4.438000000000001,
      8.040000000000001,
      5.714,
      7.463,
      5.2170000000000005,
      6.742000000000001,
      2.4760000000000004,
      7.816,
      4.876,
      4.7170000000000005,
      2.6910000000000003,
      3.7110000000000003,
      7.742000000000001,
      5.917000000000001,
      2.508,
      4.201,
      3.087,
      5.239000000000001,
      6.6610000000000005,
      6.774,
      6.5120000000000005,
      5.579000000000001,
      4.805,
      3.437,
      3.5740000000000003,
      2.8320000000000003,
      2.263,
      0.41200000000000003,
      0.361,
      2.154,
      2.4410000000000003,
      4.827000000000001,
      5.197
    ],
    [
      10000.0,
      10000.0,
      6.307,
      10000.0,
      6.0440000000000005,
      8.412,
      1.772,
      3.176,
      2.72,
      1.8440000000000003,
      6.037,
      4.838000000000001,
      2.247,
      2.8280000000000003,
      6.162,
      4.785,
      7.920000000000001,
      6.264,
      2.955,
      7.749,
      2.1100000000000003,
      3.848,
      8.904000000000002,
      9.567,
      9.708,
      9.129000000000001,
      1.924,
      2.0620000000000003,
      7.473000000000001,
      8.023000000000001,
      4.494,
      4.876,
      6.438,
      6.021000000000001,
      7.463,
      8.036,
      8.609,
      8.737
    ],
    [
      10000.0,
      10000.0,
      4.401,
      6.0440000000000005,
      10000.0,
      2.7070000000000003,
      7.2010000000000005,
      3.353,
      8.439,
      6.268000000000001,
      2.561,
      2.302,
      6.198,
      3.2450000000000006,
      0.31600000000000006,
      5.914000000000001,
      2.5500000000000003,
      3.64,
      3.669,
      6.908,
      4.771,
      5.532,
      2.9730000000000003,
      3.536,
      3.6770000000000005,
      3.124,
      6.685,
      5.968,
      2.214,
      2.789,
      2.256,
      2.5,
      4.8100000000000005,
      4.492,
      6.555,
      6.798000000000001,
      2.766,
      2.786
    ],
    [
      10000.0,
      10000.0,
      4.438000000000001,
      8.412,
      2.7070000000000003,
      10000.0,
      9.75,
      6.021000000000001,
      10.526000000000002,
      8.222,
      4.904,
      3.754,
      8.853,
      5.758,
      2.802,
      6.843000000000001,
      0.7280000000000001,
      5.946000000000001,
      6.335000000000001,
      6.601000000000001,
      6.7620000000000005,
      6.824,
      0.806,
      2.309,
      2.402,
      2.309,
      8.645000000000001,
      7.856999999999999,
      1.082,
      0.9,
      4.0,
      3.818,
      4.805,
      4.713,
      6.307,
      6.307,
      0.4,
      0.806
    ],
    [
      10000.0,
      10000.0,
      8.040000000000001,
      1.772,
      7.2010000000000005,
      9.75,
      10000.0,
      3.941,
      3.228,
      3.4670000000000005,
      6.586,
      6.3790000000000004,
      1.487,
      3.9920000000000004,
      7.256,
      6.539000000000001,
      9.33,
      6.519,
      3.64,
      9.519,
      3.8640000000000003,
      5.6080000000000005,
      10.155000000000001,
      10.623000000000001,
      10.762,
      10.151000000000002,
      3.4060000000000006,
      3.7590000000000003,
      8.889000000000001,
      9.464,
      6.002000000000001,
      6.45,
      8.188,
      7.765000000000001,
      9.235,
      9.808,
      9.901000000000002,
      9.974
    ],
    [
      10000.0,
      10000.0,
      5.714,
      3.176,
      3.353,
      6.021000000000001,
      3.941,
      10000.0,
      5.869,
      4.211,
      2.8640000000000003,
      3.362,
      2.846,
      0.9430000000000001,
      3.362,
      5.644,
      5.722,
      3.2140000000000004,
      0.31600000000000006,
      7.925000000000001,
      3.059,
      4.833,
      6.325,
      6.689,
      6.8260000000000005,
      6.213000000000001,
      4.54,
      4.101,
      5.308,
      5.908,
      2.955,
      3.5340000000000007,
      6.022,
      5.58,
      7.574,
      8.028,
      6.113,
      6.135000000000001
    ],
    [
      10000.0,
      10000.0,
      7.463,
      2.72,
      8.439,
      10.526000000000002,
      3.228,
      5.869,
      10000.0,
      2.3320000000000003,
      8.732,
      6.78,
      4.518,
      5.385000000000001,
      8.605,
      5.1240000000000006,
      9.940000000000001,
      8.984,
      5.665,
      8.1,
      3.7640000000000002,
      4.415,
      11.120000000000001,
      11.967,
      12.108,
      11.562000000000001,
      1.924,
      2.729,
      9.5,
      9.986,
      6.53,
      6.742000000000001,
      7.446,
      7.117000000000001,
      7.906000000000001,
      8.505,
      10.781,
      10.971
    ],
    [
      10000.0,
      10000.0,
      5.2170000000000005,
      1.8440000000000003,
      6.268000000000001,
      8.222,
      3.4670000000000005,
      4.211,
      2.3320000000000003,
      10000.0,
      6.963,
      4.469,
      4.08,
      3.4930000000000003,
      6.466,
      3.1780000000000004,
      7.622,
      7.4239999999999995,
      4.1000000000000005,
      6.2170000000000005,
      1.5,
      2.309,
      8.839,
      9.762,
      9.902000000000001,
      9.381,
      0.42400000000000004,
      0.41200000000000003,
      7.184000000000001,
      7.6610000000000005,
      4.243,
      4.420000000000001,
      5.247,
      4.884,
      5.968,
      6.562000000000001,
      8.49,
      8.698
    ],
    [
      10000.0,
      10000.0,
      6.742000000000001,
      6.037,
      2.561,
      4.904,
      6.586,
      2.8640000000000003,
      8.732,
      6.963,
      10000.0,
      4.338,
      5.24,
      3.471,
      2.302,
      7.6690000000000005,
      4.966,
      1.082,
      3.0890000000000004,
      9.228,
      5.632000000000001,
      7.045999999999999,
      4.837,
      4.589,
      4.707,
      4.079,
      7.325,
      6.790000000000001,
      4.701,
      5.2330000000000005,
      4.085,
      4.562,
      7.134,
      6.76,
      8.868,
      9.181000000000001,
      4.805,
      4.639
    ],
    [
      10000.0,
      10000.0,
      2.4760000000000004,
      4.838000000000001,
      2.302,
      3.754,
      6.3790000000000004,
      3.362,
      6.78,
      4.469,
      4.338,
      10000.0,
      5.814,
      2.648,
      2.6,
      3.612,
      3.1620000000000004,
      5.300000000000001,
      3.6060000000000003,
      4.909000000000001,
      3.023,
      3.289,
      4.393,
      5.4590000000000005,
      5.595000000000001,
      5.148,
      4.892,
      4.104,
      2.72,
      3.225,
      0.41200000000000003,
      0.22400000000000003,
      2.843,
      2.4410000000000003,
      4.549,
      4.904,
      4.031000000000001,
      4.264
    ],
    [
      10000.0,
      10000.0,
      7.816,
      2.247,
      6.198,
      8.853,
      1.487,
      2.846,
      4.518,
      4.08,
      5.24,
      5.814,
      10000.0,
      3.2020000000000004,
      6.203,
      6.801000000000001,
      8.516,
      5.08,
      2.5300000000000002,
      9.618000000000002,
      3.912,
      5.86,
      9.171,
      9.483,
      9.618000000000002,
      8.994,
      4.168,
      4.252000000000001,
      8.089,
      8.683,
      5.408,
      5.93,
      8.032,
      7.589,
      9.302,
      9.841000000000001,
      8.956000000000001,
      8.981
    ],
    [
      10000.0,
      10000.0,
      4.876,
      2.8280000000000003,
      3.2450000000000006,
      5.758,
      3.9920000000000004,
      0.9430000000000001,
      5.385000000000001,
      3.4930000000000003,
      3.471,
      2.648,
      3.2020000000000004,
      10000.0,
      3.3420000000000005,
      4.701,
      5.36,
      4.005,
      1.0630000000000002,
      7.018000000000001,
      2.202,
      3.9000000000000004,
      6.172000000000001,
      6.748000000000001,
      6.888,
      6.303000000000001,
      3.8600000000000003,
      3.3240000000000003,
      4.924,
      5.511,
      2.236,
      2.789,
      5.162,
      4.7170000000000005,
      6.670999999999999,
      7.140000000000001,
      5.909000000000001,
      5.994
    ],
    [
      10000.0,
      10000.0,
      4.7170000000000005,
      6.162,
      0.31600000000000006,
      2.802,
      7.256,
      3.362,
      8.605,
      6.466,
      2.302,
      2.6,
      6.203,
      3.3420000000000005,
      10000.0,
      6.207000000000001,
      2.72,
      3.3840000000000003,
      3.6770000000000005,
      7.224,
      4.974,
      5.805,
      2.983,
      3.4060000000000006,
      3.547,
      2.97,
      6.88,
      6.1770000000000005,
      2.4170000000000003,
      2.9730000000000003,
      2.532,
      2.802,
      5.126,
      4.808,
      6.8709999999999996,
      7.111000000000001,
      2.8160000000000003,
      2.789
    ],
    [
      10000.0,
      10000.0,
      2.6910000000000003,
      4.785,
      5.914000000000001,
      6.843000000000001,
      6.539000000000001,
      5.644,
      5.1240000000000006,
      3.1780000000000004,
      7.6690000000000005,
      3.612,
      6.801000000000001,
      4.701,
      6.207000000000001,
      10000.0,
      6.1290000000000004,
      8.477,
      5.714,
      3.0410000000000004,
      2.907,
      0.9430000000000001,
      7.606000000000001,
      8.887,
      9.014000000000001,
      8.64,
      3.423,
      2.8160000000000003,
      5.7700000000000005,
      6.054,
      3.701,
      3.423,
      2.524,
      2.3350000000000004,
      2.8070000000000004,
      3.4060000000000006,
      7.2010000000000005,
      7.524
    ],
    [
      10000.0,
      10000.0,
      3.7110000000000003,
      7.920000000000001,
      2.5500000000000003,
      0.7280000000000001,
      9.33,
      5.722,
      9.940000000000001,
      7.622,
      4.966,
      3.1620000000000004,
      8.516,
      5.36,
      2.72,
      6.1290000000000004,
      10000.0,
      6.037,
      6.03,
      5.901,
      6.1850000000000005,
      6.140000000000001,
      1.5300000000000002,
      3.0,
      3.1020000000000003,
      2.943,
      8.043000000000001,
      7.247,
      0.447,
      0.28300000000000003,
      3.448,
      3.2020000000000004,
      4.079,
      3.9850000000000003,
      5.601,
      5.622,
      1.118,
      1.5030000000000001
    ],
    [
      10000.0,
      10000.0,
      7.742000000000001,
      6.264,
      3.64,
      5.946000000000001,
      6.519,
      3.2140000000000004,
      8.984,
      7.4239999999999995,
      1.082,
      5.300000000000001,
      5.08,
      4.005,
      3.3840000000000003,
      8.477,
      6.037,
      10000.0,
      3.354,
      10.208,
      6.207000000000001,
      7.788,
      5.825,
      5.408,
      5.515000000000001,
      4.904,
      7.752,
      7.303000000000001,
      5.78,
      6.306000000000001,
      5.0120000000000005,
      5.523,
      8.127,
      7.739000000000001,
      9.848,
      10.183,
      5.824000000000001,
      5.6290000000000004
    ],
    [
      10000.0,
      10000.0,
      5.917000000000001,
      2.955,
      3.669,
      6.335000000000001,
      3.64,
      0.31600000000000006,
      5.665,
      4.1000000000000005,
      3.0890000000000004,
      3.6060000000000003,
      2.5300000000000002,
      1.0630000000000002,
      3.6770000000000005,
      5.714,
      6.03,
      3.354,
      10000.0,
      8.081000000000001,
      3.036,
      4.876,
      6.641,
      6.997,
      7.134,
      6.519,
      4.41,
      4.0200000000000005,
      5.614000000000001,
      6.213000000000001,
      3.1950000000000003,
      3.7700000000000005,
      6.213000000000001,
      5.769,
      7.734000000000001,
      8.201,
      6.429000000000001,
      6.4510000000000005
    ],
    [
      10000.0,
      10000.0,
      2.508,
      7.749,
      6.908,
      6.601000000000001,
      9.519,
      7.925000000000001,
      8.1,
      6.2170000000000005,
      9.228,
      4.909000000000001,
      9.618000000000002,
      7.018000000000001,
      7.224,
      3.0410000000000004,
      5.901,
      10.208,
      8.081000000000001,
      10000.0,
      5.727,
      3.9290000000000003,
      7.4030000000000005,
      8.901000000000002,
      9.0,
      8.82,
      6.463,
      5.846,
      5.722,
      5.7010000000000005,
      5.220000000000001,
      4.687,
      2.102,
      2.47,
      0.361,
      0.5,
      7.001000000000001,
      7.4
    ],
    [
      10000.0,
      10000.0,
      4.201,
      2.1100000000000003,
      4.771,
      6.7620000000000005,
      3.8640000000000003,
      3.059,
      3.7640000000000002,
      1.5,
      5.632000000000001,
      3.023,
      3.912,
      2.202,
      4.974,
      2.907,
      6.1850000000000005,
      6.207000000000001,
      3.036,
      5.727,
      10000.0,
      1.9800000000000002,
      7.359000000000001,
      8.262,
      8.402,
      7.882,
      1.9210000000000003,
      1.2080000000000002,
      5.743,
      6.243,
      2.766,
      3.0020000000000002,
      4.329,
      3.912,
      5.423,
      5.981000000000001,
      7.018000000000001,
      7.214
    ],
    [
      10000.0,
      10000.0,
      3.087,
      3.848,
      5.532,
      6.824,
      5.6080000000000005,
      4.833,
      4.415,
      2.309,
      7.045999999999999,
      3.289,
      5.86,
      3.9000000000000004,
      5.805,
      0.9430000000000001,
      6.140000000000001,
      7.788,
      4.876,
      3.9290000000000003,
      1.9800000000000002,
      10000.0,
      7.547000000000001,
      8.724,
      8.857,
      8.431000000000001,
      2.6020000000000003,
      1.924,
      5.743,
      6.107,
      3.276,
      3.138,
      3.036,
      2.731,
      3.6670000000000003,
      4.258,
      7.156000000000001,
      7.443000000000001
    ],
    [
      10000.0,
      10000.0,
      5.239000000000001,
      8.904000000000002,
      2.9730000000000003,
      0.806,
      10.155000000000001,
      6.325,
      11.120000000000001,
      8.839,
      4.837,
      4.393,
      9.171,
      6.172000000000001,
      2.983,
      7.606000000000001,
      1.5300000000000002,
      5.825,
      6.641,
      7.4030000000000005,
      7.359000000000001,
      7.547000000000001,
      10000.0,
      1.5300000000000002,
      1.612,
      1.612,
      9.263,
      8.486,
      1.838,
      1.7030000000000003,
      4.597,
      4.482,
      5.609000000000001,
      5.508,
      7.111000000000001,
      7.103000000000001,
      0.41200000000000003,
      0.2
    ],
    [
      10000.0,
      10000.0,
      6.6610000000000005,
      9.567,
      3.536,
      2.309,
      10.623000000000001,
      6.689,
      11.967,
      9.762,
      4.589,
      5.4590000000000005,
      9.483,
      6.748000000000001,
      3.4060000000000006,
      8.887,
      3.0,
      5.408,
      6.997,
      8.901000000000002,
      8.262,
      8.724,
      1.5300000000000002,
      10000.0,
      0.141,
      0.51,
      10.183,
      9.440000000000001,
      3.225,
      3.2060000000000004,
      5.5760000000000005,
      5.59,
      7.045999999999999,
      6.905,
      8.601,
      8.615,
      1.9100000000000001,
      1.5030000000000001
    ],
    [
      10000.0,
      10000.0,
      6.774,
      9.708,
      3.6770000000000005,
      2.402,
      10.762,
      6.8260000000000005,
      12.108,
      9.902000000000001,
      4.707,
      5.595000000000001,
      9.618000000000002,
      6.888,
