{
  "name": "M-d2-n14-k1-p2",
  "V_coordinates": [
    [
      73,
      50
    ],
    [
      13,
      50
    ],
    [
      31,
      17
    ],
    [
      34,
      80
    ],
    [
      72,
      33
    ],
    [
      74,
      6
    ],
    [
      39,
      97
    ],
    [
      62,
      65
    ],
    [
      8,
      88
    ],
    [
      20,
      68
    ],
    [
      85,
      97
    ],
    [
      88,
      53
    ],
    [
      49,
      34
    ],
    [
      53,
      92
    ],
    [
      63,
      42
    ],
    [
      91,
      33
    ],
    [
      7,
      58
    ],
    [
      76,
      87
    ],
    [
      54,
      60
    ],
    [
      75,
      34
    ],
    [
      13,
      37
    ],
    [
      67,
      8
    ],
    [
      94,
      62
    ],
    [
      61,
      68
    ],
    [
      8,
      7
    ],
    [
      32,
      59
    ],
    [
      18,
      45
    ],
    [
      17,
      28
    ],
    [
      82,
      5
    ],
    [
      97,
      8
    ],
    [
      98,
      7
    ],
    [
      96,
      13
    ],
    [
      85,
      56
    ],
    [
      89,
      49
    ],
    [
      72,
      10
    ],
    [
      72,
      4
    ],
    [
      33,
      63
    ],
    [
      30,
      58
    ],
    [
      45,
      33
    ],
    [
      47,
      37
    ],
    [
      11,
      9
    ],
    [
      11,
      3
    ],
    [
      50,
      61
    ],
    [
      54,
      62
    ],
    [
      92,
      31
    ],
    [
      91,
      35
    ],
    [
      82,
      10
    ],
    [
      80,
      2
    ]
  ],
  "V": [
    0,
    1,
    2,
    3,
    4,
    5,
    6,
    7,
    8,
    9,
    10,
    11,
    12,
    13,
    14,
    15,
    16,
    17,
    18,
    19,
    20,
    21,
    22,
    23,
    24,
    25,
    26,
    27,
    28,
    29,
    30,
    31,
    32,
    33,
    34,
    35,
    36,
    37,
    38,
    39,
    40,
    41,
    42,
    43,
    44,
    45,
    46,
    47
  ],
  "VD": [
    0,
    1
  ],
  "VC": [
    2,
    3,
    4,
    5,
    6,
    7,
    8,
    9,
    10,
    11,
    12,
    13,
    14,
    15,
    16,
    17,
    18,
    19,
    20,
    21,
    22,
    23,
    24,
    25,
    26,
    27,
    28,
    29
  ],
  "VP": [
    30,
    31,
    32,
    33,
    34,
    35,
    36,
    37,
    38,
    39,
    40,
    41,
    42,
    43,
    44,
    45,
    46,
    47
  ],
  "VC1": [
    2,
    3,
    4,
    6,
    7,
    8,
    9,
    10,
    13,
    14,
    16,
    17,
    19,
    20,
    21,
    22,
    23,
    26,
    27
  ],
  "VC2": [
    29,
    11,
    5,
    25,
    12,
    24,
    18,
    15,
    28
  ],
  "demand": [
    0,
    0,
    19,
    24,
    20,
    25,
    25,
    13,
    10,
    19,
    22,
    20,
    23,
    16,
    18,
    13,
    18,
    26,
    16,
    29,
    23,
    10,
    17,
    10,
    22,
    14,
    11,
    15,
    24,
    26,
    0,
    0,
    0,
    0,
    0,
    0,
    0,
    0,
    0,
    0,
    0,
    0,
    0,
    0,
    0,
    0,
    0,
    0
  ],
  "service_time": [
    0,
    0,
    20,
    16,
    18,
    13,
    20,
    18,
    17,
    13,
    18,
    20,
    10,
    16,
    20,
    19,
    15,
    20,
    20,
    16,
    10,
    14,
    12,
    13,
    10,
    14,
    11,
    11,
    14,
    14,
    0,
    0,
    0,
    0,
    0,
    0,
    0,
    0,
    0,
    0,
    0,
    0,
    0,
    0,
    0,
    0,
    0,
    0
  ],
  "K": [
    0,
    1
  ],
  "veh_dist_matrix": [
    [
      100000.0,
      60.0,
      53.41,
      49.2,
      17.03,
      100000.0,
      58.01,
      18.6,
      75.29,
      55.97,
      48.51,
      100000.0,
      100000.0,
      46.52,
      12.81,
      100000.0,
      66.48,
      37.12,
      100000.0,
      16.12,
      61.39,
      42.43,
      24.19,
      21.63,
      100000.0,
      100000.0,
      55.23,
      60.17,
      100000.0,
      100000.0,
      49.74,
      43.57,
      13.42,
      16.03,
      40.01,
      46.01,
      42.06,
      43.74,
      32.76,
      29.07,
      74.33,
      77.8,
      25.5,
      22.47,
      26.87,
      23.43,
      41.0,
      48.51
    ],
    [
      60.0,
      100000.0,
      37.59,
      36.62,
      61.4,
      100000.0,
      53.71,
      51.24,
      38.33,
      19.31,
      85.98,
      100000.0,
      100000.0,
      58.0,
      50.64,
      100000.0,
      10.0,
      73.06,
      100000.0,
      64.03,
      13.0,
      68.41,
      81.88,
      51.26,
      100000.0,
      100000.0,
      7.07,
      22.36,
      100000.0,
      100000.0,
      95.26,
      90.87,
      72.25,
      76.01,
      71.28,
      74.81,
      23.85,
      18.79,
      36.24,
      36.4,
      41.05,
      47.04,
      38.6,
      42.72,
      81.25,
      79.43,
      79.76,
      82.42
    ],
    [
      53.41,
      37.59,
      100000.0,
      63.07,
      44.01,
      100000.0,
      80.4,
      57.14,
      74.63,
      52.17,
      96.52,
      100000.0,
      100000.0,
      78.16,
      40.61,
      100000.0,
      47.51,
      83.22,
      100000.0,
      47.17,
      26.91,
      37.11,
      77.42,
      59.17,
      100000.0,
      100000.0,
      30.87,
      17.8,
      100000.0,
      100000.0,
      67.74,
      65.12,
      66.61,
      66.24,
      41.59,
      43.01,
      46.04,
      41.01,
      21.26,
      25.61,
      21.54,
      24.41,
      47.93,
      50.54,
      62.59,
      62.64,
      51.48,
      51.24
    ],
    [
      49.2,
      36.62,
      63.07,
      100000.0,
      60.44,
      100000.0,
      17.72,
      31.76,
      27.2,
      18.44,
      53.76,
      100000.0,
      100000.0,
      22.47,
      47.8,
      100000.0,
      34.83,
      42.58,
      100000.0,
      61.62,
      47.85,
      79.2,
      62.64,
      29.55,
      100000.0,
      100000.0,
      38.48,
      54.71,
      100000.0,
      100000.0,
      97.08,
      91.29,
      56.36,
      63.13,
      79.65,
      84.97,
      17.03,
      22.36,
      48.27,
      44.92,
      74.63,
      80.36,
      24.84,
      26.91,
      75.93,
      72.62,
      84.88,
      90.55
    ],
    [
      17.03,
      61.4,
      44.01,
      60.44,
      100000.0,
      100000.0,
      72.01,
      33.53,
      84.39,
      62.68,
      65.31,
      100000.0,
      100000.0,
      61.98,
      12.73,
      100000.0,
      69.64,
      54.15,
      100000.0,
      3.16,
      59.14,
      25.5,
      36.4,
      36.69,
      100000.0,
      100000.0,
      55.32,
      55.23,
      100000.0,
      100000.0,
      36.77,
      31.24,
      26.42,
      23.35,
      23.0,
      29.0,
      49.2,
      48.88,
      27.0,
      25.32,
      65.55,
      67.98,
      35.61,
      34.13,
      20.1,
      19.1,
      25.08,
      32.02
    ],
    [
      100000.0,
      100000.0,
      100000.0,
      100000.0,
      100000.0,
      100000.0,
      100000.0,
      100000.0,
      100000.0,
      100000.0,
      100000.0,
      100000.0,
      100000.0,
      100000.0,
      100000.0,
      100000.0,
      100000.0,
      100000.0,
      100000.0,
      100000.0,
      100000.0,
      100000.0,
      100000.0,
      100000.0,
      100000.0,
      100000.0,
      100000.0,
      100000.0,
      100000.0,
      100000.0,
      100000.0,
      100000.0,
      100000.0,
      100000.0,
      100000.0,
      100000.0,
      100000.0,
      100000.0,
      100000.0,
      100000.0,
      100000.0,
      100000.0,
      100000.0,
      100000.0,
      100000.0,
      100000.0,
      100000.0,
      100000.0
    ],
    [
      58.01,
      53.71,
      80.4,
      17.72,
      72.01,
      100000.0,
      100000.0,
      39.41,
      32.28,
      34.67,
      46.0,
      100000.0,
      100000.0,
      14.87,
      60.01,
      100000.0,
      50.45,
      38.33,
      100000.0,
      72.56,
      65.39,
      93.3,
      65.19,
      36.4,
      100000.0,
      100000.0,
      56.08,
      72.42,
      100000.0,
      100000.0,
      107.62,
      101.51,
      61.62,
      69.31,
      93.05,
      98.68,
      34.53,
      40.02,
      64.28,
      60.53,
      92.35,
      98.08,
      37.64,
      38.08,
      84.65,
      80.92,
      97.05,
      103.47
    ],
    [
      18.6,
      51.24,
      57.14,
      31.76,
      33.53,
      100000.0,
      39.41,
      100000.0,
      58.69,
      42.11,
      39.41,
      100000.0,
      100000.0,
      28.46,
      23.02,
      100000.0,
      55.44,
      26.08,
      100000.0,
      33.62,
      56.44,
      57.22,
      32.14,
      3.16,
      100000.0,
      100000.0,
      48.33,
      58.26,
      100000.0,
      100000.0,
      68.26,
      62.13,
      24.7,
      31.38,
      55.9,
      61.81,
      29.07,
      32.76,
      36.24,
      31.76,
      75.74,
      80.28,
      12.65,
      8.54,
      45.34,
      41.73,
      58.52,
      65.52
    ],
    [
      75.29,
      38.33,
      74.63,
      27.2,
      84.39,
      100000.0,
      32.28,
      58.69,
      100000.0,
      23.32,
      77.52,
      100000.0,
      100000.0,
      45.18,
      71.7,
      100000.0,
      30.02,
      68.01,
      100000.0,
      86.05,
      51.24,
      99.4,
      89.84,
      56.65,
      100000.0,
      100000.0,
      44.15,
      60.67,
      100000.0,
      100000.0,
      121.08,
      115.62,
      83.38,
      89.9,
      100.9,
      105.6,
      35.36,
      37.2,
      66.29,
      64.2,
      79.06,
      85.05,
      49.93,
      52.84,
      101.51,
      98.48,
      107.52,
      112.16
    ],
    [
      55.97,
      19.31,
      52.17,
      18.44,
      62.68,
      100000.0,
      34.67,
      42.11,
      23.32,
      100000.0,
      71.18,
      100000.0,
      100000.0,
      40.8,
      50.25,
      100000.0,
      16.4,
      59.14,
      100000.0,
      64.66,
      31.78,
      76.22,
      74.24,
      41.0,
      100000.0,
      100000.0,
      23.09,
      40.11,
      100000.0,
      100000.0,
      99.02,
      93.81,
      66.1,
      71.57,
      77.9,
      82.46,
      13.93,
      14.14,
      43.01,
      41.11,
      59.68,
      65.62,
      30.81,
      34.53,
      80.95,
      78.29,
      84.9,
      89.2
    ],
    [
      48.51,
      85.98,
      96.52,
      53.76,
      65.31,
      100000.0,
      46.0,
      39.41,
      77.52,
      71.18,
      100000.0,
      100000.0,
      100000.0,
      32.39,
      59.24,
      100000.0,
      87.21,
      13.45,
      100000.0,
      63.79,
      93.72,
      90.8,
      36.14,
      37.64,
      100000.0,
      100000.0,
      84.81,
      96.88,
      100000.0,
      100000.0,
      90.93,
      84.72,
      41.0,
      48.17,
      87.97,
      93.9,
      62.13,
      67.42,
      75.47,
      71.02,
      114.98,
      119.63,
      50.21,
      46.75,
      66.37,
      62.29,
      87.05,
      95.13
    ],
    [
      100000.0,
      100000.0,
      100000.0,
      100000.0,
      100000.0,
      100000.0,
      100000.0,
      100000.0,
      100000.0,
      100000.0,
      100000.0,
      100000.0,
      100000.0,
      100000.0,
      100000.0,
      100000.0,
      100000.0,
      100000.0,
      100000.0,
      100000.0,
      100000.0,
      100000.0,
      100000.0,
      100000.0,
      100000.0,
      100000.0,
      100000.0,
      100000.0,
      100000.0,
      100000.0,
      100000.0,
      100000.0,
      100000.0,
      100000.0,
      100000.0,
      100000.0,
      100000.0,
      100000.0,
      100000.0,
      100000.0,
      100000.0,
      100000.0,
      100000.0,
      100000.0,
      100000.0,
      100000.0,
      100000.0,
      100000.0
    ],
    [
      100000.0,
      100000.0,
      100000.0,
      100000.0,
      100000.0,
      100000.0,
      100000.0,
      100000.0,
      100000.0,
      100000.0,
      100000.0,
      100000.0,
      100000.0,
      100000.0,
      100000.0,
      100000.0,
      100000.0,
      100000.0,
      100000.0,
      100000.0,
      100000.0,
      100000.0,
      100000.0,
      100000.0,
      100000.0,
      100000.0,
      100000.0,
      100000.0,
      100000.0,
      100000.0,
      100000.0,
      100000.0,
      100000.0,
      100000.0,
      100000.0,
      100000.0,
      100000.0,
      100000.0,
      100000.0,
      100000.0,
      100000.0,
      100000.0,
      100000.0,
      100000.0,
      100000.0,
      100000.0,
      100000.0,
      100000.0
    ],
    [
      46.52,
      58.0,
      78.16,
      22.47,
      61.98,
      100000.0,
      14.87,
      28.46,
      45.18,
      40.8,
      32.39,
      100000.0,
      100000.0,
      100000.0,
      50.99,
      100000.0,
      57.2,
      23.54,
      100000.0,
      62.03,
      68.01,
      85.16,
      50.8,
      25.3,
      100000.0,
      100000.0,
      58.6,
      73.43,
      100000.0,
      100000.0,
      96.18,
      89.94,
      48.17,
      56.08,
      84.17,
      90.03,
      35.23,
      41.05,
      59.54,
      55.33,
      93.02,
      98.41,
      31.14,
      30.02,
      72.4,
      68.51,
      86.98,
      93.96
    ],
    [
      12.81,
      50.64,
      40.61,
      47.8,
      12.73,
      100000.0,
      60.01,
      23.02,
      71.7,
      50.25,
      59.24,
      100000.0,
      100000.0,
      50.99,
      100000.0,
      100000.0,
      58.24,
      46.84,
      100000.0,
      14.42,
      50.25,
      34.23,
      36.89,
      26.08,
      100000.0,
      100000.0,
      45.1,
      48.08,
      100000.0,
      100000.0,
      49.5,
      43.93,
      26.08,
      26.93,
      33.24,
      39.05,
      36.62,
      36.67,
      20.12,
      16.76,
      61.59,
      65.0,
      23.02,
      21.93,
      31.02,
      28.86,
      37.22,
      43.46
    ],
    [
      100000.0,
      100000.0,
      100000.0,
      100000.0,
      100000.0,
      100000.0,
      100000.0,
      100000.0,
      100000.0,
      100000.0,
      100000.0,
      100000.0,
      100000.0,
      100000.0,
      100000.0,
      100000.0,
      100000.0,
      100000.0,
      100000.0,
      100000.0,
      100000.0,
      100000.0,
      100000.0,
      100000.0,
      100000.0,
      100000.0,
      100000.0,
      100000.0,
      100000.0,
      100000.0,
      100000.0,
      100000.0,
      100000.0,
      100000.0,
      100000.0,
      100000.0,
      100000.0,
      100000.0,
      100000.0,
      100000.0,
      100000.0,
      100000.0,
      100000.0,
      100000.0,
      100000.0,
      100000.0,
      100000.0,
      100000.0
    ],
    [
      66.48,
      10.0,
      47.51,
      34.83,
      69.64,
      100000.0,
      50.45,
      55.44,
      30.02,
      16.4,
      87.21,
      100000.0,
      100000.0,
      57.2,
      58.24,
      100000.0,
      100000.0,
      74.85,
      100000.0,
      72.11,
      21.84,
      78.1,
      87.09,
      54.92,
      100000.0,
      100000.0,
      17.03,
      31.62,
      100000.0,
      100000.0,
      104.32,
      99.73,
      78.03,
      82.49,
      80.8,
      84.5,
      26.48,
      23.0,
      45.49,
      45.18,
      49.16,
      55.15,
      43.1,
      47.17,
      89.19,
      87.09,
      89.04,
      92.01
    ],
    [
      37.12,
      73.06,
      83.22,
      42.58,
      54.15,
      100000.0,
      38.33,
      26.08,
      68.01,
      59.14,
      13.45,
      100000.0,
      100000.0,
      23.54,
      46.84,
      100000.0,
      74.85,
      100000.0,
      100000.0,
      53.01,
      80.43,
      79.51,
      30.81,
      24.21,
      100000.0,
      100000.0,
      71.61,
      83.44,
      100000.0,
      100000.0,
      82.97,
      76.66,
      32.28,
      40.16,
      77.1,
      83.1,
      49.24,
      54.38,
      62.27,
      57.8,
      101.53,
      106.21,
      36.77,
      33.3,
      58.24,
      54.12,
      77.23,
      85.09
    ],
    [
      100000.0,
      100000.0,
      100000.0,
      100000.0,
      100000.0,
      100000.0,
      100000.0,
      100000.0,
      100000.0,
      100000.0,
      100000.0,
      100000.0,
      100000.0,
      100000.0,
      100000.0,
      100000.0,
      100000.0,
      100000.0,
      100000.0,
      100000.0,
      100000.0,
      100000.0,
      100000.0,
      100000.0,
      100000.0,
      100000.0,
      100000.0,
      100000.0,
      100000.0,
      100000.0,
      100000.0,
      100000.0,
      100000.0,
      100000.0,
      100000.0,
      100000.0,
      100000.0,
      100000.0,
      100000.0,
      100000.0,
      100000.0,
      100000.0,
      100000.0,
      100000.0,
      100000.0,
      100000.0,
      100000.0,
      100000.0
    ],
    [
      16.12,
      64.03,
      47.17,
      61.62,
      3.16,
      100000.0,
      72.56,
      33.62,
      86.05,
      64.66,
      63.79,
      100000.0,
      100000.0,
      62.03,
      14.42,
      100000.0,
      72.11,
      53.01,
      100000.0,
      100000.0,
      62.07,
      27.2,
      33.84,
      36.77,
      100000.0,
      100000.0,
      58.05,
      58.31,
      100000.0,
      100000.0,
      35.47,
      29.7,
      24.17,
      20.52,
      24.19,
      30.15,
      51.04,
      51.0,
      30.02,
      28.16,
      68.71,
      71.11,
      36.8,
      35.0,
      17.26,
      16.03,
      25.0,
      32.39
    ],
    [
      61.39,
      13.0,
      26.91,
      47.85,
      59.14,
      100000.0,
      65.39,
      56.44,
      51.24,
      31.78,
      93.72,
      100000.0,
      100000.0,
      68.01,
      50.25,
      100000.0,
      21.84,
      80.43,
      100000.0,
      62.07,
      100000.0,
      61.29,
      84.77,
      57.14,
      100000.0,
      100000.0,
      9.43,
      9.85,
      100000.0,
      100000.0,
      90.14,
      86.4,
      74.46,
      76.94,
      64.88,
      67.6,
      32.8,
      27.02,
      32.25,
      34.0,
      28.07,
      34.06,
      44.1,
      48.02,
      79.23,
      78.03,
      74.09,
      75.59
    ],
    [
      42.43,
      68.41,
      37.11,
      79.2,
      25.5,
      100000.0,
      93.3,
      57.22,
      99.4,
      76.22,
      90.8,
      100000.0,
      100000.0,
      85.16,
      34.23,
      100000.0,
      78.1,
      79.51,
      100000.0,
      27.2,
      61.29,
      100000.0,
      60.37,
      60.3,
      100000.0,
      100000.0,
      61.4,
      53.85,
      100000.0,
      100000.0,
      31.02,
      29.43,
      51.26,
      46.53,
      5.39,
      6.4,
      64.66,
      62.2,
      33.3,
      35.23,
      56.01,
      56.22,
      55.66,
      55.54,
      33.97,
      36.12,
      15.13,
      14.32
    ],
    [
      24.19,
      81.88,
      77.42,
      62.64,
      36.4,
      100000.0,
      65.19,
      32.14,
      89.84,
      74.24,
      36.14,
      100000.0,
      100000.0,
      50.8,
      36.89,
      100000.0,
      87.09,
      30.81,
      100000.0,
      33.84,
      84.77,
      60.37,
      100000.0,
      33.54,
      100000.0,
      100000.0,
      77.88,
      84.17,
      100000.0,
      100000.0,
      55.15,
      49.04,
      10.82,
      13.93,
      56.46,
      62.03,
      61.01,
      64.12,
      56.94,
      53.24,
      98.48,
      101.83,
      44.01,
      40.0,
      31.06,
      27.17,
      53.37,
      61.61
    ],
    [
      21.63,
      51.26,
      59.17,
      29.55,
      36.69,
      100000.0,
      36.4,
      3.16,
      56.65,
      41.0,
      37.64,
      100000.0,
      100000.0,
      25.3,
      26.08,
      100000.0,
      54.92,
      24.21,
      100000.0,
      36.77,
      57.14,
      60.3,
      33.54,
      100000.0,
      100000.0,
      100000.0,
      48.76,
      59.46,
      100000.0,
      100000.0,
      71.34,
      65.19,
      26.83,
      33.84,
      59.03,
      64.94,
      28.44,
      32.57,
      38.48,
      34.01,
      77.34,
      82.01,
      13.04,
      9.22,
      48.27,
      44.6,
      61.68,
      68.68
    ],
    [
      100000.0,
      100000.0,
      100000.0,
      100000.0,
      100000.0,
      100000.0,
      100000.0,
      100000.0,
      100000.0,
      100000.0,
      100000.0,
      100000.0,
      100000.0,
      100000.0,
      100000.0,
      100000.0,
      100000.0,
      100000.0,
      100000.0,
      100000.0,
      100000.0,
      100000.0,
      100000.0,
      100000.0,
      100000.0,
      100000.0,
      100000.0,
      100000.0,
      100000.0,
      100000.0,
      100000.0,
      100000.0,
      100000.0,
      100000.0,
      100000.0,
      100000.0,
      100000.0,
      100000.0,
      100000.0,
      100000.0,
      100000.0,
      100000.0,
      100000.0,
      100000.0,
      100000.0,
      100000.0,
      100000.0,
      100000.0
    ],
    [
      100000.0,
      100000.0,
      100000.0,
      100000.0,
      100000.0,
      100000.0,
      100000.0,
      100000.0,
      100000.0,
      100000.0,
      100000.0,
      100000.0,
      100000.0,
      100000.0,
      100000.0,
      100000.0,
      100000.0,
      100000.0,
      100000.0,
      100000.0,
      100000.0,
      100000.0,
      100000.0,
      100000.0,
      100000.0,
      100000.0,
      100000.0,
      100000.0,
      100000.0,
      100000.0,
      100000.0,
      100000.0,
      100000.0,
      100000.0,
      100000.0,
      100000.0,
      100000.0,
      100000.0,
      100000.0,
      100000.0,
      100000.0,
      100000.0,
      100000.0,
      100000.0,
      100000.0,
      100000.0,
      100000.0,
      100000.0
    ],
    [
      55.23,
      7.07,
      30.87,
      38.48,
      55.32,
      100000.0,
      56.08,
      48.33,
      44.15,
      23.09,
      84.81,
      100000.0,
      100000.0,
      58.6,
      45.1,
      100000.0,
      17.03,
      71.61,
      100000.0,
      58.05,
      9.43,
      61.4,
      77.88,
      48.76,
      100000.0,
      100000.0,
      100000.0,
      17.03,
      100000.0,
      100000.0,
      88.57,
      84.31,
      67.9,
      71.11,
      64.35,
      67.8,
      23.43,
      17.69,
      29.55,
      30.08,
      36.67,
      42.58,
      35.78,
      39.81,
      75.31,
      73.68,
      72.95,
      75.45
    ],
    [
      60.17,
      22.36,
      17.8,
      54.71,
      55.23,
      100000.0,
      72.42,
      58.26,
      60.67,
      40.11,
      96.88,
      100000.0,
      100000.0,
      73.43,
      48.08,
      100000.0,
      31.62,
      83.44,
      100000.0,
      58.31,
      9.85,
      53.85,
      84.17,
      59.46,
      100000.0,
      100000.0,
      17.03,
      100000.0,
      100000.0,
      100000.0,
      83.68,
      80.41,
      73.54,
      75.0,
      57.87,
      60.01,
      38.48,
      32.7,
      28.44,
      31.32,
      19.92,
      25.71,
      46.67,
      50.25,
      75.06,
      74.33,
      67.45,
      68.15
    ],
    [
      100000.0,
      100000.0,
      100000.0,
      100000.0,
      100000.0,
      100000.0,
      100000.0,
      100000.0,
      100000.0,
      100000.0,
      100000.0,
      100000.0,
      100000.0,
      100000.0,
      100000.0,
      100000.0,
      100000.0,
      100000.0,
      100000.0,
      100000.0,
      100000.0,
      100000.0,
      100000.0,
      100000.0,
      100000.0,
      100000.0,
      100000.0,
      100000.0,
      100000.0,
      100000.0,
      100000.0,
      100000.0,
      100000.0,
      100000.0,
      100000.0,
      100000.0,
      100000.0,
      100000.0,
      100000.0,
      100000.0,
      100000.0,
      100000.0,
      100000.0,
      100000.0,
      100000.0,
      100000.0,
      100000.0,
      100000.0
    ],
    [
      100000.0,
      100000.0,
      100000.0,
      100000.0,
      100000.0,
      100000.0,
      100000.0,
      100000.0,
      100000.0,
      100000.0,
      100000.0,
      100000.0,
      100000.0,
      100000.0,
      100000.0,
      100000.0,
      100000.0,
      100000.0,
      100000.0,
      100000.0,
      100000.0,
      100000.0,
      100000.0,
      100000.0,
      100000.0,
      100000.0,
      100000.0,
      100000.0,
      100000.0,
      100000.0,
      100000.0,
      100000.0,
      100000.0,
      100000.0,
      100000.0,
      100000.0,
      100000.0,
      100000.0,
      100000.0,
      100000.0,
      100000.0,
      100000.0,
      100000.0,
      100000.0,
      100000.0,
      100000.0,
      100000.0,
      100000.0
    ],
    [
      49.74,
      95.26,
      67.74,
      97.08,
      36.77,
      100000.0,
      107.62,
      68.26,
      121.08,
      99.02,
      90.93,
      100000.0,
      100000.0,
      96.18,
      49.5,
      100000.0,
      104.32,
      82.97,
      100000.0,
      35.47,
      90.14,
      31.02,
      55.15,
      71.34,
      100000.0,
      100000.0,
      88.57,
      83.68,
      100000.0,
      100000.0,
      100000.0,
      6.32,
      50.7,
      42.95,
      26.17,
      26.17,
      85.8,
      85.0,
      59.03,
      59.17,
      87.02,
      87.09,
      72.25,
      70.43,
      24.74,
      28.86,
      16.28,
      18.68
    ],
    [
      43.57,
      90.87,
      65.12,
      91.29,
      31.24,
      100000.0,
      101.51,
      62.13,
      115.62,
      93.81,
      84.72,
      100000.0,
      100000.0,
      89.94,
      43.93,
      100000.0,
      99.73,
      76.66,
      100000.0,
      29.7,
      86.4,
      29.43,
      49.04,
      65.19,
      100000.0,
      100000.0,
      84.31,
      80.41,
      100000.0,
      100000.0,
      6.32,
      100000.0,
      44.38,
      36.67,
      24.19,
      25.63,
      80.43,
      79.88,
      54.78,
      54.56,
      85.09,
      85.59,
      66.48,
      64.54,
      18.44,
      22.56,
      14.32,
      19.42
    ],
    [
      13.42,
      72.25,
      66.61,
      56.36,
      26.42,
      100000.0,
      61.62,
      24.7,
      83.38,
      66.1,
      41.0,
      100000.0,
      100000.0,
      48.17,
      26.08,
      100000.0,
      78.03,
      32.28,
      100000.0,
      24.17,
      74.46,
      51.26,
      10.82,
      26.83,
      100000.0,
      100000.0,
      67.9,
      73.54,
      100000.0,
      100000.0,
      50.7,
      44.38,
      100000.0,
      8.06,
      47.8,
      53.6,
      52.47,
      55.04,
      46.14,
      42.49,
      87.66,
      91.02,
      35.36,
      31.58,
      25.96,
      21.84,
      46.1,
      54.23
    ],
    [
      16.03,
      76.01,
      66.24,
      63.13,
      23.35,
      100000.0,
      69.31,
      31.38,
      89.9,
      71.57,
      48.17,
      100000.0,
      100000.0,
      56.08,
      26.93,
      100000.0,
      82.49,
      40.16,
      100000.0,
      20.52,
      76.94,
      46.53,
      13.93,
      33.84,
      100000.0,
      100000.0,
      71.11,
      75.0,
      100000.0,
      100000.0,
      42.95,
      36.67,
      8.06,
      100000.0,
      42.54,
      48.1,
      57.72,
      59.68,
      46.82,
      43.68,
      87.66,
      90.55,
      40.8,
      37.34,
      18.25,
      14.14,
      39.62,
      47.85
    ],
    [
      40.01,
      71.28,
      41.59,
      79.65,
      23.0,
      100000.0,
      93.05,
      55.9,
      100.9,
      77.9,
      87.97,
      100000.0,
      100000.0,
      84.17,
      33.24,
      100000.0,
      80.8,
      77.1,
      100000.0,
      24.19,
      64.88,
      5.39,
      56.46,
      59.03,
      100000.0,
      100000.0,
      64.35,
      57.87,
      100000.0,
      100000.0,
      26.17,
      24.19,
      47.8,
      42.54,
      100000.0,
      6.0,
      65.8,
      63.78,
      35.47,
      36.8,
      61.01,
      61.4,
      55.54,
      55.03,
      29.0,
      31.4,
      10.0,
      11.31
    ],
    [
      46.01,
      74.81,
      43.01,
      84.97,
      29.0,
      100000.0,
      98.68,
      61.81,
      105.6,
      82.46,
      93.9,
      100000.0,
      100000.0,
      90.03,
      39.05,
      100000.0,
      84.5,
      83.1,
      100000.0,
      30.15,
      67.6,
      6.4,
      62.03,
      64.94,
      100000.0,
      100000.0,
      67.8,
      60.01,
      100000.0,
      100000.0,
      26.17,
      25.63,
      53.6,
      48.1,
      6.0,
      100000.0,
      70.72,
      68.41,
      39.62,
      41.4,
      61.2,
      61.01,
      61.1,
      60.73,
      33.6,
      36.36,
      11.66,
      8.25
    ],
    [
      42.06,
      23.85,
      46.04,
      17.03,
      49.2,
      100000.0,
      34.53,
      29.07,
      35.36,
      13.93,
      62.13,
      100000.0,
      100000.0,
      35.23,
      36.62,
      100000.0,
      26.48,
      49.24,
      100000.0,
      51.04,
      32.8,
      64.66,
      61.01,
      28.44,
      100000.0,
      100000.0,
      23.43,
      38.48,
      100000.0,
      100000.0,
      85.8,
      80.43,
      52.47,
      57.72,
      65.8,
      70.72,
      100000.0,
      5.83,
      32.31,
      29.53,
      58.31,
      63.91,
      17.12,
      21.02,
      67.12,
      64.4,
      72.18,
      77.01
    ],
    [
      43.74,
      18.79,
      41.01,
      22.36,
      48.88,
      100000.0,
      40.02,
      32.76,
      37.2,
      14.14,
      67.42,
      100000.0,
      100000.0,
      41.05,
      36.67,
      100000.0,
      23.0,
      54.38,
      100000.0,
      51.0,
      27.02,
      62.2,
      64.12,
      32.57,
      100000.0,
      100000.0,
      17.69,
      32.7,
      100000.0,
      100000.0,
      85.0,
      79.88,
      55.04,
      59.68,
      63.78,
      68.41,
      5.83,
      100000.0,
      29.15,
      27.02,
      52.55,
      58.19,
      20.22,
      24.33,
      67.62,
      65.19,
      70.77,
      75.07
    ],
    [
      32.76,
      36.24,
      21.26,
      48.27,
      27.0,
      100000.0,
      64.28,
      36.24,
      66.29,
      43.01,
      75.47,
      100000.0,
      100000.0,
      59.54,
      20.12,
      100000.0,
      45.49,
      62.27,
      100000.0,
      30.02,
      32.25,
      33.3,
      56.94,
      38.48,
      100000.0,
      100000.0,
      29.55,
      28.44,
      100000.0,
      100000.0,
      59.03,
      54.78,
      46.14,
      46.82,
      35.47,
      39.62,
      32.31,
      29.15,
      100000.0,
      4.47,
      41.62,
      45.34,
      28.44,
      30.36,
      47.04,
      46.04,
      43.57,
      46.75
    ],
    [
      29.07,
      36.4,
      25.61,
      44.92,
      25.32,
      100000.0,
      60.53,
      31.76,
      64.2,
      41.11,
      71.02,
      100000.0,
      100000.0,
      55.33,
      16.76,
      100000.0,
      45.18,
      57.8,
      100000.0,
      28.16,
      34.0,
      35.23,
      53.24,
      34.01,
      100000.0,
      100000.0,
      30.08,
      31.32,
      100000.0,
      100000.0,
      59.17,
      54.56,
      42.49,
      43.68,
      36.8,
      41.4,
      29.53,
      27.02,
      4.47,
      100000.0,
      45.61,
      49.52,
      24.19,
      25.96,
      45.4,
      44.05,
      44.2,
      48.1
    ],
    [
      74.33,
      41.05,
      21.54,
      74.63,
      65.55,
      100000.0,
      92.35,
      75.74,
      79.06,
      59.68,
      114.98,
      100000.0,
      100000.0,
      93.02,
      61.59,
      100000.0,
      49.16,
      101.53,
      100000.0,
      68.71,
      28.07,
      56.01,
      98.48,
      77.34,
      100000.0,
      100000.0,
      36.67,
      19.92,
      100000.0,
      100000.0,
      87.02,
      85.09,
      87.66,
      87.66,
      61.01,
      61.2,
      58.31,
      52.55,
      41.62,
      45.61,
      100000.0,
      6.0,
      65.0,
      68.25,
      83.93,
      84.12,
      71.01,
      69.35
    ],
    [
      77.8,
      47.04,
      24.41,
      80.36,
      67.98,
      100000.0,
      98.08,
      80.28,
      85.05,
      65.62,
      119.63,
      100000.0,
      100000.0,
      98.41,
      65.0,
      100000.0,
      55.15,
      106.21,
      100000.0,
      71.11,
      34.06,
      56.22,
      101.83,
      82.01,
      100000.0,
      100000.0,
      42.58,
      25.71,
      100000.0,
      100000.0,
      87.09,
      85.59,
      91.02,
      90.55,
      61.4,
      61.01,
      63.91,
      58.19,
      45.34,
      49.52,
      6.0,
      100000.0,
      69.89,
      73.01,
      85.7,
      86.16,
      71.34,
      69.01
    ],
    [
      25.5,
      38.6,
      47.93,
      24.84,
      35.61,
      100000.0,
      37.64,
      12.65,
      49.93,
      30.81,
      50.21,
      100000.0,
      100000.0,
      31.14,
      23.02,
      100000.0,
      43.1,
      36.77,
      100000.0,
      36.8,
      44.1,
      55.66,
      44.01,
      13.04,
      100000.0,
      100000.0,
      35.78,
      46.67,
      100000.0,
      100000.0,
      72.25,
      66.48,
      35.36,
      40.8,
      55.54,
      61.1,
      17.12,
      20.22,
      28.44,
      24.19,
      65.0,
      69.89,
      100000.0,
      4.12,
      51.61,
      48.55,
      60.21,
      66.19
    ],
    [
      22.47,
      42.72,
      50.54,
      26.91,
      34.13,
      100000.0,
      38.08,
      8.54,
      52.84,
      34.53,
      46.75,
      100000.0,
      100000.0,
      30.02,
      21.93,
      100000.0,
      47.17,
      33.3,
      100000.0,
      35.0,
      48.02,
      55.54,
      40.0,
      9.22,
      100000.0,
      100000.0,
      39.81,
      50.25,
      100000.0,
      100000.0,
      70.43,
      64.54,
      31.58,
      37.34,
      55.03,
      60.73,
      21.02,
      24.33,
      30.36,
      25.96,
      68.25,
      73.01,
      4.12,
      100000.0,
      49.04,
      45.8,
      59.06,
      65.39
    ],
    [
      26.87,
      81.25,
      62.59,
      75.93,
      20.1,
      100000.0,
      84.65,
      45.34,
      101.51,
      80.95,
      66.37,
      100000.0,
      100000.0,
      72.4,
      31.02,
      100000.0,
      89.19,
      58.24,
      100000.0,
      17.26,
      79.23,
      33.97,
      31.06,
      48.27,
      100000.0,
      100000.0,
      75.31,
      75.06,
      100000.0,
      100000.0,
      24.74,
      18.44,
      25.96,
      18.25,
      29.0,
      33.6,
      67.12,
      67.62,
      47.04,
      45.4,
      83.93,
      85.7,
      51.61,
      49.04,
      100000.0,
      4.12,
      23.26,
      31.38
    ],
    [
      23.43,
      79.43,
      62.64,
      72.62,
      19.1,
      100000.0,
      80.92,
      41.73,
      98.48,
      78.29,
      62.29,
      100000.0,
      100000.0,
      68.51,
      28.86,
      100000.0,
      87.09,
      54.12,
      100000.0,
      16.03,
      78.03,
      36.12,
      27.17,
      44.6,
      100000.0,
      100000.0,
      73.68,
      74.33,
      100000.0,
      100000.0,
      28.86,
      22.56,
      21.84,
      14.14,
      31.4,
      36.36,
      64.4,
      65.19,
      46.04,
      44.05,
      84.12,
      86.16,
      48.55,
      45.8,
      4.12,
      100000.0,
      26.57,
      34.79
    ],
    [
      41.0,
      79.76,
      51.48,
      84.88,
      25.08,
      100000.0,
      97.05,
      58.52,
      107.52,
      84.9,
      87.05,
      100000.0,
      100000.0,
      86.98,
      37.22,
      100000.0,
      89.04,
      77.23,
      100000.0,
      25.0,
      74.09,
      15.13,
      53.37,
      61.68,
      100000.0,
      100000.0,
      72.95,
      67.45,
      100000.0,
      100000.0,
      16.28,
      14.32,
      46.1,
      39.62,
      10.0,
      11.66,
      72.18,
      70.77,
      43.57,
      44.2,
      71.01,
      71.34,
      60.21,
      59.06,
      23.26,
      26.57,
      100000.0,
      8.25
    ],
    [
      48.51,
      82.42,
      51.24,
      90.55,
      32.02,
      100000.0,
      103.47,
      65.52,
      112.16,
      89.2,
      95.13,
      100000.0,
      100000.0,
      93.96,
      43.46,
      100000.0,
      92.01,
      85.09,
      100000.0,
      32.39,
      75.59,
      14.32,
      61.61,
      68.68,
      100000.0,
      100000.0,
      75.45,
      68.15,
      100000.0,
      100000.0,
      18.68,
      19.42,
      54.23,
      47.85,
      11.31,
      8.25,
      77.01,
      75.07,
      46.75,
      48.1,
      69.35,
      69.01,
      66.19,
      65.39,
      31.38,
      34.79,
      8.25,
      100000.0
    ]
  ],
  "rob_power_matrix": [
    [
      10000.0,
      10000.0,
      10000.0,
      10000.0,
      10000.0,
      10000.0,
      10000.0,
      10000.0,
      10000.0,
      10000.0,
      10000.0,
      10000.0,
      10000.0,
      10000.0,
      10000.0,
      10000.0,
      10000.0,
      10000.0,
      10000.0,
      10000.0,
      10000.0,
      10000.0,
      10000.0,
      10000.0,
      10000.0,
      10000.0,
      10000.0,
      10000.0,
      10000.0,
      10000.0,
      10000.0,
      10000.0,
      10000.0,
      10000.0,
      10000.0,
      10000.0,
      10000.0,
      10000.0,
      10000.0,
      10000.0,
      10000.0,
      10000.0,
      10000.0,
      10000.0,
      10000.0,
      10000.0,
      10000.0,
      10000.0
    ],
    [
      10000.0,
      10000.0,
      10000.0,
      10000.0,
      10000.0,
      10000.0,
      10000.0,
      10000.0,
      10000.0,
      10000.0,
      10000.0,
      10000.0,
      10000.0,
      10000.0,
      10000.0,
      10000.0,
      10000.0,
      10000.0,
      10000.0,
      10000.0,
      10000.0,
      10000.0,
      10000.0,
      10000.0,
      10000.0,
      10000.0,
      10000.0,
      10000.0,
      10000.0,
      10000.0,
      10000.0,
      10000.0,
      10000.0,
      10000.0,
      10000.0,
      10000.0,
      10000.0,
      10000.0,
      10000.0,
      10000.0,
      10000.0,
      10000.0,
      10000.0,
      10000.0,
      10000.0,
      10000.0,
      10000.0,
      10000.0
    ],
    [
      10000.0,
      10000.0,
      10000.0,
      6.307,
      4.401,
      4.438000000000001,
      8.040000000000001,
      5.714,
      7.463,
      5.2170000000000005,
      9.652000000000001,
      6.742000000000001,
      2.4760000000000004,
      7.816,
      4.061,
      6.210000000000001,
      4.751,
      8.322000000000001,
      4.876,
      4.7170000000000005,
      2.6910000000000003,
      3.7110000000000003,
      7.742000000000001,
      5.917000000000001,
      2.508,
      4.201,
      3.087,
      1.7800000000000002,
      5.239000000000001,
      6.6610000000000005,
      6.774,
      6.5120000000000005,
      6.6610000000000005,
      6.624,
      4.159000000000001,
      4.301,
      4.604,
      4.101,
      2.1260000000000003,
      2.561,
      2.154,
      2.4410000000000003,
      4.793,
      5.054,
      6.259,
      6.264,
      5.148,
      5.1240000000000006
    ],
    [
      10000.0,
      10000.0,
      6.307,
      10000.0,
      6.0440000000000005,
      8.412,
      1.772,
      3.176,
      2.72,
      1.8440000000000003,
      5.376,
      6.037,
      4.838000000000001,
      2.247,
      4.78,
      7.388,
      3.483,
      4.258,
      2.8280000000000003,
      6.162,
      4.785,
      7.920000000000001,
      6.264,
      2.955,
      7.749,
      2.1100000000000003,
      3.848,
      5.471,
      8.904000000000002,
      9.567,
      9.708,
      9.129000000000001,
      5.636,
      6.313000000000001,
      7.965000000000001,
      8.497,
      1.7030000000000003,
      2.236,
      4.827000000000001,
      4.492,
      7.463,
      8.036,
      2.484,
      2.6910000000000003,
      7.593000000000001,
      7.2620000000000005,
      8.488,
      9.055
    ],
    [
      10000.0,
      10000.0,
      4.401,
      6.0440000000000005,
      10000.0,
      2.7070000000000003,
      7.2010000000000005,
      3.353,
      8.439,
      6.268000000000001,
      6.531000000000001,
      2.561,
      2.302,
      6.198,
      1.2730000000000001,
      1.9000000000000001,
      6.964,
      5.415,
      3.2450000000000006,
      0.31600000000000006,
      5.914000000000001,
      2.5500000000000003,
      3.64,
      3.669,
      6.908,
      4.771,
      5.532,
      5.523,
      2.9730000000000003,
