{
  "name": "M-d2-n8-k1-p2",
  "V_coordinates": [
    [
      73,
      50
    ],
    [
      13,
      50
    ],
    [
      62,
      65
    ],
    [
      94,
      62
    ],
    [
      8,
      88
    ],
    [
      8,
      7
    ],
    [
      31,
      17
    ],
    [
      20,
      68
    ],
    [
      18,
      45
    ],
    [
      34,
      80
    ],
    [
      74,
      6
    ],
    [
      39,
      97
    ],
    [
      54,
      60
    ],
    [
      88,
      53
    ],
    [
      82,
      5
    ],
    [
      13,
      37
    ],
    [
      53,
      92
    ],
    [
      67,
      8
    ],
    [
      66,
      66
    ],
    [
      59,
      64
    ],
    [
      36,
      85
    ],
    [
      35,
      79
    ],
    [
      51,
      95
    ],
    [
      52,
      87
    ],
    [
      63,
      10
    ],
    [
      66,
      6
    ],
    [
      84,
      51
    ],
    [
      90,
      51
    ]
  ],
  "V": [
    0,
    1,
    2,
    3,
    4,
    5,
    6,
    7,
    8,
    9,
    10,
    11,
    12,
    13,
    14,
    15,
    16,
    17,
    18,
    19,
    20,
    21,
    22,
    23,
    24,
    25,
    26,
    27
  ],
  "VD": [
    0,
    1
  ],
  "VC": [
    2,
    3,
    4,
    5,
    6,
    7,
    8,
    9,
    10,
    11,
    12,
    13,
    14,
    15,
    16,
    17
  ],
  "VP": [
    18,
    19,
    20,
    21,
    22,
    23,
    24,
    25,
    26,
    27
  ],
  "VC1": [
    3,
    4,
    5,
    6,
    7,
    8,
    10,
    11,
    12,
    14,
    15
  ],
  "VC2": [
    2,
    9,
    16,
    17,
    13
  ],
  "demand": [
    0,
    0,
    28,
    11,
    25,
    17,
    22,
    23,
    15,
    21,
    27,
    21,
    12,
    24,
    26,
    13,
    15,
    26,
    0,
    0,
    0,
    0,
    0,
    0,
    0,
    0,
    0,
    0
  ],
  "service_time": [
    0,
    0,
    16,
    15,
    17,
    10,
    17,
    10,
    14,
    19,
    19,
    19,
    16,
    20,
    12,
    12,
    18,
    13,
    0,
    0,
    0,
    0,
    0,
    0,
    0,
    0,
    0,
    0
  ],
  "K": [
    0,
    1
  ],
  "veh_dist_matrix": [
    [
      100000.0,
      60.0,
      100000.0,
      24.19,
      75.29,
      77.94,
      53.41,
      55.97,
      55.23,
      100000.0,
      44.01,
      58.01,
      21.47,
      100000.0,
      45.89,
      61.39,
      100000.0,
      100000.0,
      17.46,
      19.8,
      50.93,
      47.8,
      50.09,
      42.54,
      41.23,
      44.55,
      11.05,
      17.03
    ],
    [
      60.0,
      100000.0,
      100000.0,
      81.88,
      38.33,
      43.29,
      37.59,
      19.31,
      7.07,
      100000.0,
      75.21,
      53.71,
      42.2,
      100000.0,
      82.38,
      13.0,
      100000.0,
      100000.0,
      55.36,
      48.08,
      41.88,
      36.4,
      58.9,
      53.76,
      64.03,
      68.88,
      71.01,
      77.01
    ],
    [
      100000.0,
      100000.0,
      100000.0,
      100000.0,
      100000.0,
      100000.0,
      100000.0,
      100000.0,
      100000.0,
      100000.0,
      100000.0,
      100000.0,
      100000.0,
      100000.0,
      100000.0,
      100000.0,
      100000.0,
      100000.0,
      100000.0,
      100000.0,
      100000.0,
      100000.0,
      100000.0,
      100000.0,
      100000.0,
      100000.0,
      100000.0,
      100000.0
    ],
    [
      24.19,
      81.88,
      100000.0,
      100000.0,
      89.84,
      102.08,
      77.42,
      74.24,
      77.88,
      100000.0,
      59.46,
      65.19,
      40.05,
      100000.0,
      58.25,
      84.77,
      100000.0,
      100000.0,
      28.28,
      35.06,
      62.39,
      61.4,
      54.2,
      48.88,
      60.54,
      62.61,
      14.87,
      11.7
    ],
    [
      75.29,
      38.33,
      100000.0,
      89.84,
      100000.0,
      81.0,
      74.63,
      23.32,
      44.15,
      100000.0,
      105.26,
      32.28,
      53.85,
      100000.0,
      111.2,
      51.24,
      100000.0,
      100000.0,
      62.03,
      56.36,
      28.16,
      28.46,
      43.57,
      44.01,
      95.44,
      100.44,
      84.53,
      89.96
    ],
    [
      77.94,
      43.29,
      100000.0,
      102.08,
      81.0,
      100000.0,
      25.08,
      62.17,
      39.29,
      100000.0,
      66.01,
      95.19,
      70.18,
      100000.0,
      74.03,
      30.41,
      100000.0,
      100000.0,
      82.73,
      76.49,
      82.87,
      76.9,
      97.94,
      91.3,
      55.08,
      58.01,
      87.82,
      93.06
    ],
    [
      53.41,
      37.59,
      100000.0,
      77.42,
      74.63,
      25.08,
      100000.0,
      52.17,
      30.87,
      100000.0,
      44.38,
      80.4,
      48.76,
      100000.0,
      52.39,
      26.91,
      100000.0,
      100000.0,
      60.22,
      54.71,
      68.18,
      62.13,
      80.52,
      73.08,
      32.76,
      36.69,
      62.97,
      68.1
    ],
    [
      55.97,
      19.31,
      100000.0,
      74.24,
      23.32,
      62.17,
      52.17,
      100000.0,
      23.09,
      100000.0,
      82.22,
      34.67,
      34.93,
      100000.0,
      88.39,
      31.78,
      100000.0,
      100000.0,
      46.04,
      39.2,
      23.35,
      18.6,
      41.11,
      37.22,
      72.2,
      77.2,
      66.22,
      72.03
    ],
    [
      55.23,
      7.07,
      100000.0,
      77.88,
      44.15,
      39.29,
      30.87,
      23.09,
      100000.0,
      100000.0,
      68.24,
      56.08,
      39.0,
      100000.0,
      75.47,
      9.43,
      100000.0,
      100000.0,
      52.39,
      45.19,
      43.86,
      38.01,
      59.91,
      54.04,
      57.01,
      61.85,
      66.27,
      72.25
    ],
    [
      100000.0,
      100000.0,
      100000.0,
      100000.0,
      100000.0,
      100000.0,
      100000.0,
      100000.0,
      100000.0,
      100000.0,
      100000.0,
      100000.0,
      100000.0,
      100000.0,
      100000.0,
      100000.0,
      100000.0,
      100000.0,
      100000.0,
      100000.0,
      100000.0,
      100000.0,
      100000.0,
      100000.0,
      100000.0,
      100000.0,
      100000.0,
      100000.0
    ],
    [
      44.01,
      75.21,
      100000.0,
      59.46,
      105.26,
      66.01,
      44.38,
      82.22,
      68.24,
      100000.0,
      100000.0,
      97.5,
      57.58,
      100000.0,
      8.06,
      68.43,
      100000.0,
      100000.0,
      60.53,
      59.91,
      87.66,
      82.76,
      91.92,
      83.93,
      11.7,
      8.0,
      46.1,
      47.76
    ],
    [
      58.01,
      53.71,
      100000.0,
      65.19,
      32.28,
      95.19,
      80.4,
      34.67,
      56.08,
      100000.0,
      97.5,
      100000.0,
      39.92,
      100000.0,
      101.55,
      65.39,
      100000.0,
      100000.0,
      41.11,
      38.59,
      12.37,
      18.44,
      12.17,
      16.4,
      90.25,
      94.92,
      64.35,
      68.68
    ],
    [
      21.47,
      42.2,
      100000.0,
      40.05,
      53.85,
      70.18,
      48.76,
      34.93,
      39.0,
      100000.0,
      57.58,
      39.92,
      100000.0,
      100000.0,
      61.72,
      47.01,
      100000.0,
      100000.0,
      13.42,
      6.4,
      30.81,
      26.87,
      35.13,
      27.07,
      50.8,
      55.32,
      31.32,
      37.11
    ],
    [
      100000.0,
      100000.0,
      100000.0,
      100000.0,
      100000.0,
      100000.0,
      100000.0,
      100000.0,
      100000.0,
      100000.0,
      100000.0,
      100000.0,
      100000.0,
      100000.0,
      100000.0,
      100000.0,
      100000.0,
      100000.0,
      100000.0,
      100000.0,
      100000.0,
      100000.0,
      100000.0,
      100000.0,
      100000.0,
      100000.0,
      100000.0,
      100000.0
    ],
    [
      45.89,
      82.38,
      100000.0,
      58.25,
      111.2,
      74.03,
      52.39,
      88.39,
      75.47,
      100000.0,
      8.06,
      101.55,
      61.72,
      100000.0,
      100000.0,
      76.06,
      100000.0,
      100000.0,
      63.06,
      63.32,
      92.28,
      87.66,
      95.19,
      87.32,
      19.65,
      16.03,
      46.04,
      46.69
    ],
    [
      61.39,
      13.0,
      100000.0,
      84.77,
      51.24,
      30.41,
      26.91,
      31.78,
      9.43,
      100000.0,
      68.43,
      65.39,
      47.01,
      100000.0,
      76.06,
      100000.0,
      100000.0,
      100000.0,
      60.42,
      53.34,
      53.23,
      47.41,
      69.34,
      63.41,
      56.82,
      61.4,
      72.37,
      78.26
    ],
    [
      100000.0,
      100000.0,
      100000.0,
      100000.0,
      100000.0,
      100000.0,
      100000.0,
      100000.0,
      100000.0,
      100000.0,
      100000.0,
      100000.0,
      100000.0,
      100000.0,
      100000.0,
      100000.0,
      100000.0,
      100000.0,
      100000.0,
      100000.0,
      100000.0,
      100000.0,
      100000.0,
      100000.0,
      100000.0,
      100000.0,
      100000.0,
      100000.0
    ],
    [
      100000.0,
      100000.0,
      100000.0,
      100000.0,
      100000.0,
      100000.0,
      100000.0,
      100000.0,
      100000.0,
      100000.0,
      100000.0,
      100000.0,
      100000.0,
      100000.0,
      100000.0,
      100000.0,
      100000.0,
      100000.0,
      100000.0,
      100000.0,
      100000.0,
      100000.0,
      100000.0,
      100000.0,
      100000.0,
      100000.0,
      100000.0,
      100000.0
    ],
    [
      17.46,
      55.36,
      100000.0,
      28.28,
      62.03,
      82.73,
      60.22,
      46.04,
      52.39,
      100000.0,
      60.53,
      41.11,
      13.42,
      100000.0,
      63.06,
      60.42,
      100000.0,
      100000.0,
      100000.0,
      7.28,
      35.51,
      33.62,
      32.65,
      25.24,
      56.08,
      60.0,
      23.43,
      28.3
    ],
    [
      19.8,
      48.08,
      100000.0,
      35.06,
      56.36,
      76.49,
      54.71,
      39.2,
      45.19,
      100000.0,
      59.91,
      38.59,
      6.4,
      100000.0,
      63.32,
      53.34,
      100000.0,
      100000.0,
      7.28,
      100000.0,
      31.14,
      28.3,
      32.02,
      24.04,
      54.15,
      58.42,
      28.18,
      33.62
    ],
    [
      50.93,
      41.88,
      100000.0,
      62.39,
      28.16,
      82.87,
      68.18,
      23.35,
      43.86,
      100000.0,
      87.66,
      12.37,
      30.81,
      100000.0,
      92.28,
      53.23,
      100000.0,
      100000.0,
      35.51,
      31.14,
      100000.0,
      6.08,
      18.03,
      16.12,
      79.71,
      84.5,
      58.82,
      63.81
    ],
    [
      47.8,
      36.4,
      100000.0,
      61.4,
      28.46,
      76.9,
      62.13,
      18.6,
      38.01,
      100000.0,
      82.76,
      18.44,
      26.87,
      100000.0,
      87.66,
      47.41,
      100000.0,
      100000.0,
      33.62,
      28.3,
      6.08,
      100000.0,
      22.63,
      18.79,
      74.46,
      79.31,
      56.44,
      61.72
    ],
    [
      50.09,
      58.9,
      100000.0,
      54.2,
      43.57,
      97.94,
      80.52,
      41.11,
      59.91,
      100000.0,
      91.92,
      12.17,
      35.13,
      100000.0,
      95.19,
      69.34,
      100000.0,
      100000.0,
      32.65,
      32.02,
      18.03,
      22.63,
      100000.0,
      8.06,
      85.84,
      90.26,
      55.0,
      58.8
    ],
    [
      42.54,
      53.76,
      100000.0,
      48.88,
      44.01,
      91.3,
      73.08,
      37.22,
      54.04,
      100000.0,
      83.93,
      16.4,
      27.07,
      100000.0,
      87.32,
      63.41,
      100000.0,
      100000.0,
      25.24,
      24.04,
      16.12,
      18.79,
      8.06,
      100000.0,
      77.78,
      82.2,
      48.17,
      52.35
    ],
    [
      41.23,
      64.03,
      100000.0,
      60.54,
      95.44,
      55.08,
      32.76,
      72.2,
      57.01,
      100000.0,
      11.7,
      90.25,
      50.8,
      100000.0,
      19.65,
      56.82,
      100000.0,
      100000.0,
      56.08,
      54.15,
      79.71,
      74.46,
      85.84,
      77.78,
      100000.0,
      5.0,
      46.07,
      49.09
    ],
    [
      44.55,
      68.88,
      100000.0,
      62.61,
      100.44,
      58.01,
      36.69,
      77.2,
      61.85,
      100000.0,
      8.0,
      94.92,
      55.32,
      100000.0,
      16.03,
      61.4,
      100000.0,
      100000.0,
      60.0,
      58.42,
      84.5,
      79.31,
      90.26,
      82.2,
      5.0,
      100000.0,
      48.47,
      51.0
    ],
    [
      11.05,
      71.01,
      100000.0,
      14.87,
      84.53,
      87.82,
      62.97,
      66.22,
      66.27,
      100000.0,
      46.1,
      64.35,
      31.32,
      100000.0,
      46.04,
      72.37,
      100000.0,
      100000.0,
      23.43,
      28.18,
      58.82,
      56.44,
      55.0,
      48.17,
      46.07,
      48.47,
      100000.0,
      6.0
    ],
    [
      17.03,
      77.01,
      100000.0,
      11.7,
      89.96,
      93.06,
      68.1,
      72.03,
      72.25,
      100000.0,
      47.76,
      68.68,
      37.11,
      100000.0,
      46.69,
      78.26,
      100000.0,
      100000.0,
      28.3,
      33.62,
      63.81,
      61.72,
      58.8,
      52.35,
      49.09,
      51.0,
      6.0,
      100000.0
    ]
  ],
  "rob_power_matrix": [
    [
      10000.0,
      10000.0,
      10000.0,
      10000.0,
      10000.0,
      10000.0,
      10000.0,
      10000.0,
      10000.0,
      10000.0,
      10000.0,
      10000.0,
      10000.0,
      10000.0,
      10000.0,
      10000.0,
      10000.0,
      10000.0,
      10000.0,
      10000.0,
      10000.0,
      10000.0,
      10000.0,
      10000.0,
      10000.0,
      10000.0,
      10000.0,
      10000.0
    ],
    [
      10000.0,
      10000.0,
      10000.0,
      10000.0,
      10000.0,
      10000.0,
      10000.0,
      10000.0,
      10000.0,
      10000.0,
      10000.0,
      10000.0,
      10000.0,
      10000.0,
      10000.0,
      10000.0,
      10000.0,
      10000.0,
      10000.0,
      10000.0,
      10000.0,
      10000.0,
      10000.0,
      10000.0,
      10000.0,
      10000.0,
      10000.0,
      10000.0
    ],
    [
      10000.0,
      10000.0,
      10000.0,
      3.2140000000000004,
      5.869,
      7.925000000000001,
      5.714,
      4.211,
      4.833,
      3.176,
      6.021000000000001,
      3.941,
      0.9430000000000001,
      2.8640000000000003,
      6.325,
      5.644,
      2.846,
      5.722,
      0.41200000000000003,
      0.31600000000000006,
      3.28,
      3.0410000000000004,
      3.1950000000000003,
      2.4170000000000003,
      5.501,
      5.914000000000001,
      2.608,
      3.1300000000000003
    ],
    [
      10000.0,
      10000.0,
      3.2140000000000004,
      10000.0,
      8.984,
      10.208,
      7.742000000000001,
      7.4239999999999995,
      7.788,
      6.264,
      5.946000000000001,
      6.519,
      4.005,
      1.082,
      5.825,
      8.477,
      5.08,
      6.037,
      2.8280000000000003,
      3.5060000000000002,
      6.239000000000001,
      6.140000000000001,
      5.420000000000001,
      4.888000000000001,
      6.054,
      6.261,
      1.487,
      1.17
    ],
    [
      10000.0,
      10000.0,
      5.869,
      8.984,
      10000.0,
      8.1,
      7.463,
      2.3320000000000003,
      4.415,
      2.72,
      10.526000000000002,
      3.228,
      5.385000000000001,
      8.732,
      11.120000000000001,
      5.1240000000000006,
      4.518,
      9.940000000000001,
      6.203,
      5.636,
      2.8160000000000003,
      2.846,
      4.357,
      4.401,
      9.544,
      10.044,
      8.453000000000001,
      8.996
    ],
    [
      10000.0,
      10000.0,
      7.925000000000001,
      10.208,
      8.1,
      10000.0,
      2.508,
      6.2170000000000005,
      3.9290000000000003,
      7.749,
      6.601000000000001,
      9.519,
      7.018000000000001,
      9.228,
      7.4030000000000005,
      3.0410000000000004,
      9.618000000000002,
      5.901,
      8.273000000000001,
      7.649,
      8.287,
      7.690000000000001,
      9.794,
      9.13,
      5.508,
      5.801,
      8.782,
      9.306000000000001
    ],
    [
      10000.0,
      10000.0,
      5.714,
      7.742000000000001,
      7.463,
      2.508,
      10000.0,
      5.2170000000000005,
      3.087,
      6.307,
      4.438000000000001,
      8.040000000000001,
      4.876,
      6.742000000000001,
      5.239000000000001,
      2.6910000000000003,
      7.816,
      3.7110000000000003,
      6.022,
      5.471,
      6.818000000000001,
      6.213000000000001,
      8.052,
      7.308,
      3.276,
      3.669,
      6.297000000000001,
      6.81
    ],
    [
      10000.0,
      10000.0,
      4.211,
      7.4239999999999995,
      2.3320000000000003,
      6.2170000000000005,
      5.2170000000000005,
      10000.0,
      2.309,
      1.8440000000000003,
      8.222,
      3.4670000000000005,
      3.4930000000000003,
      6.963,
      8.839,
      3.1780000000000004,
      4.08,
      7.622,
      4.604,
      3.9200000000000004,
      2.3350000000000004,
      1.8600000000000003,
      4.111,
      3.722,
      7.220000000000001,
      7.720000000000001,
      6.622,
      7.203
    ],
    [
      10000.0,
      10000.0,
      4.833,
      7.788,
      4.415,
      3.9290000000000003,
      3.087,
      2.309,
      10000.0,
      3.848,
      6.824,
      5.6080000000000005,
      3.9000000000000004,
      7.045999999999999,
      7.547000000000001,
      0.9430000000000001,
      5.86,
      6.140000000000001,
      5.239000000000001,
      4.519,
      4.386,
      3.801,
      5.991,
      5.404,
      5.7010000000000005,
      6.1850000000000005,
      6.627,
      7.2250000000000005
    ],
    [
      10000.0,
      10000.0,
      3.176,
      6.264,
      2.72,
      7.749,
      6.307,
      1.8440000000000003,
      3.848,
      10000.0,
      8.412,
      1.772,
      2.8280000000000003,
      6.037,
      8.904000000000002,
      4.785,
      2.247,
      7.920000000000001,
      3.4930000000000003,
      2.968,
      0.539,
      0.141,
      2.2670000000000003,
      1.931,
      7.577,
      8.062000000000001,
      5.78,
      6.306000000000001
    ],
    [
      10000.0,
      10000.0,
      6.021000000000001,
      5.946000000000001,
      10.526000000000002,
      6.601000000000001,
      4.438000000000001,
      8.222,
      6.824,
      8.412,
      10000.0,
      9.75,
      5.758,
      4.904,
      0.806,
      6.843000000000001,
      8.853,
      0.7280000000000001,
      6.053000000000001,
      5.991,
      8.766,
      8.276000000000002,
      9.192,
      8.393,
      1.17,
      0.8,
      4.61,
      4.776
    ],
    [
      10000.0,
      10000.0,
      3.941,
      6.519,
      3.228,
      9.519,
      8.040000000000001,
      3.4670000000000005,
      5.6080000000000005,
      1.772,
      9.75,
      10000.0,
      3.9920000000000004,
      6.586,
      10.155000000000001,
      6.539000000000001,
      1.487,
      9.33,
      4.111,
      3.8590000000000004,
      1.237,
      1.8440000000000003,
      1.217,
      1.64,
      9.025,
      9.492,
      6.435,
      6.868000000000001
    ],
    [
      10000.0,
      10000.0,
      0.9430000000000001,
      4.005,
      5.385000000000001,
      7.018000000000001,
      4.876,
      3.4930000000000003,
      3.9000000000000004,
      2.8280000000000003,
      5.758,
      3.9920000000000004,
      10000.0,
      3.471,
      6.172000000000001,
      4.701,
      3.2020000000000004,
      5.36,
      1.342,
      0.6400000000000001,
      3.081,
      2.6870000000000003,
      3.5130000000000003,
      2.7070000000000003,
      5.08,
      5.532,
      3.132,
      3.7110000000000003
    ],
    [
      10000.0,
      10000.0,
      2.8640000000000003,
      1.082,
      8.732,
      9.228,
      6.742000000000001,
      6.963,
      7.045999999999999,
      6.037,
      4.904,
      6.586,
      3.471,
      10000.0,
      4.837,
      7.6690000000000005,
      5.24,
      4.966,
      2.555,
      3.1020000000000003,
      6.106000000000001,
      5.9030000000000005,
      5.597,
      4.952000000000001,
      4.974,
      5.189,
      0.447,
      0.28300000000000003
    ],
    [
      10000.0,
      10000.0,
      6.325,
      5.825,
      11.120000000000001,
      7.4030000000000005,
      5.239000000000001,
      8.839,
      7.547000000000001,
      8.904000000000002,
      0.806,
      10.155000000000001,
      6.172000000000001,
      4.837,
      10000.0,
      7.606000000000001,
      9.171,
      1.5300000000000002,
      6.306000000000001,
      6.332000000000001,
      9.228,
      8.766,
      9.519,
      8.732,
      1.9649999999999999,
      1.6030000000000002,
      4.604,
      4.669
    ],
    [
      10000.0,
      10000.0,
      5.644,
      8.477,
      5.1240000000000006,
      3.0410000000000004,
      2.6910000000000003,
      3.1780000000000004,
      0.9430000000000001,
      4.785,
      6.843000000000001,
      6.539000000000001,
      4.701,
      7.6690000000000005,
      7.606000000000001,
      10000.0,
      6.801000000000001,
      6.1290000000000004,
      6.042000000000001,
      5.3340000000000005,
      5.323,
      4.741,
      6.934000000000001,
      6.341,
      5.682,
      6.140000000000001,
      7.237000000000001,
      7.8260000000000005
    ],
    [
      10000.0,
      10000.0,
      2.846,
      5.08,
      4.518,
      9.618000000000002,
      7.816,
      4.08,
      5.86,
      2.247,
      8.853,
      1.487,
      3.2020000000000004,
      5.24,
      9.171,
      6.801000000000001,
      10000.0,
      8.516,
      2.907,
      2.8640000000000003,
      1.838,
      2.22,
      0.361,
      0.51,
      8.261000000000001,
      8.698,
      5.140000000000001,
      5.523
    ],
    [
      10000.0,
      10000.0,
      5.722,
      6.037,
      9.940000000000001,
      5.901,
      3.7110000000000003,
      7.622,
      6.140000000000001,
      7.920000000000001,
      0.7280000000000001,
      9.33,
      5.36,
      4.966,
      1.5300000000000002,
      6.1290000000000004,
      8.516,
      10000.0,
      5.801,
      5.657,
      8.301,
      7.788,
      8.846,
      8.041,
      0.447,
      0.22400000000000003,
      4.6240000000000006,
      4.876
    ],
    [
      10000.0,
      10000.0,
      0.41200000000000003,
      2.8280000000000003,
      6.203,
      8.273000000000001,
      6.022,
      4.604,
      5.239000000000001,
      3.4930000000000003,
      6.053000000000001,
      4.111,
      1.342,
      2.555,
      6.306000000000001,
      6.042000000000001,
      2.907,
      5.801,
      10000.0,
      0.7280000000000001,
      3.551,
      3.362,
      3.265,
      2.524,
      5.6080000000000005,
      6.0,
      2.343,
      2.83
    ],
    [
      10000.0,
      10000.0,
      0.31600000000000006,
      3.5060000000000002,
      5.636,
      7.649,
      5.471,
      3.9200000000000004,
      4.519,
      2.968,
      5.991,
      3.8590000000000004,
      0.6400000000000001,
      3.1020000000000003,
      6.332000000000001,
      5.3340000000000005,
      2.8640000000000003,
      5.657,
      0.7280000000000001,
      10000.0,
      3.1140000000000003,
      2.83,
      3.2020000000000004,
      2.404,
      5.415,
      5.8420000000000005,
      2.818,
      3.362
    ],
    [
      10000.0,
      10000.0,
      3.28,
      6.239000000000001,
      2.8160000000000003,
      8.287,
      6.818000000000001,
      2.3350000000000004,
      4.386,
      0.539,
      8.766,
      1.237,
      3.081,
      6.106000000000001,
      9.228,
      5.323,
      1.838,
      8.301,
      3.551,
      3.1140000000000003,
      10000.0,
      0.6080000000000001,
      1.8030000000000002,
      1.612,
      7.971,
      8.450000000000001,
      5.882000000000001,
      6.381
    ],
    [
      10000.0,
      10000.0,
      3.0410000000000004,
      6.140000000000001,
      2.846,
      7.690000000000001,
      6.213000000000001,
      1.8600000000000003,
      3.801,
      0.141,
      8.276000000000002,
      1.8440000000000003,
      2.6870000000000003,
      5.9030000000000005,
      8.766,
      4.741,
      2.22,
      7.788,
      3.362,
      2.83,
      0.6080000000000001,
      10000.0,
      2.263,
      1.879,
      7.446,
      7.931000000000001,
      5.644,
      6.172000000000001
    ],
    [
      10000.0,
      10000.0,
      3.1950000000000003,
      5.420000000000001,
      4.357,
      9.794,
      8.052,
      4.111,
      5.991,
      2.2670000000000003,
      9.192,
      1.217,
      3.5130000000000003,
      5.597,
      9.519,
      6.934000000000001,
      0.361,
      8.846,
      3.265,
      3.2020000000000004,
      1.8030000000000002,
      2.263,
      10000.0,
      0.806,
      8.584000000000001,
      9.026000000000002,
      5.5,
      5.88
    ],
    [
      10000.0,
      10000.0,
      2.4170000000000003,
      4.888000000000001,
      4.401,
      9.13,
      7.308,
      3.722,
      5.404,
      1.931,
      8.393,
      1.64,
      2.7070000000000003,
      4.952000000000001,
      8.732,
      6.341,
      0.51,
      8.041,
      2.524,
      2.404,
      1.612,
      1.879,
      0.806,
      10000.0,
      7.7780000000000005,
      8.22,
      4.817,
      5.235
    ],
    [
      10000.0,
      10000.0,
      5.501,
      6.054,
      9.544,
      5.508,
      3.276,
      7.220000000000001,
      5.7010000000000005,
      7.577,
      1.17,
      9.025,
      5.08,
      4.974,
      1.9649999999999999,
      5.682,
      8.261000000000001,
      0.447,
      5.6080000000000005,
      5.415,
      7.971,
      7.446,
      8.584000000000001,
      7.7780000000000005,
      10000.0,
      0.5,
      4.607,
      4.909000000000001
    ],
    [
      10000.0,
      10000.0,
      5.914000000000001,
      6.261,
      10.044,
      5.801,
      3.669,
      7.720000000000001,
      6.1850000000000005,
      8.062000000000001,
      0.8,
      9.492,
      5.532,
      5.189,
      1.6030000000000002,
      6.140000000000001,
      8.698,
      0.22400000000000003,
      6.0,
      5.8420000000000005,
      8.450000000000001,
      7.931000000000001,
      9.026000000000002,
      8.22,
      0.5,
      10000.0,
      4.847,
      5.1000000000000005
    ],
    [
      10000.0,
      10000.0,
      2.608,
      1.487,
      8.453000000000001,
      8.782,
      6.297000000000001,
      6.622,
      6.627,
      5.78,
      4.61,
      6.435,
      3.132,
      0.447,
      4.604,
      7.237000000000001,
      5.140000000000001,
      4.6240000000000006,
      2.343,
      2.818,
      5.882000000000001,
      5.644,
      5.5,
      4.817,
      4.607,
      4.847,
      10000.0,
      0.6000000000000001
    ],
    [
      10000.0,
      10000.0,
      3.1300000000000003,
      1.17,
      8.996,
      9.306000000000001,
      6.81,
      7.203,
      7.2250000000000005,
      6.306000000000001,
      4.776,
      6.868000000000001,
      3.7110000000000003,
      0.28300000000000003,
      4.669,
      7.8260000000000005,
      5.523,
      4.876,
      2.83,
      3.362,
      6.381,
      6.172000000000001,
      5.88,
      5.235,
      4.909000000000001,
      5.1000000000000005,
      0.6000000000000001,
      10000.0
    ]
  ],
  "vehicle_cost_matrix": [
    [
      100000.0,
      120.0,
      100000.0,
      48.38,
      150.58,
      155.88,
      106.82,
      111.94,
      110.46,
      100000.0,
      88.02,
      116.02,
      42.94,
      100000.0,
      91.78,
      122.78,
      100000.0,
      100000.0,
      34.92,
      39.6,
      101.86,
      95.6,
      100.18,
      85.08,
      82.46,
      89.1,
      22.1,
      34.06
    ],
    [
      120.0,
      100000.0,
      100000.0,
      163.76,
      76.66,
      86.58,
      75.18,
      38.62,
      14.14,
      100000.0,
      150.42,
      107.42,
      84.4,
      100000.0,
      164.76,
      26.0,
      100000.0,
      100000.0,
      110.72,
      96.16,
      83.76,
      72.8,
      117.8,
      107.52,
      128.06,
      137.76,
      142.02,
      154.02
    ],
    [
      100000.0,
      100000.0,
      100000.0,
      100000.0,
      100000.0,
      100000.0,
      100000.0,
      100000.0,
      100000.0,
      100000.0,
      100000.0,
      100000.0,
      100000.0,
      100000.0,
      100000.0,
      100000.0,
      100000.0,
      100000.0,
      100000.0,
      100000.0,
      100000.0,
      100000.0,
      100000.0,
      100000.0,
      100000.0,
      100000.0,
      100000.0,
      100000.0
    ],
    [
      48.38,
      163.76,
      100000.0,
      100000.0,
      179.68,
      204.16,
      154.84,
      148.48,
      155.76,
      100000.0,
      118.92,
      130.38,
      80.1,
      100000.0,
      116.5,
      169.54,
      100000.0,
      100000.0,
      56.56,
      70.12,
      124.78,
      122.8,
      108.4,
      97.76,
      121.08,
      125.22,
      29.74,
      23.4
    ],
    [
      150.58,
      76.66,
      100000.0,
      179.68,
      100000.0,
      162.0,
      149.26,
      46.64,
      88.3,
      100000.0,
      210.52,
      64.56,
      107.7,
      100000.0,
      222.4,
      102.48,
      100000.0,
      100000.0,
      124.06,
      112.72,
      56.32,
      56.92,
      87.14,
      88.02,
      190.88,
      200.88,
      169.06,
      179.92
    ],
    [
      155.88,
      86.58,
      100000.0,
      204.16,
      162.0,
      100000.0,
      50.16,
      124.34,
      78.58,
      100000.0,
      132.02,
      190.38,
      140.36,
      100000.0,
      148.06,
      60.82,
      100000.0,
      100000.0,
      165.46,
      152.98,
      165.74,
      153.8,
      195.88,
      182.6,
      110.16,
      116.02,
      175.64,
      186.12
    ],
    [
      106.82,
      75.18,
      100000.0,
      154.84,
      149.26,
      50.16,
      100000.0,
      104.34,
      61.74,
      100000.0,
      88.76,
      160.8,
      97.52,
      100000.0,
      104.78,
      53.82,
      100000.0,
      100000.0,
      120.44,
      109.42,
      136.36,
      124.26,
      161.04,
      146.16,
      65.52,
      73.38,
      125.94,
      136.2
    ],
    [
      111.94,
      38.62,
      100000.0,
      148.48,
      46.64,
      124.34,
      104.34,
      100000.0,
      46.18,
      100000.0,
      164.44,
      69.34,
      69.86,
      100000.0,
      176.78,
      63.56,
      100000.0,
      100000.0,
      92.08,
      78.4,
      46.7,
      37.2,
      82.22,
      74.44,
      144.4,
      154.4,
      132.44,
      144.06
    ],
    [
      110.46,
      14.14,
      100000.0,
      155.76,
      88.3,
      78.58,
      61.74,
      46.18,
      100000.0,
      100000.0,
      136.48,
      112.16,
      78.0,
      100000.0,
      150.94,
      18.86,
      100000.0,
      100000.0,
      104.78,
      90.38,
      87.72,
      76.02,
      119.82,
      108.08,
      114.02,
      123.7,
      132.54,
      144.5
    ],
    [
      100000.0,
      100000.0,
      100000.0,
      100000.0,
      100000.0,
      100000.0,
      100000.0,
      100000.0,
      100000.0,
      100000.0,
      100000.0,
      100000.0,
      100000.0,
      100000.0,
      100000.0,
      100000.0,
      100000.0,
      100000.0,
      100000.0,
      100000.0,
      100000.0,
      100000.0,
      100000.0,
      100000.0,
      100000.0,
      100000.0,
      100000.0,
      100000.0
    ],
    [
      88.02,
      150.42,
      100000.0,
      118.92,
      210.52,
      132.02,
      88.76,
      164.44,
      136.48,
      100000.0,
      100000.0,
      195.0,
      115.16,
      100000.0,
      16.12,
      136.86,
      100000.0,
      100000.0,
      121.06,
      119.82,
      175.32,
      165.52,
      183.84,
      167.86,
      23.4,
      16.0,
      92.2,
      95.52
    ],
    [
      116.02,
      107.42,
      100000.0,
      130.38,
      64.56,
      190.38,
      160.8,
      69.34,
      112.16,
      100000.0,
      195.0,
      100000.0,
      79.84,
      100000.0,
      203.1,
      130.78,
      100000.0,
      100000.0,
      82.22,
      77.18,
      24.74,
      36.88,
      24.34,
      32.8,
      180.5,
      189.84,
      128.7,
      137.36
    ],
    [
      42.94,
      84.4,
      100000.0,
      80.1,
      107.7,
      140.36,
      97.52,
      69.86,
      78.0,
      100000.0,
      115.16,
      79.84,
      100000.0,
      100000.0,
      123.44,
      94.02,
      100000.0,
      100000.0,
      26.84,
      12.8,
      61.62,
      53.74,
      70.26,
      54.14,
      101.6,
      110.64,
      62.64,
      74.22
    ],
    [
      100000.0,
      100000.0,
      100000.0,
      100000.0,
      100000.0,
      100000.0,
      100000.0,
      100000.0,
      100000.0,
      100000.0,
      100000.0,
      100000.0,
      100000.0,
      100000.0,
      100000.0,
      100000.0,
      100000.0,
      100000.0,
      100000.0,
      100000.0,
      100000.0,
      100000.0,
      100000.0,
      100000.0,
      100000.0,
      100000.0,
      100000.0,
      100000.0
    ],
    [
      91.78,
      164.76,
      100000.0,
      116.5,
      222.4,
      148.06,
      104.78,
      176.78,
      150.94,
      100000.0,
      16.12,
      203.1,
      123.44,
      100000.0,
      100000.0,
      152.12,
      100000.0,
      100000.0,
      126.12,
      126.64,
      184.56,
      175.32,
      190.38,
      174.64,
      39.3,
      32.06,
      92.08,
      93.38
    ],
    [
      122.78,
      26.0,
      100000.0,
      169.54,
      102.48,
      60.82,
      53.82,
      63.56,
      18.86,
      100000.0,
      136.86,
      130.78,
      94.02,
      100000.0,
      152.12,
      100000.0,
      100000.0,
      100000.0,
      120.84,
      106.68,
      106.46,
      94.82,
      138.68,
      126.82,
      113.64,
      122.8,
      144.74,
      156.52
    ],
    [
      100000.0,
      100000.0,
      100000.0,
      100000.0,
      100000.0,
      100000.0,
      100000.0,
      100000.0,
      100000.0,
      100000.0,
      100000.0,
      100000.0,
      100000.0,
      100000.0,
      100000.0,
      100000.0,
      100000.0,
      100000.0,
      100000.0,
      100000.0,
      100000.0,
      100000.0,
      100000.0,
      100000.0,
      100000.0,
      100000.0,
      100000.0,
      100000.0
    ],
    [
      100000.0,
      100000.0,
      100000.0,
      100000.0,
      100000.0,
      100000.0,
      100000.0,
      100000.0,
      100000.0,
      100000.0,
      100000.0,
      100000.0,
      100000.0,
      100000.0,
      100000.0,
      100000.0,
      100000.0,
      100000.0,
      100000.0,
      100000.0,
      100000.0,
      100000.0,
      100000.0,
      100000.0,
      100000.0,
      100000.0,
      100000.0,
      100000.0
    ],
    [
      34.92,
      110.72,
      100000.0,
      56.56,
      124.06,
      165.46,
      120.44,
      92.08,
      104.78,
      100000.0,
      121.06,
      82.22,
      26.84,
      100000.0,
      126.12,
      120.84,
      100000.0,
      100000.0,
      100000.0,
      14.56,
      71.02,
      67.24,
      65.3,
      50.48,
      112.16,
      120.0,
      46.86,
      56.6
    ],
    [
      39.6,
      96.16,
      100000.0,
      70.12,
      112.72,
      152.98,
      109.42,
      78.4,
      90.38,
      100000.0,
      119.82,
      77.18,
      12.8,
      100000.0,
      126.64,
      106.68,
      100000.0,
      100000.0,
      14.56,
      100000.0,
      62.28,
      56.6,
      64.04,
      48.08,
      108.3,
      116.84,
      56.36,
      67.24
    ],
    [
      101.86,
      83.76,
      100000.0,
      124.78,
      56.32,
      165.74,
      136.36,
      46.7,
      87.72,
      100000.0,
      175.32,
      24.74,
      61.62,
      100000.0,
      184.56,
      106.46,
      100000.0,
      100000.0,
      71.02,
      62.28,
      100000.0,
      12.16,
      36.06,
      32.24,
      159.42,
      169.0,
      117.64,
      127.62
    ],
    [
      95.6,
      72.8,
      100000.0,
      122.8,
      56.92,
      153.8,
      124.26,
      37.2,
      76.02,
      100000.0,
      165.52,
      36.88,
      53.74,
      100000.0,
      175.32,
      94.82,
      100000.0,
      100000.0,
      67.24,
      56.6,
      12.16,
      100000.0,
      45.26,
      37.58,
      148.92,
      158.62,
      112.88,
      123.44
    ],
    [
      100.18,
      117.8,
      100000.0,
      108.4,
      87.14,
      195.88,
      161.04,
      82.22,
      119.82,
      100000.0,
      183.84,
      24.34,
      70.26,
      100000.0,
      190.38,
      138.68,
      100000.0,
      100000.0,
      65.3,
      64.04,
      36.06,
      45.26,
      100000.0,
      16.12,
      171.68,
      180.52,
      110.0,
      117.6
    ],
    [
      85.08,
      107.52,
      100000.0,
      97.76,
      88.02,
      182.6,
      146.16,
      74.44,
      108.08,
      100000.0,
      167.86,
      32.8,
      54.14,
      100000.0,
      174.64,
      126.82,
      100000.0,
      100000.0,
      50.48,
      48.08,
      32.24,
      37.58,
      16.12,
      100000.0,
      155.56,
      164.4,
      96.34,
      104.7
    ],
    [
      82.46,
      128.06,
      100000.0,
      121.08,
      190.88,
      110.16,
      65.52,
      144.4,
      114.02,
      100000.0,
      23.4,
      180.5,
      101.6,
      100000.0,
      39.3,
      113.64,
      100000.0,
      100000.0,
      112.16,
      108.3,
      159.42,
      148.92,
      171.68,
      155.56,
      100000.0,
      10.0,
      92.14,
      98.18
    ],
    [
      89.1,
      137.76,
      100000.0,
      125.22,
      200.88,
      116.02,
      73.38,
      154.4,
      123.7,
      100000.0,
      16.0,
      189.84,
      110.64,
      100000.0,
      32.06,
      122.8,
      100000.0,
      100000.0,
      120.0,
      116.84,
      169.0,
      158.62,
      180.52,
      164.4,
      10.0,
      100000.0,
      96.94,
      102.0
    ],
    [
      22.1,
      142.02,
      100000.0,
      29.74,
      169.06,
      175.64,
      125.94,
      132.44,
      132.54,
      100000.0,
      92.2,
      128.7,
      62.64,
      100000.0,
      92.08,
      144.74,
      100000.0,
      100000.0,
      46.86,
      56.36,
      117.64,
      112.88,
      110.0,
      96.34,
      92.14,
      96.94,
      100000.0,
      12.0
    ],
    [
      34.06,
      154.02,
      100000.0,
      23.4,
      179.92,
      186.12,
      136.2,
      144.06,
      144.5,
      100000.0,
      95.52,
      137.36,
      74.22,
      100000.0,
      93.38,
      156.52,
      100000.0,
      100000.0,
      56.6,
      67.24,
      127.62,
      123.44,
      117.6,
      104.7,
      98.18,
      102.0,
      12.0,
      100000.0
    ]
  ],
  "robot_cost_matrix": [
    [
      100000.0,
      100000.0,
      100000.0,
      100000.0,
      100000.0,
      100000.0,
      100000.0,
      100000.0,
      100000.0,
      100000.0,
      100000.0,
      100000.0,
      100000.0,
      100000.0,
      100000.0,
      100000.0,
      100000.0,
      100000.0,
      100000.0,
      100000.0,
      100000.0,
      100000.0,
      100000.0,
      100000.0,
      100000.0,
      100000.0,
      100000.0,
      100000.0
    ],
    [
      100000.0,
      100000.0,
      100000.0,
      100000.0,
      100000.0,
      100000.0,
      100000.0,
      100000.0,
      100000.0,
      100000.0,
      100000.0,
      100000.0,
      100000.0,
      100000.0,
      100000.0,
      100000.0,
      100000.0,
      100000.0,
      100000.0,
      100000.0,
      100000.0,
      100000.0,
      100000.0,
      100000.0,
      100000.0,
      100000.0,
      100000.0,
