{
  "name": "M-d2-n4-k1-p2",
  "V_coordinates": [
    [
      73,
      50
    ],
    [
      13,
      50
    ],
    [
      62,
      65
    ],
    [
      31,
      17
    ],
    [
      20,
      68
    ],
    [
      54,
      60
    ],
    [
      88,
      53
    ],
    [
      82,
      5
    ],
    [
      13,
      37
    ],
    [
      67,
      8
    ],
    [
      67,
      6
    ],
    [
      71,
      6
    ],
    [
      89,
      53
    ],
    [
      83,
      52
    ]
  ],
  "V": [
    0,
    1,
    2,
    3,
    4,
    5,
    6,
    7,
    8,
    9,
    10,
    11,
    12,
    13
  ],
  "VD": [
    0,
    1
  ],
  "VC": [
    2,
    3,
    4,
    5,
    6,
    7,
    8,
    9
  ],
  "VP": [
    10,
    11,
    12,
    13
  ],
  "VC1": [
    2,
    3,
    4,
    5,
    7,
    8
  ],
  "VC2": [
    9,
    6
  ],
  "demand": [
    0,
    0,
    22,
    16,
    23,
    10,
    26,
    17,
    24,
    25,
    0,
    0,
    0,
    0
  ],
  "service_time": [
    0,
    0,
    18,
    13,
    15,
    13,
    20,
    13,
    17,
    14,
    0,
    0,
    0,
    0
  ],
  "K": [
    0,
    1
  ],
  "veh_dist_matrix": [
    [
      100000.0,
      60.0,
      18.6,
      53.41,
      55.97,
      21.47,
      100000.0,
      45.89,
      61.39,
      100000.0,
      44.41,
      44.05,
      16.28,
      10.2
    ],
    [
      60.0,
      100000.0,
      51.24,
      37.59,
      19.31,
      42.2,
      100000.0,
      82.38,
      13.0,
      100000.0,
      69.66,
      72.8,
      76.06,
      70.03
    ],
    [
      18.6,
      51.24,
      100000.0,
      57.14,
      42.11,
      9.43,
      100000.0,
      63.25,
      56.44,
      100000.0,
      59.21,
      59.68,
      29.55,
      24.7
    ],
    [
      53.41,
      37.59,
      57.14,
      100000.0,
      52.17,
      48.76,
      100000.0,
      52.39,
      26.91,
      100000.0,
      37.64,
      41.48,
      68.26,
      62.68
    ],
    [
      55.97,
      19.31,
      42.11,
      52.17,
      100000.0,
      34.93,
      100000.0,
      88.39,
      31.78,
      100000.0,
      77.8,
      80.28,
      70.61,
      65.0
    ],
    [
      21.47,
      42.2,
      9.43,
      48.76,
      34.93,
      100000.0,
      100000.0,
      61.72,
      47.01,
      100000.0,
      55.54,
      56.61,
      35.69,
      30.08
    ],
    [
      100000.0,
      100000.0,
      100000.0,
      100000.0,
      100000.0,
      100000.0,
      100000.0,
      100000.0,
      100000.0,
      100000.0,
      100000.0,
      100000.0,
      100000.0,
      100000.0
    ],
    [
      45.89,
      82.38,
      63.25,
      52.39,
      88.39,
      61.72,
      100000.0,
      100000.0,
      76.06,
      100000.0,
      15.03,
      11.05,
      48.51,
      47.01
    ],
    [
      61.39,
      13.0,
      56.44,
      26.91,
      31.78,
      47.01,
      100000.0,
      76.06,
      100000.0,
      100000.0,
      62.27,
      65.76,
      77.67,
      71.59
    ],
    [
      100000.0,
      100000.0,
      100000.0,
      100000.0,
      100000.0,
      100000.0,
      100000.0,
      100000.0,
      100000.0,
      100000.0,
      100000.0,
      100000.0,
      100000.0,
      100000.0
    ],
    [
      44.41,
      69.66,
      59.21,
      37.64,
      77.8,
      55.54,
      100000.0,
      15.03,
      62.27,
      100000.0,
      100000.0,
      4.0,
      51.89,
      48.7
    ],
    [
      44.05,
      72.8,
      59.68,
      41.48,
      80.28,
      56.61,
      100000.0,
      11.05,
      65.76,
      100000.0,
      4.0,
      100000.0,
      50.33,
      47.54
    ],
    [
      16.28,
      76.06,
      29.55,
      68.26,
      70.61,
      35.69,
      100000.0,
      48.51,
      77.67,
      100000.0,
      51.89,
      50.33,
      100000.0,
      6.08
    ],
    [
      10.2,
      70.03,
      24.7,
      62.68,
      65.0,
      30.08,
      100000.0,
      47.01,
      71.59,
      100000.0,
      48.7,
      47.54,
      6.08,
      100000.0
    ]
  ],
  "rob_power_matrix": [
    [
      10000.0,
      10000.0,
      10000.0,
      10000.0,
      10000.0,
      10000.0,
      10000.0,
      10000.0,
      10000.0,
      10000.0,
      10000.0,
      10000.0,
      10000.0,
      10000.0
    ],
    [
      10000.0,
      10000.0,
      10000.0,
      10000.0,
      10000.0,
      10000.0,
      10000.0,
      10000.0,
      10000.0,
      10000.0,
      10000.0,
      10000.0,
      10000.0,
      10000.0
    ],
    [
      10000.0,
      10000.0,
      10000.0,
      5.714,
      4.211,
      0.9430000000000001,
      2.8640000000000003,
      6.325,
      5.644,
      5.722,
      5.921,
      5.968,
      2.955,
      2.47
    ],
    [
      10000.0,
      10000.0,
      5.714,
      10000.0,
      5.2170000000000005,
      4.876,
      6.742000000000001,
      5.239000000000001,
      2.6910000000000003,
      3.7110000000000003,
      3.7640000000000002,
      4.148,
      6.8260000000000005,
      6.268000000000001
    ],
    [
      10000.0,
      10000.0,
      4.211,
      5.2170000000000005,
      10000.0,
      3.4930000000000003,
      6.963,
      8.839,
      3.1780000000000004,
      7.622,
      7.78,
      8.028,
      7.061,
      6.5
    ],
    [
      10000.0,
      10000.0,
      0.9430000000000001,
      4.876,
      3.4930000000000003,
      10000.0,
      3.471,
      6.172000000000001,
      4.701,
      5.36,
      5.554,
      5.6610000000000005,
      3.569,
      3.008
    ],
    [
      10000.0,
      10000.0,
      2.8640000000000003,
      6.742000000000001,
      6.963,
      3.471,
      10000.0,
      4.837,
      7.6690000000000005,
      4.966,
      5.148,
      4.998,
      0.1,
      0.51
    ],
    [
      10000.0,
      10000.0,
      6.325,
      5.239000000000001,
      8.839,
      6.172000000000001,
      4.837,
      10000.0,
      7.606000000000001,
      1.5300000000000002,
      1.5030000000000001,
      1.1050000000000002,
      4.851,
      4.701
    ],
    [
      10000.0,
      10000.0,
      5.644,
      2.6910000000000003,
      3.1780000000000004,
      4.701,
      7.6690000000000005,
      7.606000000000001,
      10000.0,
      6.1290000000000004,
      6.227,
      6.5760000000000005,
      7.767,
      7.159000000000001
    ],
    [
      10000.0,
      10000.0,
      5.722,
      3.7110000000000003,
      7.622,
      5.36,
      4.966,
      1.5300000000000002,
      6.1290000000000004,
      10000.0,
      0.2,
      0.447,
      5.009,
      4.682
    ],
    [
      10000.0,
      10000.0,
      5.921,
      3.7640000000000002,
      7.78,
      5.554,
      5.148,
      1.5030000000000001,
      6.227,
      0.2,
      10000.0,
      0.4,
      5.189,
      4.870000000000001
    ],
    [
      10000.0,
      10000.0,
      5.968,
      4.148,
      8.028,
      5.6610000000000005,
      4.998,
      1.1050000000000002,
      6.5760000000000005,
      0.447,
      0.4,
      10000.0,
      5.033,
      4.7540000000000004
    ],
    [
      10000.0,
      10000.0,
      2.955,
      6.8260000000000005,
      7.061,
      3.569,
      0.1,
      4.851,
      7.767,
      5.009,
      5.189,
      5.033,
      10000.0,
      0.6080000000000001
    ],
    [
      10000.0,
      10000.0,
      2.47,
      6.268000000000001,
      6.5,
      3.008,
      0.51,
      4.701,
      7.159000000000001,
      4.682,
      4.870000000000001,
      4.7540000000000004,
      0.6080000000000001,
      10000.0
    ]
  ],
  "vehicle_cost_matrix": [
    [
      100000.0,
      120.0,
      37.2,
      106.82,
      111.94,
      42.94,
      100000.0,
      91.78,
      122.78,
      100000.0,
      88.82,
      88.1,
      32.56,
      20.4
    ],
    [
      120.0,
      100000.0,
      102.48,
      75.18,
      38.62,
      84.4,
      100000.0,
      164.76,
      26.0,
      100000.0,
      139.32,
      145.6,
      152.12,
      140.06
    ],
    [
      37.2,
      102.48,
      100000.0,
      114.28,
      84.22,
      18.86,
      100000.0,
      126.5,
      112.88,
      100000.0,
      118.42,
      119.36,
      59.1,
      49.4
    ],
    [
      106.82,
      75.18,
      114.28,
      100000.0,
      104.34,
      97.52,
      100000.0,
      104.78,
      53.82,
      100000.0,
      75.28,
      82.96,
      136.52,
      125.36
    ],
    [
      111.94,
      38.62,
      84.22,
      104.34,
      100000.0,
      69.86,
      100000.0,
      176.78,
      63.56,
      100000.0,
      155.6,
      160.56,
      141.22,
      130.0
    ],
    [
      42.94,
      84.4,
      18.86,
      97.52,
      69.86,
      100000.0,
      100000.0,
      123.44,
      94.02,
      100000.0,
      111.08,
      113.22,
      71.38,
      60.16
    ],
    [
      100000.0,
      100000.0,
      100000.0,
      100000.0,
      100000.0,
      100000.0,
      100000.0,
      100000.0,
      100000.0,
      100000.0,
      100000.0,
      100000.0,
      100000.0,
      100000.0
    ],
    [
      91.78,
      164.76,
      126.5,
      104.78,
      176.78,
      123.44,
      100000.0,
      100000.0,
      152.12,
      100000.0,
      30.06,
      22.1,
      97.02,
      94.02
    ],
    [
      122.78,
      26.0,
      112.88,
      53.82,
      63.56,
      94.02,
      100000.0,
      152.12,
      100000.0,
      100000.0,
      124.54,
      131.52,
      155.34,
      143.18
    ],
    [
      100000.0,
      100000.0,
      100000.0,
      100000.0,
      100000.0,
      100000.0,
      100000.0,
      100000.0,
      100000.0,
      100000.0,
      100000.0,
      100000.0,
      100000.0,
      100000.0
    ],
    [
      88.82,
      139.32,
      118.42,
      75.28,
      155.6,
      111.08,
      100000.0,
      30.06,
      124.54,
      100000.0,
      100000.0,
      8.0,
      103.78,
      97.4
    ],
    [
      88.1,
      145.6,
      119.36,
      82.96,
      160.56,
      113.22,
      100000.0,
      22.1,
      131.52,
      100000.0,
      8.0,
      100000.0,
      100.66,
      95.08
    ],
    [
      32.56,
      152.12,
      59.1,
      136.52,
      141.22,
      71.38,
      100000.0,
      97.02,
      155.34,
      100000.0,
      103.78,
      100.66,
      100000.0,
      12.16
    ],
    [
      20.4,
      140.06,
      49.4,
      125.36,
      130.0,
      60.16,
      100000.0,
      94.02,
      143.18,
      100000.0,
      97.4,
      95.08,
      12.16,
      100000.0
    ]
  ],
  "robot_cost_matrix": [
    [
      100000.0,
      100000.0,
      100000.0,
      100000.0,
      100000.0,
      100000.0,
      100000.0,
      100000.0,
      100000.0,
      100000.0,
      100000.0,
      100000.0,
      100000.0,
      100000.0
    ],
    [
      100000.0,
      100000.0,
      100000.0,
      100000.0,
      100000.0,
      100000.0,
      100000.0,
      100000.0,
      100000.0,
      100000.0,
      100000.0,
      100000.0,
      100000.0,
      100000.0
    ],
    [
      100000.0,
      100000.0,
      100000.0,
      57.14,
      42.11,
      9.43,
      28.64,
      63.25,
      56.44,
      57.22,
      59.21,
      59.68,
      29.55,
      24.7
    ],
    [
      100000.0,
      100000.0,
      57.14,
      100000.0,
      52.17,
      48.76,
      67.42,
      52.39,
      26.91,
      37.11,
      37.64,
      41.48,
      68.26,
      62.68
    ],
    [
      100000.0,
      100000.0,
      42.11,
      52.17,
      100000.0,
      34.93,
      69.63,
      88.39,
      31.78,
      76.22,
      77.8,
      80.28,
      70.61,
      65.0
    ],
    [
      100000.0,
      100000.0,
      9.43,
      48.76,
      34.93,
      100000.0,
      34.71,
      61.72,
      47.01,
      53.6,
      55.54,
      56.61,
      35.69,
      30.08
    ],
    [
      100000.0,
      100000.0,
      28.64,
      67.42,
      69.63,
      34.71,
      100000.0,
      48.37,
      76.69,
      49.66,
      51.48,
      49.98,
      1.0,
      5.1
    ],
    [
      100000.0,
      100000.0,
      63.25,
      52.39,
      88.39,
      61.72,
      48.37,
      100000.0,
      76.06,
      15.3,
      15.03,
      11.05,
      48.51,
      47.01
    ],
    [
      100000.0,
      100000.0,
      56.44,
      26.91,
      31.78,
      47.01,
      76.69,
      76.06,
      100000.0,
      61.29,
      62.27,
      65.76,
      77.67,
      71.59
    ],
    [
      100000.0,
      100000.0,
      57.22,
      37.11,
      76.22,
      53.6,
      49.66,
      15.3,
      61.29,
      100000.0,
      2.0,
      4.47,
      50.09,
      46.82
    ],
    [
      100000.0,
      100000.0,
      59.21,
      37.64,
      77.8,
      55.54,
      51.48,
      15.03,
      62.27,
      2.0,
      100000.0,
      4.0,
      51.89,
      48.7
    ],
    [
      100000.0,
      100000.0,
      59.68,
      41.48,
      80.28,
      56.61,
      49.98,
      11.05,
      65.76,
      4.47,
      4.0,
      100000.0,
      50.33,
      47.54
    ],
    [
      100000.0,
      100000.0,
      29.55,
      68.26,
      70.61,
      35.69,
      1.0,
      48.51,
      77.67,
      50.09,
      51.89,
      50.33,
      100000.0,
      6.08
    ],
    [
      100000.0,
      100000.0,
      24.7,
      62.68,
      65.0,
      30.08,
      5.1,
      47.01,
      71.59,
      46.82,
      48.7,
      47.54,
      6.08,
      100000.0
    ]
  ],
  "vehicle_time_matrix": [
    [
      100000.0,
      1.88,
      0.58,
      1.67,
      1.75,
      0.67,
      100000.0,
      1.43,
      1.92,
      100000.0,
      1.39,
      1.38,
      0.51,
      0.32
    ],
    [
      1.88,
      100000.0,
      1.6,
      1.17,
      0.6,
      1.32,
      100000.0,
      2.57,
      0.41,
      100000.0,
      2.18,
      2.27,
      2.38,
      2.19
    ],
    [
      0.58,
      1.6,
      100000.0,
      1.79,
      1.32,
      0.29,
      100000.0,
      1.98,
      1.76,
      100000.0,
      1.85,
      1.86,
      0.92,
      0.77
    ],
    [
      1.67,
      1.17,
      1.79,
      100000.0,
      1.63,
      1.52,
      100000.0,
      1.64,
      0.84,
      100000.0,
      1.18,
      1.3,
      2.13,
      1.96
    ],
    [
      1.75,
      0.6,
      1.32,
      1.63,
      100000.0,
      1.09,
      100000.0,
      2.76,
      0.99,
      100000.0,
      2.43,
      2.51,
      2.21,
      2.03
    ],
    [
      0.67,
      1.32,
      0.29,
      1.52,
      1.09,
      100000.0,
      100000.0,
      1.93,
      1.47,
      100000.0,
      1.74,
      1.77,
      1.12,
      0.94
    ],
    [
      100000.0,
      100000.0,
      100000.0,
      100000.0,
      100000.0,
      100000.0,
      100000.0,
      100000.0,
      100000.0,
      100000.0,
      100000.0,
      100000.0,
      100000.0,
      100000.0
    ],
    [
      1.43,
      2.57,
      1.98,
      1.64,
      2.76,
      1.93,
      100000.0,
      100000.0,
      2.38,
      100000.0,
      0.47,
      0.35,
      1.52,
      1.47
    ],
    [
      1.92,
      0.41,
      1.76,
      0.84,
      0.99,
      1.47,
      100000.0,
      2.38,
      100000.0,
      100000.0,
      1.95,
      2.06,
      2.43,
      2.24
    ],
    [
      100000.0,
      100000.0,
      100000.0,
      100000.0,
      100000.0,
      100000.0,
      100000.0,
      100000.0,
      100000.0,
      100000.0,
      100000.0,
      100000.0,
      100000.0,
      100000.0
    ],
    [
      1.39,
      2.18,
      1.85,
      1.18,
      2.43,
      1.74,
      100000.0,
      0.47,
      1.95,
      100000.0,
      100000.0,
      0.12,
      1.62,
      1.52
    ],
    [
      1.38,
      2.27,
      1.86,
      1.3,
      2.51,
      1.77,
      100000.0,
      0.35,
      2.06,
      100000.0,
      0.12,
      100000.0,
      1.57,
      1.49
    ],
    [
      0.51,
      2.38,
      0.92,
      2.13,
      2.21,
      1.12,
      100000.0,
      1.52,
      2.43,
      100000.0,
      1.62,
      1.57,
      100000.0,
      0.19
    ],
    [
      0.32,
      2.19,
      0.77,
      1.96,
      2.03,
      0.94,
      100000.0,
      1.47,
      2.24,
      100000.0,
      1.52,
      1.49,
      0.19,
      100000.0
    ]
  ],
  "robot_time_matrix": [
    [
      100000.0,
      100000.0,
      100000.0,
      100000.0,
      100000.0,
      100000.0,
      100000.0,
      100000.0,
      100000.0,
      100000.0,
      100000.0,
      100000.0,
      100000.0,
      100000.0
    ],
    [
      100000.0,
      100000.0,
      100000.0,
      100000.0,
      100000.0,
      100000.0,
      100000.0,
      100000.0,
      100000.0,
      100000.0,
      100000.0,
      100000.0,
      100000.0,
      100000.0
    ],
    [
      100000.0,
      100000.0,
      100000.0,
      5.71,
      4.21,
      0.94,
      2.86,
      6.33,
      5.64,
      5.72,
      5.92,
      5.97,
      2.96,
      2.47
    ],
    [
      100000.0,
      100000.0,
      5.71,
      100000.0,
      5.22,
      4.88,
      6.74,
      5.24,
      2.69,
      3.71,
      3.76,
      4.15,
      6.83,
      6.27
    ],
    [
      100000.0,
      100000.0,
      4.21,
      5.22,
      100000.0,
      3.49,
      6.96,
      8.84,
      3.18,
      7.62,
      7.78,
      8.03,
      7.06,
      6.5
    ],
    [
      100000.0,
      100000.0,
      0.94,
      4.88,
      3.49,
      100000.0,
      3.47,
      6.17,
      4.7,
      5.36,
      5.55,
      5.66,
      3.57,
      3.01
    ],
    [
      100000.0,
      100000.0,
      2.86,
      6.74,
      6.96,
      3.47,
      100000.0,
      4.84,
      7.67,
      4.97,
      5.15,
      5.0,
      0.1,
      0.51
    ],
    [
      100000.0,
      100000.0,
      6.33,
      5.24,
      8.84,
      6.17,
      4.84,
      100000.0,
      7.61,
      1.53,
      1.5,
      1.1,
      4.85,
      4.7
    ],
    [
      100000.0,
      100000.0,
      5.64,
      2.69,
      3.18,
      4.7,
      7.67,
      7.61,
      100000.0,
      6.13,
      6.23,
      6.58,
      7.77,
      7.16
    ],
    [
      100000.0,
      100000.0,
      5.72,
      3.71,
      7.62,
      5.36,
      4.97,
      1.53,
      6.13,
      100000.0,
      0.2,
      0.45,
      5.01,
      4.68
    ],
    [
      100000.0,
      100000.0,
      5.92,
      3.76,
      7.78,
      5.55,
      5.15,
      1.5,
      6.23,
      0.2,
      100000.0,
      0.4,
      5.19,
      4.87
    ],
    [
      100000.0,
      100000.0,
      5.97,
      4.15,
      8.03,
      5.66,
      5.0,
      1.1,
      6.58,
      0.45,
      0.4,
      100000.0,
      5.03,
      4.75
    ],
    [
      100000.0,
      100000.0,
      2.96,
      6.83,
      7.06,
      3.57,
      0.1,
      4.85,
      7.77,
      5.01,
      5.19,
      5.03,
      100000.0,
      0.61
    ],
    [
      100000.0,
      100000.0,
      2.47,
      6.27,
      6.5,
      3.01,
      0.51,
      4.7,
      7.16,
      4.68,
      4.87,
      4.75,
      0.61,
      100000.0
    ]
  ],
  "cus_with_depot": {
    "0": [
      2,
      3,
      4,
      5
    ],
    "1": [
      6,
      7,
      8,
      9
    ]
  },
  "veh_with_depot": {
    "0": [
      0
    ],
    "1": [
      1
    ]
  },
  "veh_depot_dict": {
    "0": 0,
    "1": 1
  },
  "depot_with_node": {
    "0": [
      2,
      3,
      4,
      5,
      0
    ],
    "1": [
      6,
      7,
      8,
      9,
      10,
      11,
      12,
      13,
      1
    ]
  },
  "VC2_with_VP": {
    "9": [
      10,
      11
    ],
    "6": [
      12,
      13
    ]
  },
  "max_travel_time": 99.3,
  "cf": 50,
  "vehicle_speed": 32,
  "robot_speed": 10,
  "vehicle_cost": 2,
  "robot_cost": 1,
  "very_big": 100000.0,
  "veh_cap": 300,
  "rob_cap": 30,
  "rob_weight": 30,
  "operation_time": 5,
  "veh_dist_ub": 300,
  "robot_ub": 3,
  "robot_unit_consumption": 0.1
}