{
  "name": "M-d2-n6-k1-p2",
  "V_coordinates": [
    [
      73,
      50
    ],
    [
      13,
      50
    ],
    [
      62,
      65
    ],
    [
      94,
      62
    ],
    [
      31,
      17
    ],
    [
      20,
      68
    ],
    [
      18,
      45
    ],
    [
      34,
      80
    ],
    [
      39,
      97
    ],
    [
      54,
      60
    ],
    [
      88,
      53
    ],
    [
      82,
      5
    ],
    [
      13,
      37
    ],
    [
      67,
      8
    ],
    [
      66,
      64
    ],
    [
      58,
      64
    ],
    [
      91,
      52
    ],
    [
      86,
      56
    ],
    [
      39,
      92
    ],
    [
      41,
      96
    ],
    [
      24,
      66
    ],
    [
      23,
      70
    ]
  ],
  "V": [
    0,
    1,
    2,
    3,
    4,
    5,
    6,
    7,
    8,
    9,
    10,
    11,
    12,
    13,
    14,
    15,
    16,
    17,
    18,
    19,
    20,
    21
  ],
  "VD": [
    0,
    1
  ],
  "VC": [
    2,
    3,
    4,
    5,
    6,
    7,
    8,
    9,
    10,
    11,
    12,
    13
  ],
  "VP": [
    14,
    15,
    16,
    17,
    18,
    19,
    20,
    21
  ],
  "VC1": [
    3,
    4,
    6,
    7,
    9,
    11,
    12,
    13
  ],
  "VC2": [
    2,
    10,
    8,
    5
  ],
  "demand": [
    0,
    0,
    19,
    13,
    20,
    26,
    23,
    26,
    16,
    19,
    19,
    28,
    25,
    26,
    0,
    0,
    0,
    0,
    0,
    0,
    0,
    0
  ],
  "service_time": [
    0,
    0,
    16,
    19,
    10,
    17,
    13,
    16,
    16,
    20,
    12,
    15,
    18,
    20,
    0,
    0,
    0,
    0,
    0,
    0,
    0,
    0
  ],
  "K": [
    0,
    1
  ],
  "veh_dist_matrix": [
    [
      100000.0,
      60.0,
      100000.0,
      24.19,
      53.41,
      100000.0,
      55.23,
      49.2,
      100000.0,
      21.47,
      100000.0,
      45.89,
      61.39,
      42.43,
      15.65,
      20.52,
      18.11,
      14.32,
      54.04,
      56.04,
      51.55,
      53.85
    ],
    [
      60.0,
      100000.0,
      100000.0,
      81.88,
      37.59,
      100000.0,
      7.07,
      36.62,
      100000.0,
      42.2,
      100000.0,
      82.38,
      13.0,
      68.41,
      54.82,
      47.13,
      78.03,
      73.25,
      49.4,
      53.85,
      19.42,
      22.36
    ],
    [
      100000.0,
      100000.0,
      100000.0,
      100000.0,
      100000.0,
      100000.0,
      100000.0,
      100000.0,
      100000.0,
      100000.0,
      100000.0,
      100000.0,
      100000.0,
      100000.0,
      100000.0,
      100000.0,
      100000.0,
      100000.0,
      100000.0,
      100000.0,
      100000.0,
      100000.0
    ],
    [
      24.19,
      81.88,
      100000.0,
      100000.0,
      77.42,
      100000.0,
      77.88,
      62.64,
      100000.0,
      40.05,
      100000.0,
      58.25,
      84.77,
      60.37,
      28.07,
      36.06,
      10.44,
      10.0,
      62.65,
      62.97,
      70.11,
      71.45
    ],
    [
      53.41,
      37.59,
      100000.0,
      77.42,
      100000.0,
      100000.0,
      30.87,
      63.07,
      100000.0,
      48.76,
      100000.0,
      52.39,
      26.91,
      37.11,
      58.6,
      54.2,
      69.46,
      67.42,
      75.43,
      79.63,
      49.5,
      53.6
    ],
    [
      100000.0,
      100000.0,
      100000.0,
      100000.0,
      100000.0,
      100000.0,
      100000.0,
      100000.0,
      100000.0,
      100000.0,
      100000.0,
      100000.0,
      100000.0,
      100000.0,
      100000.0,
      100000.0,
      100000.0,
      100000.0,
      100000.0,
      100000.0,
      100000.0,
      100000.0
    ],
    [
      55.23,
      7.07,
      100000.0,
      77.88,
      30.87,
      100000.0,
      100000.0,
      38.48,
      100000.0,
      39.0,
      100000.0,
      75.47,
      9.43,
      61.4,
      51.62,
      44.28,
      73.33,
      68.88,
      51.48,
      55.95,
      21.84,
      25.5
    ],
    [
      49.2,
      36.62,
      100000.0,
      62.64,
      63.07,
      100000.0,
      38.48,
      100000.0,
      100000.0,
      28.28,
      100000.0,
      89.04,
      47.85,
      79.2,
      35.78,
      28.84,
      63.51,
      57.27,
      13.0,
      17.46,
      17.2,
      14.87
    ],
    [
      100000.0,
      100000.0,
      100000.0,
      100000.0,
      100000.0,
      100000.0,
      100000.0,
      100000.0,
      100000.0,
      100000.0,
      100000.0,
      100000.0,
      100000.0,
      100000.0,
      100000.0,
      100000.0,
      100000.0,
      100000.0,
      100000.0,
      100000.0,
      100000.0,
      100000.0
    ],
    [
      21.47,
      42.2,
      100000.0,
      40.05,
      48.76,
      100000.0,
      39.0,
      28.28,
      100000.0,
      100000.0,
      100000.0,
      61.72,
      47.01,
      53.6,
      12.65,
      5.66,
      37.85,
      32.25,
      35.34,
      38.28,
      30.59,
      32.57
    ],
    [
      100000.0,
      100000.0,
      100000.0,
      100000.0,
      100000.0,
      100000.0,
      100000.0,
      100000.0,
      100000.0,
      100000.0,
      100000.0,
      100000.0,
      100000.0,
      100000.0,
      100000.0,
      100000.0,
      100000.0,
      100000.0,
      100000.0,
      100000.0,
      100000.0,
      100000.0
    ],
    [
      45.89,
      82.38,
      100000.0,
      58.25,
      52.39,
      100000.0,
      75.47,
      89.04,
      100000.0,
      61.72,
      100000.0,
      100000.0,
      76.06,
      15.3,
      61.13,
      63.69,
      47.85,
      51.16,
      97.05,
      99.81,
      84.17,
      87.78
    ],
    [
      61.39,
      13.0,
      100000.0,
      84.77,
      26.91,
      100000.0,
      9.43,
      47.85,
      100000.0,
      47.01,
      100000.0,
      76.06,
      100000.0,
      61.29,
      59.48,
      52.48,
      79.43,
      75.43,
      60.84,
      65.31,
      31.02,
      34.48
    ],
    [
      42.43,
      68.41,
      100000.0,
      60.37,
      37.11,
      100000.0,
      61.4,
      79.2,
      100000.0,
      53.6,
      100000.0,
      15.3,
      61.29,
      100000.0,
      56.01,
      56.72,
      50.12,
      51.62,
      88.54,
      91.76,
      72.2,
      76.03
    ],
    [
      15.65,
      54.82,
      100000.0,
      28.07,
      58.6,
      100000.0,
      51.62,
      35.78,
      100000.0,
      12.65,
      100000.0,
      61.13,
      59.48,
      56.01,
      100000.0,
      8.0,
      27.73,
      21.54,
      38.9,
      40.61,
      42.05,
      43.42
    ],
    [
      20.52,
      47.13,
      100000.0,
      36.06,
      54.2,
      100000.0,
      44.28,
      28.84,
      100000.0,
      5.66,
      100000.0,
      63.69,
      52.48,
      56.72,
      8.0,
      100000.0,
      35.11,
      29.12,
      33.84,
      36.24,
      34.06,
      35.51
    ],
    [
      18.11,
      78.03,
      100000.0,
      10.44,
      69.46,
      100000.0,
      73.33,
      63.51,
      100000.0,
      37.85,
      100000.0,
      47.85,
      79.43,
      50.12,
      27.73,
      35.11,
      100000.0,
      6.4,
      65.6,
      66.6,
      68.45,
      70.34
    ],
    [
      14.32,
      73.25,
      100000.0,
      10.0,
      67.42,
      100000.0,
      68.88,
      57.27,
      100000.0,
      32.25,
      100000.0,
      51.16,
      75.43,
      51.62,
      21.54,
      29.12,
      6.4,
      100000.0,
      59.2,
      60.21,
      62.8,
      64.54
    ],
    [
      54.04,
      49.4,
      100000.0,
      62.65,
      75.43,
      100000.0,
      51.48,
      13.0,
      100000.0,
      35.34,
      100000.0,
      97.05,
      60.84,
      88.54,
      38.9,
      33.84,
      65.6,
      59.2,
      100000.0,
      4.47,
      30.02,
      27.2
    ],
    [
      56.04,
      53.85,
      100000.0,
      62.97,
      79.63,
      100000.0,
      55.95,
      17.46,
      100000.0,
      38.28,
      100000.0,
      99.81,
      65.31,
      91.76,
      40.61,
      36.24,
      66.6,
      60.21,
      4.47,
      100000.0,
      34.48,
      31.62
    ],
    [
      51.55,
      19.42,
      100000.0,
      70.11,
      49.5,
      100000.0,
      21.84,
      17.2,
      100000.0,
      30.59,
      100000.0,
      84.17,
      31.02,
      72.2,
      42.05,
      34.06,
      68.45,
      62.8,
      30.02,
      34.48,
      100000.0,
      4.12
    ],
    [
      53.85,
      22.36,
      100000.0,
      71.45,
      53.6,
      100000.0,
      25.5,
      14.87,
      100000.0,
      32.57,
      100000.0,
      87.78,
      34.48,
      76.03,
      43.42,
      35.51,
      70.34,
      64.54,
      27.2,
      31.62,
      4.12,
      100000.0
    ]
  ],
  "rob_power_matrix": [
    [
      10000.0,
      10000.0,
      10000.0,
      10000.0,
      10000.0,
      10000.0,
      10000.0,
      10000.0,
      10000.0,
      10000.0,
      10000.0,
      10000.0,
      10000.0,
      10000.0,
      10000.0,
      10000.0,
      10000.0,
      10000.0,
      10000.0,
      10000.0,
      10000.0,
      10000.0
    ],
    [
      10000.0,
      10000.0,
      10000.0,
      10000.0,
      10000.0,
      10000.0,
      10000.0,
      10000.0,
      10000.0,
      10000.0,
      10000.0,
      10000.0,
      10000.0,
      10000.0,
      10000.0,
      10000.0,
      10000.0,
      10000.0,
      10000.0,
      10000.0,
      10000.0,
      10000.0
    ],
    [
      10000.0,
      10000.0,
      10000.0,
      3.2140000000000004,
      5.714,
      4.211,
      4.833,
      3.176,
      3.941,
      0.9430000000000001,
      2.8640000000000003,
      6.325,
      5.644,
      5.722,
      0.41200000000000003,
      0.41200000000000003,
      3.1780000000000004,
      2.563,
      3.547,
      3.7439999999999998,
      3.801,
      3.9320000000000004
    ],
    [
      10000.0,
      10000.0,
      3.2140000000000004,
      10000.0,
      7.742000000000001,
      7.4239999999999995,
      7.788,
      6.264,
      6.519,
      4.005,
      1.082,
      5.825,
      8.477,
      6.037,
      2.8070000000000004,
      3.6060000000000003,
      1.044,
      1.0,
      6.265000000000001,
      6.297000000000001,
      7.011,
      7.1450000000000005
    ],
    [
      10000.0,
      10000.0,
      5.714,
      7.742000000000001,
      10000.0,
      5.2170000000000005,
      3.087,
      6.307,
      8.040000000000001,
      4.876,
      6.742000000000001,
      5.239000000000001,
      2.6910000000000003,
      3.7110000000000003,
      5.86,
      5.420000000000001,
      6.946,
      6.742000000000001,
      7.543000000000001,
      7.963,
      4.95,
      5.36
    ],
    [
      10000.0,
      10000.0,
      4.211,
      7.4239999999999995,
      5.2170000000000005,
      10000.0,
      2.309,
      1.8440000000000003,
      3.4670000000000005,
      3.4930000000000003,
      6.963,
      8.839,
      3.1780000000000004,
      7.622,
      4.617,
      3.821,
      7.2780000000000005,
      6.708,
      3.061,
      3.5,
      0.447,
      0.361
    ],
    [
      10000.0,
      10000.0,
      4.833,
      7.788,
      3.087,
      2.309,
      10000.0,
      3.848,
      5.6080000000000005,
      3.9000000000000004,
      7.045999999999999,
      7.547000000000001,
      0.9430000000000001,
      6.140000000000001,
      5.162,
      4.428,
      7.333,
      6.888,
      5.148,
      5.595000000000001,
      2.184,
      2.5500000000000003
    ],
    [
      10000.0,
      10000.0,
      3.176,
      6.264,
      6.307,
      1.8440000000000003,
      3.848,
      10000.0,
      1.772,
      2.8280000000000003,
      6.037,
      8.904000000000002,
      4.785,
      7.920000000000001,
      3.5780000000000003,
      2.8840000000000003,
      6.351,
      5.727,
      1.3,
      1.7460000000000002,
      1.72,
      1.487
    ],
    [
      10000.0,
      10000.0,
      3.941,
      6.519,
      8.040000000000001,
      3.4670000000000005,
      5.6080000000000005,
      1.772,
      10000.0,
      3.9920000000000004,
      6.586,
      10.155000000000001,
      6.539000000000001,
      9.33,
      4.264,
      3.808,
      6.877,
      6.237,
      0.5,
      0.22400000000000003,
      3.444,
      3.138
    ],
    [
      10000.0,
      10000.0,
      0.9430000000000001,
      4.005,
      4.876,
      3.4930000000000003,
      3.9000000000000004,
      2.8280000000000003,
      3.9920000000000004,
      10000.0,
      3.471,
      6.172000000000001,
      4.701,
      5.36,
      1.2650000000000001,
      0.5660000000000001,
      3.785,
      3.225,
      3.5340000000000007,
      3.8280000000000003,
      3.059,
      3.257
    ],
    [
      10000.0,
      10000.0,
      2.8640000000000003,
      1.082,
      6.742000000000001,
      6.963,
      7.045999999999999,
      6.037,
      6.586,
      3.471,
      10000.0,
      4.837,
      7.6690000000000005,
      4.966,
      2.4600000000000004,
      3.1950000000000003,
      0.31600000000000006,
      0.361,
      6.263000000000001,
      6.370000000000001,
      6.531000000000001,
      6.719
    ],
    [
      10000.0,
      10000.0,
      6.325,
      5.825,
      5.239000000000001,
      8.839,
      7.547000000000001,
      8.904000000000002,
      10.155000000000001,
      6.172000000000001,
      4.837,
      10000.0,
      7.606000000000001,
      1.5300000000000002,
      6.113,
      6.369,
      4.785,
      5.116,
      9.705,
      9.981000000000002,
      8.417,
      8.778
    ],
    [
      10000.0,
      10000.0,
      5.644,
      8.477,
      2.6910000000000003,
      3.1780000000000004,
      0.9430000000000001,
      4.785,
      6.539000000000001,
      4.701,
      7.6690000000000005,
      7.606000000000001,
      10000.0,
      6.1290000000000004,
      5.948,
      5.248,
      7.943000000000001,
      7.543000000000001,
      6.0840000000000005,
      6.531000000000001,
      3.1020000000000003,
      3.448
    ],
    [
      10000.0,
      10000.0,
      5.722,
      6.037,
      3.7110000000000003,
      7.622,
      6.140000000000001,
      7.920000000000001,
      9.33,
      5.36,
      4.966,
      1.5300000000000002,
      6.1290000000000004,
      10000.0,
      5.601,
      5.672000000000001,
      5.0120000000000005,
      5.162,
      8.854000000000001,
      9.176,
      7.220000000000001,
      7.603000000000001
    ],
    [
      10000.0,
      10000.0,
      0.41200000000000003,
      2.8070000000000004,
      5.86,
      4.617,
      5.162,
      3.5780000000000003,
      4.264,
      1.2650000000000001,
      2.4600000000000004,
      6.113,
      5.948,
      5.601,
      10000.0,
      0.8,
      2.773,
      2.154,
      3.89,
      4.061,
      4.205,
      4.3420000000000005
    ],
    [
      10000.0,
      10000.0,
      0.41200000000000003,
      3.6060000000000003,
      5.420000000000001,
      3.821,
      4.428,
      2.8840000000000003,
      3.808,
      0.5660000000000001,
      3.1950000000000003,
      6.369,
      5.248,
      5.672000000000001,
      0.8,
      10000.0,
      3.511,
      2.9120000000000004,
      3.3840000000000003,
      3.6240000000000006,
      3.4060000000000006,
      3.551
    ],
    [
      10000.0,
      10000.0,
      3.1780000000000004,
      1.044,
      6.946,
      7.2780000000000005,
      7.333,
      6.351,
      6.877,
      3.785,
      0.31600000000000006,
      4.785,
      7.943000000000001,
      5.0120000000000005,
      2.773,
      3.511,
      10000.0,
      0.6400000000000001,
      6.56,
      6.66,
      6.845000000000001,
      7.034000000000001
    ],
    [
      10000.0,
      10000.0,
      2.563,
      1.0,
      6.742000000000001,
      6.708,
      6.888,
      5.727,
      6.237,
      3.225,
      0.361,
      5.116,
      7.543000000000001,
      5.162,
      2.154,
      2.9120000000000004,
      0.6400000000000001,
      10000.0,
      5.920000000000001,
      6.021000000000001,
      6.28,
      6.454000000000001
    ],
    [
      10000.0,
      10000.0,
      3.547,
      6.265000000000001,
      7.543000000000001,
      3.061,
      5.148,
      1.3,
      0.5,
      3.5340000000000007,
      6.263000000000001,
      9.705,
      6.0840000000000005,
      8.854000000000001,
      3.89,
      3.3840000000000003,
      6.56,
      5.920000000000001,
      10000.0,
      0.447,
      3.0020000000000002,
      2.72
    ],
    [
      10000.0,
      10000.0,
      3.7439999999999998,
      6.297000000000001,
      7.963,
      3.5,
      5.595000000000001,
      1.7460000000000002,
      0.22400000000000003,
      3.8280000000000003,
      6.370000000000001,
      9.981000000000002,
      6.531000000000001,
      9.176,
      4.061,
      3.6240000000000006,
      6.66,
      6.021000000000001,
      0.447,
      10000.0,
      3.448,
      3.1620000000000004
    ],
    [
      10000.0,
      10000.0,
      3.801,
      7.011,
      4.95,
      0.447,
      2.184,
      1.72,
      3.444,
      3.059,
      6.531000000000001,
      8.417,
      3.1020000000000003,
      7.220000000000001,
      4.205,
      3.4060000000000006,
      6.845000000000001,
      6.28,
      3.0020000000000002,
      3.448,
      10000.0,
      0.41200000000000003
    ],
    [
      10000.0,
      10000.0,
      3.9320000000000004,
      7.1450000000000005,
      5.36,
      0.361,
      2.5500000000000003,
      1.487,
      3.138,
      3.257,
      6.719,
      8.778,
      3.448,
      7.603000000000001,
      4.3420000000000005,
      3.551,
      7.034000000000001,
      6.454000000000001,
      2.72,
      3.1620000000000004,
      0.41200000000000003,
      10000.0
    ]
  ],
  "vehicle_cost_matrix": [
    [
      100000.0,
      120.0,
      100000.0,
      48.38,
      106.82,
      100000.0,
      110.46,
      98.4,
      100000.0,
      42.94,
      100000.0,
      91.78,
      122.78,
      84.86,
      31.3,
      41.04,
      36.22,
      28.64,
      108.08,
      112.08,
      103.1,
      107.7
    ],
    [
      120.0,
      100000.0,
      100000.0,
      163.76,
      75.18,
      100000.0,
      14.14,
      73.24,
      100000.0,
      84.4,
      100000.0,
      164.76,
      26.0,
      136.82,
      109.64,
      94.26,
      156.06,
      146.5,
      98.8,
      107.7,
      38.84,
      44.72
    ],
    [
      100000.0,
      100000.0,
      100000.0,
      100000.0,
      100000.0,
      100000.0,
      100000.0,
      100000.0,
      100000.0,
      100000.0,
      100000.0,
      100000.0,
      100000.0,
      100000.0,
      100000.0,
      100000.0,
      100000.0,
      100000.0,
      100000.0,
      100000.0,
      100000.0,
      100000.0
    ],
    [
      48.38,
      163.76,
      100000.0,
      100000.0,
      154.84,
      100000.0,
      155.76,
      125.28,
      100000.0,
      80.1,
      100000.0,
      116.5,
      169.54,
      120.74,
      56.14,
      72.12,
      20.88,
      20.0,
      125.3,
      125.94,
      140.22,
      142.9
    ],
    [
      106.82,
      75.18,
      100000.0,
      154.84,
      100000.0,
      100000.0,
      61.74,
      126.14,
      100000.0,
      97.52,
      100000.0,
      104.78,
      53.82,
      74.22,
      117.2,
      108.4,
      138.92,
      134.84,
      150.86,
      159.26,
      99.0,
      107.2
    ],
    [
      100000.0,
      100000.0,
      100000.0,
      100000.0,
      100000.0,
      100000.0,
      100000.0,
      100000.0,
      100000.0,
      100000.0,
      100000.0,
      100000.0,
      100000.0,
      100000.0,
      100000.0,
      100000.0,
      100000.0,
      100000.0,
      100000.0,
      100000.0,
      100000.0,
      100000.0
    ],
    [
      110.46,
      14.14,
      100000.0,
      155.76,
      61.74,
      100000.0,
      100000.0,
      76.96,
      100000.0,
      78.0,
      100000.0,
      150.94,
      18.86,
      122.8,
      103.24,
      88.56,
      146.66,
      137.76,
      102.96,
      111.9,
      43.68,
      51.0
    ],
    [
      98.4,
      73.24,
      100000.0,
      125.28,
      126.14,
      100000.0,
      76.96,
      100000.0,
      100000.0,
      56.56,
      100000.0,
      178.08,
      95.7,
      158.4,
      71.56,
      57.68,
      127.02,
      114.54,
      26.0,
      34.92,
      34.4,
      29.74
    ],
    [
      100000.0,
      100000.0,
      100000.0,
      100000.0,
      100000.0,
      100000.0,
      100000.0,
      100000.0,
      100000.0,
      100000.0,
      100000.0,
      100000.0,
      100000.0,
      100000.0,
      100000.0,
      100000.0,
      100000.0,
      100000.0,
      100000.0,
      100000.0,
      100000.0,
      100000.0
    ],
    [
      42.94,
      84.4,
      100000.0,
      80.1,
      97.52,
      100000.0,
      78.0,
      56.56,
      100000.0,
      100000.0,
      100000.0,
      123.44,
      94.02,
      107.2,
      25.3,
      11.32,
      75.7,
      64.5,
      70.68,
      76.56,
      61.18,
      65.14
    ],
    [
      100000.0,
      100000.0,
      100000.0,
      100000.0,
      100000.0,
      100000.0,
      100000.0,
      100000.0,
      100000.0,
      100000.0,
      100000.0,
      100000.0,
      100000.0,
      100000.0,
      100000.0,
      100000.0,
      100000.0,
      100000.0,
      100000.0,
      100000.0,
      100000.0,
      100000.0
    ],
    [
      91.78,
      164.76,
      100000.0,
      116.5,
      104.78,
      100000.0,
      150.94,
      178.08,
      100000.0,
      123.44,
      100000.0,
      100000.0,
      152.12,
      30.6,
      122.26,
      127.38,
      95.7,
      102.32,
      194.1,
      199.62,
      168.34,
      175.56
    ],
    [
      122.78,
      26.0,
      100000.0,
      169.54,
      53.82,
      100000.0,
      18.86,
      95.7,
      100000.0,
      94.02,
      100000.0,
      152.12,
      100000.0,
      122.58,
      118.96,
      104.96,
      158.86,
      150.86,
      121.68,
      130.62,
      62.04,
      68.96
    ],
    [
      84.86,
      136.82,
      100000.0,
      120.74,
      74.22,
      100000.0,
      122.8,
      158.4,
      100000.0,
      107.2,
      100000.0,
      30.6,
      122.58,
      100000.0,
      112.02,
      113.44,
      100.24,
      103.24,
      177.08,
      183.52,
      144.4,
      152.06
    ],
    [
      31.3,
      109.64,
      100000.0,
      56.14,
      117.2,
      100000.0,
      103.24,
      71.56,
      100000.0,
      25.3,
      100000.0,
      122.26,
      118.96,
      112.02,
      100000.0,
      16.0,
      55.46,
      43.08,
      77.8,
      81.22,
      84.1,
      86.84
    ],
    [
      41.04,
      94.26,
      100000.0,
      72.12,
      108.4,
      100000.0,
      88.56,
      57.68,
      100000.0,
      11.32,
      100000.0,
      127.38,
      104.96,
      113.44,
      16.0,
      100000.0,
      70.22,
      58.24,
      67.68,
      72.48,
      68.12,
      71.02
    ],
    [
      36.22,
      156.06,
      100000.0,
      20.88,
      138.92,
      100000.0,
      146.66,
      127.02,
      100000.0,
      75.7,
      100000.0,
      95.7,
      158.86,
      100.24,
      55.46,
      70.22,
      100000.0,
      12.8,
      131.2,
      133.2,
      136.9,
      140.68
    ],
    [
      28.64,
      146.5,
      100000.0,
      20.0,
      134.84,
      100000.0,
      137.76,
      114.54,
      100000.0,
      64.5,
      100000.0,
      102.32,
      150.86,
      103.24,
      43.08,
      58.24,
      12.8,
      100000.0,
      118.4,
      120.42,
      125.6,
      129.08
    ],
    [
      108.08,
      98.8,
      100000.0,
      125.3,
      150.86,
      100000.0,
      102.96,
      26.0,
      100000.0,
      70.68,
      100000.0,
      194.1,
      121.68,
      177.08,
      77.8,
      67.68,
      131.2,
      118.4,
      100000.0,
      8.94,
      60.04,
      54.4
    ],
    [
      112.08,
      107.7,
      100000.0,
      125.94,
      159.26,
      100000.0,
      111.9,
      34.92,
      100000.0,
      76.56,
      100000.0,
      199.62,
      130.62,
      183.52,
      81.22,
      72.48,
      133.2,
      120.42,
      8.94,
      100000.0,
      68.96,
      63.24
    ],
    [
      103.1,
      38.84,
      100000.0,
      140.22,
      99.0,
      100000.0,
      43.68,
      34.4,
      100000.0,
      61.18,
      100000.0,
      168.34,
      62.04,
      144.4,
      84.1,
      68.12,
      136.9,
      125.6,
      60.04,
      68.96,
      100000.0,
      8.24
    ],
    [
      107.7,
      44.72,
      100000.0,
      142.9,
      107.2,
      100000.0,
      51.0,
      29.74,
      100000.0,
      65.14,
      100000.0,
      175.56,
      68.96,
      152.06,
      86.84,
      71.02,
      140.68,
      129.08,
      54.4,
      63.24,
      8.24,
      100000.0
    ]
  ],
  "robot_cost_matrix": [
    [
      100000.0,
      100000.0,
      100000.0,
      100000.0,
      100000.0,
      100000.0,
      100000.0,
      100000.0,
      100000.0,
      100000.0,
      100000.0,
      100000.0,
      100000.0,
      100000.0,
      100000.0,
      100000.0,
      100000.0,
      100000.0,
      100000.0,
      100000.0,
      100000.0,
      100000.0
    ],
    [
      100000.0,
      100000.0,
      100000.0,
      100000.0,
      100000.0,
      100000.0,
      100000.0,
      100000.0,
      100000.0,
      100000.0,
      100000.0,
      100000.0,
      100000.0,
      100000.0,
      100000.0,
      100000.0,
      100000.0,
      100000.0,
      100000.0,
      100000.0,
      100000.0,
      100000.0
    ],
    [
      100000.0,
      100000.0,
      100000.0,
      32.14,
      57.14,
      42.11,
      48.33,
      31.76,
      39.41,
      9.43,
      28.64,
      63.25,
      56.44,
      57.22,
      4.12,
      4.12,
      31.78,
      25.63,
      35.47,
      37.44,
      38.01,
      39.32
    ],
    [
      100000.0,
      100000.0,
      32.14,
      100000.0,
      77.42,
      74.24,
      77.88,
      62.64,
      65.19,
      40.05,
      10.82,
      58.25,
      84.77,
      60.37,
      28.07,
      36.06,
      10.44,
      10.0,
      62.65,
      62.97,
      70.11,
      71.45
    ],
    [
      100000.0,
      100000.0,
      57.14,
      77.42,
      100000.0,
      52.17,
      30.87,
      63.07,
      80.4,
      48.76,
      67.42,
      52.39,
      26.91,
      37.11,
      58.6,
      54.2,
      69.46,
      67.42,
      75.43,
      79.63,
      49.5,
      53.6
    ],
    [
      100000.0,
      100000.0,
      42.11,
      74.24,
      52.17,
      100000.0,
      23.09,
      18.44,
      34.67,
      34.93,
      69.63,
      88.39,
      31.78,
      76.22,
      46.17,
      38.21,
      72.78,
      67.08,
      30.61,
      35.0,
      4.47,
      3.61
    ],
    [
      100000.0,
      100000.0,
      48.33,
      77.88,
      30.87,
      23.09,
      100000.0,
      38.48,
      56.08,
      39.0,
      70.46,
      75.47,
      9.43,
      61.4,
      51.62,
      44.28,
      73.33,
      68.88,
      51.48,
      55.95,
      21.84,
      25.5
    ],
    [
      100000.0,
      100000.0,
      31.76,
      62.64,
      63.07,
      18.44,
      38.48,
      100000.0,
      17.72,
      28.28,
      60.37,
      89.04,
      47.85,
      79.2,
      35.78,
      28.84,
      63.51,
      57.27,
      13.0,
      17.46,
      17.2,
      14.87
    ],
    [
      100000.0,
      100000.0,
      39.41,
      65.19,
      80.4,
      34.67,
      56.08,
      17.72,
      100000.0,
      39.92,
      65.86,
      101.55,
      65.39,
      93.3,
      42.64,
      38.08,
      68.77,
      62.37,
      5.0,
      2.24,
      34.44,
      31.38
    ],
    [
      100000.0,
      100000.0,
      9.43,
      40.05,
      48.76,
      34.93,
      39.0,
      28.28,
      39.92,
      100000.0,
      34.71,
      61.72,
      47.01,
      53.6,
      12.65,
      5.66,
      37.85,
      32.25,
      35.34,
      38.28,
      30.59,
      32.57
    ],
    [
      100000.0,
      100000.0,
      28.64,
      10.82,
      67.42,
      69.63,
      70.46,
      60.37,
      65.86,
      34.71,
      100000.0,
      48.37,
      76.69,
      49.66,
      24.6,
      31.95,
      3.16,
      3.61,
      62.63,
      63.7,
      65.31,
      67.19
    ],
    [
      100000.0,
      100000.0,
      63.25,
      58.25,
      52.39,
      88.39,
      75.47,
      89.04,
      101.55,
      61.72,
      48.37,
      100000.0,
      76.06,
      15.3,
      61.13,
      63.69,
      47.85,
      51.16,
      97.05,
      99.81,
      84.17,
      87.78
    ],
    [
      100000.0,
      100000.0,
      56.44,
      84.77,
      26.91,
      31.78,
      9.43,
      47.85,
      65.39,
      47.01,
      76.69,
      76.06,
      100000.0,
      61.29,
      59.48,
      52.48,
      79.43,
      75.43,
      60.84,
      65.31,
      31.02,
      34.48
    ],
    [
      100000.0,
      100000.0,
      57.22,
      60.37,
      37.11,
      76.22,
      61.4,
      79.2,
      93.3,
      53.6,
      49.66,
      15.3,
      61.29,
      100000.0,
      56.01,
      56.72,
      50.12,
      51.62,
      88.54,
      91.76,
      72.2,
      76.03
    ],
    [
      100000.0,
      100000.0,
      4.12,
      28.07,
      58.6,
      46.17,
      51.62,
      35.78,
      42.64,
      12.65,
      24.6,
      61.13,
      59.48,
      56.01,
      100000.0,
      8.0,
      27.73,
      21.54,
      38.9,
      40.61,
      42.05,
      43.42
    ],
    [
      100000.0,
      100000.0,
      4.12,
      36.06,
      54.2,
      38.21,
      44.28,
      28.84,
      38.08,
      5.66,
      31.95,
      63.69,
      52.48,
      56.72,
      8.0,
      100000.0,
      35.11,
      29.12,
      33.84,
      36.24,
      34.06,
      35.51
    ],
    [
      100000.0,
      100000.0,
      31.78,
      10.44,
      69.46,
      72.78,
      73.33,
      63.51,
      68.77,
      37.85,
      3.16,
      47.85,
      79.43,
      50.12,
      27.73,
      35.11,
      100000.0,
      6.4,
      65.6,
      66.6,
      68.45,
      70.34
    ],
    [
      100000.0,
      100000.0,
      25.63,
      10.0,
      67.42,
      67.08,
      68.88,
      57.27,
      62.37,
      32.25,
      3.61,
      51.16,
      75.43,
      51.62,
      21.54,
      29.12,
      6.4,
      100000.0,
      59.2,
      60.21,
      62.8,
      64.54
    ],
    [
      100000.0,
      100000.0,
      35.47,
      62.65,
      75.43,
      30.61,
      51.48,
      13.0,
      5.0,
      35.34,
      62.63,
      97.05,
      60.84,
      88.54,
      38.9,
      33.84,
      65.6,
      59.2,
      100000.0,
      4.47,
      30.02,
      27.2
    ],
    [
      100000.0,
      100000.0,
      37.44,
      62.97,
      79.63,
      35.0,
      55.95,
      17.46,
      2.24,
      38.28,
      63.7,
      99.81,
      65.31,
      91.76,
      40.61,
      36.24,
      66.6,
      60.21,
      4.47,
      100000.0,
      34.48,
      31.62
    ],
    [
      100000.0,
      100000.0,
      38.01,
      70.11,
      49.5,
      4.47,
      21.84,
      17.2,
      34.44,
      30.59,
      65.31,
      84.17,
      31.02,
      72.2,
      42.05,
      34.06,
      68.45,
      62.8,
      30.02,
      34.48,
      100000.0,
      4.12
    ],
    [
      100000.0,
      100000.0,
      39.32,
      71.45,
      53.6,
      3.61,
      25.5,
      14.87,
      31.38,
      32.57,
      67.19,
      87.78,
      34.48,
      76.03,
      43.42,
      35.51,
      70.34,
      64.54,
      27.2,
      31.62,
      4.12,
      100000.0
    ]
  ],
  "vehicle_time_matrix": [
    [
      100000.0,
      1.88,
      100000.0,
      0.76,
      1.67,
      100000.0,
      1.73,
      1.54,
      100000.0,
      0.67,
      100000.0,
      1.43,
      1.92,
      1.33,
      0.49,
      0.64,
      0.57,
      0.45,
      1.69,
      1.75,
      1.61,
      1.68
    ],
    [
      1.88,
      100000.0,
      100000.0,
      2.56,
      1.17,
      100000.0,
      0.22,
      1.14,
      100000.0,
      1.32,
      100000.0,
      2.57,
      0.41,
      2.14,
      1.71,
      1.47,
      2.44,
      2.29,
      1.54,
      1.68,
      0.61,
      0.7
    ],
    [
      100000.0,
      100000.0,
      100000.0,
      100000.0,
      100000.0,
      100000.0,
      100000.0,
      100000.0,
      100000.0,
      100000.0,
      100000.0,
      100000.0,
      100000.0,
      100000.0,
      100000.0,
      100000.0,
      100000.0,
      100000.0,
      100000.0,
      100000.0,
      100000.0,
      100000.0
    ],
    [
      0.76,
      2.56,
      100000.0,
      100000.0,
      2.42,
      100000.0,
      2.43,
      1.96,
      100000.0,
      1.25,
      100000.0,
      1.82,
      2.65,
      1.89,
      0.88,
      1.13,
      0.33,
      0.31,
      1.96,
      1.97,
      2.19,
      2.23
    ],
    [
      1.67,
      1.17,
      100000.0,
      2.42,
      100000.0,
      100000.0,
      0.96,
      1.97,
      100000.0,
      1.52,
      100000.0,
      1.64,
      0.84,
      1.16,
      1.83,
      1.69,
      2.17,
      2.11,
      2.36,
      2.49,
      1.55,
      1.68
    ],
    [
      100000.0,
      100000.0,
      100000.0,
      100000.0,
      100000.0,
      100000.0,
      100000.0,
      100000.0,
      100000.0,
      100000.0,
      100000.0,
      100000.0,
      100000.0,
      100000.0,
      100000.0,
      100000.0,
      100000.0,
      100000.0,
      100000.0,
      100000.0,
      100000.0,
      100000.0
    ],
    [
      1.73,
      0.22,
      100000.0,
      2.43,
      0.96,
      100000.0,
      100000.0,
      1.2,
      100000.0,
      1.22,
      100000.0,
      2.36,
      0.29,
      1.92,
      1.61,
      1.38,
      2.29,
      2.15,
      1.61,
      1.75,
      0.68,
      0.8
    ],
    [
      1.54,
      1.14,
      100000.0,
      1.96,
      1.97,
      100000.0,
      1.2,
      100000.0,
      100000.0,
      0.88,
      100000.0,
      2.78,
      1.5,
      2.48,
      1.12,
      0.9,
      1.98,
      1.79,
      0.41,
      0.55,
      0.54,
      0.46
    ],
    [
      100000.0,
      100000.0,
      100000.0,
      100000.0,
      100000.0,
      100000.0,
      100000.0,
      100000.0,
      100000.0,
      100000.0,
      100000.0,
      100000.0,
      100000.0,
      100000.0,
      100000.0,
      100000.0,
      100000.0,
      100000.0,
      100000.0,
      100000.0,
      100000.0,
      100000.0
    ],
    [
      0.67,
      1.32,
      100000.0,
      1.25,
      1.52,
      100000.0,
      1.22,
      0.88,
      100000.0,
      100000.0,
      100000.0,
      1.93,
      1.47,
      1.68,
      0.4,
      0.18,
      1.18,
      1.01,
      1.1,
      1.2,
      0.96,
      1.02
    ],
    [
      100000.0,
      100000.0,
      100000.0,
      100000.0,
      100000.0,
      100000.0,
      100000.0,
      100000.0,
      100000.0,
      100000.0,
      100000.0,
      100000.0,
      100000.0,
      100000.0,
      100000.0,
      100000.0,
      100000.0,
      100000.0,
      100000.0,
      100000.0,
      100000.0,
      100000.0
    ],
    [
      1.43,
      2.57,
      100000.0,
      1.82,
      1.64,
      100000.0,
      2.36,
      2.78,
      100000.0,
      1.93,
      100000.0,
      100000.0,
      2.38,
      0.48,
      1.91,
      1.99,
      1.5,
      1.6,
      3.03,
      3.12,
      2.63,
      2.74
    ],
    [
      1.92,
      0.41,
      100000.0,
      2.65,
      0.84,
      100000.0,
      0.29,
      1.5,
      100000.0,
      1.47,
      100000.0,
      2.38,
      100000.0,
      1.92,
      1.86,
      1.64,
      2.48,
      2.36,
      1.9,
      2.04,
      0.97,
      1.08
    ],
    [
      1.33,
      2.14,
      100000.0,
      1.89,
      1.16,
      100000.0,
      1.92,
      2.48,
      100000.0,
      1.68,
      100000.0,
      0.48,
      1.92,
      100000.0,
      1.75,
      1.77,
      1.57,
      1.61,
      2.77,
      2.87,
      2.26,
      2.38
    ],
    [
      0.49,
      1.71,
      100000.0,
      0.88,
      1.83,
      100000.0,
      1.61,
      1.12,
      100000.0,
      0.4,
      100000.0,
      1.91,
      1.86,
      1.75,
      100000.0,
      0.25,
      0.87,
      0.67,
      1.22,
      1.27,
      1.31,
      1.36
    ],
    [
      0.64,
      1.47,
      100000.0,
      1.13,
      1.69,
      100000.0,
      1.38,
      0.9,
      100000.0,
      0.18,
      100000.0,
      1.99,
      1.64,
      1.77,
      0.25,
      100000.0,
      1.1,
      0.91,
      1.06,
      1.13,
      1.06,
      1.11
    ],
    [
      0.57,
      2.44,
      100000.0,
      0.33,
      2.17,
      100000.0,
      2.29,
      1.98,
      100000.0,
      1.18,
      100000.0,
      1.5,
      2.48,
      1.57,
      0.87,
      1.1,
      100000.0,
      0.2,
      2.05,
      2.08,
      2.14,
      2.2
    ],
    [
      0.45,
      2.29,
      100000.0,
      0.31,
      2.11,
      100000.0,
      2.15,
      1.79,
      100000.0,
      1.01,
      100000.0,
      1.6,
      2.36,
      1.61,
      0.67,
      0.91,
      0.2,
      100000.0,
      1.85,
      1.88,
      1.96,
      2.02
    ],
    [
      1.69,
      1.54,
      100000.0,
      1.96,
      2.36,
      100000.0,
      1.61,
      0.41,
      100000.0,
      1.1,
      100000.0,
      3.03,
      1.9,
      2.77,
      1.22,
      1.06,
      2.05,
      1.85,
      100000.0,
      0.14,
      0.94,
      0.85
    ],
    [
      1.75,
      1.68,
      100000.0,
      1.97,
      2.49,
      100000.0,
      1.75,
      0.55,
      100000.0,
      1.2,
      100000.0,
      3.12,
      2.04,
      2.87,
      1.27,
      1.13,
      2.08,
      1.88,
      0.14,
      100000.0,
      1.08,
      0.99
    ],
    [
      1.61,
      0.61,
      100000.0,
      2.19,
      1.55,
      100000.0,
      0.68,
      0.54,
      100000.0,
      0.96,
      100000.0,
      2.63,
      0.97,
      2.26,
      1.31,
      1.06,
      2.14,
      1.96,
      0.94,
      1.08,
      100000.0,
      0.13
    ],
    [
      1.68,
      0.7,
      100000.0,
      2.23,
      1.68,
      100000.0,
      0.8,
      0.46,
      100000.0,
      1.02,
      100000.0,
      2.74,
      1.08,
      2.38,
      1.36,
      1.11,
      2.2,
      2.02,
      0.85,
      0.99,
      0.13,
      100000.0
    ]
  ],
  "robot_time_matrix": [
    [
      100000.0,
      100000.0,
      100000.0,
      100000.0,
      100000.0,
      100000.0,
      100000.0,
      100000.0,
      100000.0,
      100000.0,
      100000.0,
      100000.0,
      100000.0,
      100000.0,
      100000.0,
      100000.0,
      100000.0,
      100000.0,
      100000.0,
      100000.0,
      100000.0,
      100000.0
    ],
    [
      100000.0,
      100000.0,
      100000.0,
      100000.0,
      100000.0,
      100000.0,
      100000.0,
      100000.0,
      100000.0,
      100000.0,
      100000.0,
      100000.0,
      100000.0,
      100000.0,
      100000.0,
      100000.0,
      100000.0,
      100000.0,
      100000.0,
      100000.0,
      100000.0,
      100000.0
    ],
    [
      100000.0,
      100000.0,
      100000.0,
      3.21,
      5.71,
      4.21,
      4.83,
      3.18,
      3.94,
      0.94,
      2.86,
      6.33,
      5.64,
      5.72,
      0.41,
      0.41,
      3.18,
      2.56,
      3.55,
      3.74,
      3.8,
      3.93
    ],
    [
      100000.0,
      100000.0,
      3.21,
      100000.0,
      7.74,
      7.42,
      7.79,
      6.26,
      6.52,
      4.0,
      1.08,
      5.83,
      8.48,
      6.04,
      2.81,
      3.61,
      1.04,
      1.0,
      6.26,
      6.3,
      7.01,
      7.15
    ],
    [
      100000.0,
      100000.0,
      5.71,
      7.74,
      100000.0,
      5.22,
      3.09,
      6.31,
      8.04,
      4.88,
      6.74,
      5.24,
      2.69,
      3.71,
      5.86,
      5.42,
      6.95,
