{
  "name": "M-d2-n13-k1-p2",
  "V_coordinates": [
    [
      73,
      50
    ],
    [
      13,
      50
    ],
    [
      31,
      17
    ],
    [
      34,
      80
    ],
    [
      72,
      33
    ],
    [
      74,
      6
    ],
    [
      39,
      97
    ],
    [
      62,
      65
    ],
    [
      8,
      88
    ],
    [
      20,
      68
    ],
    [
      88,
      53
    ],
    [
      49,
      34
    ],
    [
      53,
      92
    ],
    [
      63,
      42
    ],
    [
      91,
      33
    ],
    [
      7,
      58
    ],
    [
      76,
      87
    ],
    [
      54,
      60
    ],
    [
      75,
      34
    ],
    [
      13,
      37
    ],
    [
      67,
      8
    ],
    [
      94,
      62
    ],
    [
      61,
      68
    ],
    [
      8,
      7
    ],
    [
      32,
      59
    ],
    [
      18,
      45
    ],
    [
      82,
      5
    ],
    [
      97,
      8
    ],
    [
      73,
      5
    ],
    [
      76,
      10
    ],
    [
      64,
      62
    ],
    [
      59,
      63
    ],
    [
      64,
      66
    ],
    [
      59,
      69
    ],
    [
      46,
      32
    ],
    [
      46,
      37
    ],
    [
      58,
      91
    ],
    [
      51,
      92
    ],
    [
      30,
      61
    ],
    [
      34,
      58
    ],
    [
      76,
      32
    ],
    [
      72,
      32
    ],
    [
      6,
      5
    ],
    [
      9,
      8
    ]
  ],
  "V": [
    0,
    1,
    2,
    3,
    4,
    5,
    6,
    7,
    8,
    9,
    10,
    11,
    12,
    13,
    14,
    15,
    16,
    17,
    18,
    19,
    20,
    21,
    22,
    23,
    24,
    25,
    26,
    27,
    28,
    29,
    30,
    31,
    32,
    33,
    34,
    35,
    36,
    37,
    38,
    39,
    40,
    41,
    42,
    43
  ],
  "VD": [
    0,
    1
  ],
  "VC": [
    2,
    3,
    4,
    5,
    6,
    7,
    8,
    9,
    10,
    11,
    12,
    13,
    14,
    15,
    16,
    17,
    18,
    19,
    20,
    21,
    22,
    23,
    24,
    25,
    26,
    27
  ],
  "VP": [
    28,
    29,
    30,
    31,
    32,
    33,
    34,
    35,
    36,
    37,
    38,
    39,
    40,
    41,
    42,
    43
  ],
  "VC1": [
    2,
    3,
    4,
    6,
    8,
    9,
    10,
    13,
    14,
    15,
    16,
    17,
    19,
    20,
    21,
    25,
    26,
    27
  ],
  "VC2": [
    5,
    7,
    22,
    11,
    12,
    24,
    18,
    23
  ],
  "demand": [
    0,
    0,
    27,
    18,
    11,
    12,
    12,
    10,
    24,
    10,
    18,
    17,
    18,
    13,
    29,
    15,
    21,
    19,
    12,
    15,
    15,
    18,
    26,
    15,
    18,
    30,
    19,
    24,
    0,
    0,
    0,
    0,
    0,
    0,
    0,
    0,
    0,
    0,
    0,
    0,
    0,
    0,
    0,
    0
  ],
  "service_time": [
    0,
    0,
    15,
    17,
    17,
    11,
    10,
    14,
    16,
    15,
    16,
    13,
    14,
    11,
    14,
    18,
    13,
    19,
    16,
    10,
    13,
    10,
    16,
    12,
    10,
    12,
    17,
    18,
    0,
    0,
    0,
    0,
    0,
    0,
    0,
    0,
    0,
    0,
    0,
    0,
    0,
    0,
    0,
    0
  ],
  "K": [
    0,
    1
  ],
  "veh_dist_matrix": [
    [
      100000.0,
      60.0,
      53.41,
      49.2,
      17.03,
      100000.0,
      58.01,
      100000.0,
      75.29,
      55.97,
      15.3,
      100000.0,
      100000.0,
      12.81,
      24.76,
      66.48,
      37.12,
      21.47,
      100000.0,
      61.39,
      42.43,
      24.19,
      100000.0,
      100000.0,
      100000.0,
      55.23,
      45.89,
      48.37,
      45.0,
      40.11,
      15.0,
      19.1,
      18.36,
      23.6,
      32.45,
      29.97,
      43.66,
      47.41,
      44.38,
      39.81,
      18.25,
      18.03,
      80.71,
      76.55
    ],
    [
      60.0,
      100000.0,
      37.59,
      36.62,
      61.4,
      100000.0,
      53.71,
      100000.0,
      38.33,
      19.31,
      75.06,
      100000.0,
      100000.0,
      50.64,
      79.83,
      10.0,
      73.06,
      42.2,
      100000.0,
      13.0,
      68.41,
      81.88,
      100000.0,
      100000.0,
      100000.0,
      7.07,
      82.38,
      93.91,
      75.0,
      74.63,
      52.39,
      47.8,
      53.45,
      49.77,
      37.59,
      35.47,
      60.88,
      56.64,
      20.25,
      22.47,
      65.52,
      61.68,
      45.54,
      42.19
    ],
    [
      53.41,
      37.59,
      100000.0,
      63.07,
      44.01,
      100000.0,
      80.4,
      100000.0,
      74.63,
      52.17,
      67.42,
      100000.0,
      100000.0,
      40.61,
      62.1,
      47.51,
      83.22,
      48.76,
      100000.0,
      26.91,
      37.11,
      77.42,
      100000.0,
      100000.0,
      100000.0,
      30.87,
      52.39,
      66.61,
      43.68,
      45.54,
      55.8,
      53.85,
      59.08,
      59.06,
      21.21,
      25.0,
      78.77,
      77.62,
      44.01,
      41.11,
      47.43,
      43.66,
      27.73,
      23.77
    ],
    [
      49.2,
      36.62,
      63.07,
      100000.0,
      60.44,
      100000.0,
      17.72,
      100000.0,
      27.2,
      18.44,
      60.37,
      100000.0,
      100000.0,
      47.8,
      73.88,
      34.83,
      42.58,
      28.28,
      100000.0,
      47.85,
      79.2,
      62.64,
      100000.0,
      100000.0,
      100000.0,
      38.48,
      89.04,
      95.67,
      84.53,
      81.63,
      34.99,
      30.23,
      33.11,
      27.31,
      49.48,
      44.64,
      26.4,
      20.81,
      19.42,
      22.0,
      63.78,
      61.22,
      80.06,
      76.22
    ],
    [
      17.03,
      61.4,
      44.01,
      60.44,
      100000.0,
      100000.0,
      72.01,
      100000.0,
      84.39,
      62.68,
      25.61,
      100000.0,
      100000.0,
      12.73,
      19.0,
      69.64,
      54.15,
      32.45,
      100000.0,
      59.14,
      25.5,
      36.4,
      100000.0,
      100000.0,
      100000.0,
      55.32,
      29.73,
      35.36,
      28.02,
      23.35,
      30.08,
      32.7,
      33.96,
      38.28,
      26.02,
      26.31,
      59.67,
      62.63,
      50.48,
      45.49,
      4.12,
      1.0,
      71.69,
      67.78
    ],
    [
      100000.0,
      100000.0,
      100000.0,
      100000.0,
      100000.0,
      100000.0,
      100000.0,
      100000.0,
      100000.0,
      100000.0,
      100000.0,
      100000.0,
      100000.0,
      100000.0,
      100000.0,
      100000.0,
      100000.0,
      100000.0,
      100000.0,
      100000.0,
      100000.0,
      100000.0,
      100000.0,
      100000.0,
      100000.0,
      100000.0,
      100000.0,
      100000.0,
      100000.0,
      100000.0,
      100000.0,
      100000.0,
      100000.0,
      100000.0,
      100000.0,
      100000.0,
      100000.0,
      100000.0,
      100000.0,
      100000.0,
      100000.0,
      100000.0,
      100000.0,
      100000.0
    ],
    [
      58.01,
      53.71,
      80.4,
      17.72,
      72.01,
      100000.0,
      100000.0,
      100000.0,
      32.28,
      34.67,
      65.86,
      100000.0,
      100000.0,
      60.01,
      82.46,
      50.45,
      38.33,
      39.92,
      100000.0,
      65.39,
      93.3,
      65.19,
      100000.0,
      100000.0,
      100000.0,
      56.08,
      101.55,
      106.23,
      98.08,
      94.54,
      43.01,
      39.45,
      39.82,
      34.41,
      65.38,
      60.41,
      19.92,
      13.0,
      37.11,
      39.32,
      74.79,
      72.9,
      97.74,
      93.92
    ],
    [
      100000.0,
      100000.0,
      100000.0,
      100000.0,
      100000.0,
      100000.0,
      100000.0,
      100000.0,
      100000.0,
      100000.0,
      100000.0,
      100000.0,
      100000.0,
      100000.0,
      100000.0,
      100000.0,
      100000.0,
      100000.0,
      100000.0,
      100000.0,
      100000.0,
      100000.0,
      100000.0,
      100000.0,
      100000.0,
      100000.0,
      100000.0,
      100000.0,
      100000.0,
      100000.0,
      100000.0,
      100000.0,
      100000.0,
      100000.0,
      100000.0,
      100000.0,
      100000.0,
      100000.0,
      100000.0,
      100000.0,
      100000.0,
      100000.0,
      100000.0,
      100000.0
    ],
    [
      75.29,
      38.33,
      74.63,
      27.2,
      84.39,
      100000.0,
      32.28,
      100000.0,
      100000.0,
      23.32,
      87.32,
      100000.0,
      100000.0,
      71.7,
      99.57,
      30.02,
      68.01,
      53.85,
      100000.0,
      51.24,
      99.4,
      89.84,
      100000.0,
      100000.0,
      100000.0,
      44.15,
      111.2,
      119.67,
      105.42,
      103.48,
      61.74,
      56.8,
      60.17,
      54.42,
      67.68,
      63.6,
      50.09,
      43.19,
      34.83,
      39.7,
      88.09,
      85.04,
      83.02,
      80.01
    ],
    [
      55.97,
      19.31,
      52.17,
      18.44,
      62.68,
      100000.0,
      34.67,
      100000.0,
      23.32,
      100000.0,
      69.63,
      100000.0,
      100000.0,
      50.25,
      79.16,
      16.4,
      59.14,
      34.93,
      100000.0,
      31.78,
      76.22,
      74.24,
      100000.0,
      100000.0,
      100000.0,
      23.09,
      88.39,
      97.62,
      82.33,
      80.62,
      44.41,
      39.32,
      44.05,
      39.01,
      44.41,
      40.46,
      44.42,
      39.2,
      12.21,
      17.2,
      66.57,
      63.25,
      64.54,
      61.0
    ],
    [
      15.3,
      75.06,
      67.42,
      60.37,
      25.61,
      100000.0,
      65.86,
      100000.0,
      87.32,
      69.63,
      100000.0,
      100000.0,
      100000.0,
      27.31,
      20.22,
      81.15,
      36.06,
      34.71,
      100000.0,
      76.69,
      49.66,
      10.82,
      100000.0,
      100000.0,
      100000.0,
      70.46,
      48.37,
      45.89,
      50.29,
      44.64,
      25.63,
      30.68,
      27.29,
      33.12,
      46.96,
      44.94,
      48.41,
      53.76,
      58.55,
      54.23,
      24.19,
      26.4,
      95.02,
      90.92
    ],
    [
      100000.0,
      100000.0,
      100000.0,
      100000.0,
      100000.0,
      100000.0,
      100000.0,
      100000.0,
      100000.0,
      100000.0,
      100000.0,
      100000.0,
      100000.0,
      100000.0,
      100000.0,
      100000.0,
      100000.0,
      100000.0,
      100000.0,
      100000.0,
      100000.0,
      100000.0,
      100000.0,
      100000.0,
      100000.0,
      100000.0,
      100000.0,
      100000.0,
      100000.0,
      100000.0,
      100000.0,
      100000.0,
      100000.0,
      100000.0,
      100000.0,
      100000.0,
      100000.0,
      100000.0,
      100000.0,
      100000.0,
      100000.0,
      100000.0,
      100000.0,
      100000.0
    ],
    [
      100000.0,
      100000.0,
      100000.0,
      100000.0,
      100000.0,
      100000.0,
      100000.0,
      100000.0,
      100000.0,
      100000.0,
      100000.0,
      100000.0,
      100000.0,
      100000.0,
      100000.0,
      100000.0,
      100000.0,
      100000.0,
      100000.0,
      100000.0,
      100000.0,
      100000.0,
      100000.0,
      100000.0,
      100000.0,
      100000.0,
      100000.0,
      100000.0,
      100000.0,
      100000.0,
      100000.0,
      100000.0,
      100000.0,
      100000.0,
      100000.0,
      100000.0,
      100000.0,
      100000.0,
      100000.0,
      100000.0,
      100000.0,
      100000.0,
      100000.0,
      100000.0
    ],
    [
      12.81,
      50.64,
      40.61,
      47.8,
      12.73,
      100000.0,
      60.01,
      100000.0,
      71.7,
      50.25,
      27.31,
      100000.0,
      100000.0,
      100000.0,
      29.41,
      58.24,
      46.84,
      20.12,
      100000.0,
      50.25,
      34.23,
      36.89,
      100000.0,
      100000.0,
      100000.0,
      45.1,
      41.59,
      48.08,
      38.33,
      34.54,
      20.02,
      21.38,
      24.02,
      27.29,
      19.72,
      17.72,
      49.25,
      51.42,
      38.08,
      33.12,
      16.4,
      13.45,
      67.96,
      63.81
    ],
    [
      24.76,
      79.83,
      62.1,
      73.88,
      19.0,
      100000.0,
      82.46,
      100000.0,
      99.57,
      79.16,
      20.22,
      100000.0,
      100000.0,
      29.41,
      100000.0,
      87.64,
      56.04,
      45.8,
      100000.0,
      78.1,
      34.66,
      29.15,
      100000.0,
      100000.0,
      100000.0,
      73.98,
      29.41,
      25.71,
      33.29,
      27.46,
      39.62,
      43.86,
      42.64,
      48.17,
      45.01,
      45.18,
      66.73,
      71.28,
      67.12,
      62.24,
      15.03,
      19.03,
      89.49,
      85.73
    ],
    [
      66.48,
      10.0,
      47.51,
      34.83,
      69.64,
      100000.0,
      50.45,
      100000.0,
      30.02,
      16.4,
      81.15,
      100000.0,
      100000.0,
      58.24,
      87.64,
      100000.0,
      74.85,
      47.04,
      100000.0,
      21.84,
      78.1,
      87.09,
      100000.0,
      100000.0,
      100000.0,
      17.03,
      91.84,
      102.96,
      84.65,
      84.05,
      57.14,
      52.24,
      57.56,
      53.15,
      46.87,
      44.29,
      60.75,
      55.61,
      23.19,
      27.0,
      73.74,
      70.01,
      53.01,
      50.04
    ],
    [
      37.12,
      73.06,
      83.22,
      42.58,
      54.15,
      100000.0,
      38.33,
      100000.0,
      68.01,
      59.14,
      36.06,
      100000.0,
      100000.0,
      46.84,
      56.04,
      74.85,
      100000.0,
      34.83,
      100000.0,
      80.43,
      79.51,
      30.81,
      100000.0,
      100000.0,
      100000.0,
      71.61,
      82.22,
      81.74,
      82.05,
      77.0,
      27.73,
      29.41,
      24.19,
      24.76,
      62.65,
      58.31,
      18.44,
      25.5,
      52.84,
      51.04,
      55.0,
      55.15,
      107.81,
      103.59
    ],
    [
      21.47,
      42.2,
      48.76,
      28.28,
      32.45,
      100000.0,
      39.92,
      100000.0,
      53.85,
      34.93,
      34.71,
      100000.0,
      100000.0,
      20.12,
      45.8,
      47.04,
      34.83,
      100000.0,
      100000.0,
      47.01,
      53.6,
      40.05,
      100000.0,
      100000.0,
      100000.0,
      39.0,
      61.72,
      67.48,
      58.19,
      54.63,
      10.2,
      5.83,
      11.66,
      10.3,
      29.12,
      24.35,
      31.26,
      32.14,
      24.02,
      20.1,
      35.61,
      33.29,
      73.0,
      68.77
    ],
    [
      100000.0,
      100000.0,
      100000.0,
      100000.0,
      100000.0,
      100000.0,
      100000.0,
      100000.0,
      100000.0,
      100000.0,
      100000.0,
      100000.0,
      100000.0,
      100000.0,
      100000.0,
      100000.0,
      100000.0,
      100000.0,
      100000.0,
      100000.0,
      100000.0,
      100000.0,
      100000.0,
      100000.0,
      100000.0,
      100000.0,
      100000.0,
      100000.0,
      100000.0,
      100000.0,
      100000.0,
      100000.0,
      100000.0,
      100000.0,
      100000.0,
      100000.0,
      100000.0,
      100000.0,
      100000.0,
      100000.0,
      100000.0,
      100000.0,
      100000.0,
      100000.0
    ],
    [
      61.39,
      13.0,
      26.91,
      47.85,
      59.14,
      100000.0,
      65.39,
      100000.0,
      51.24,
      31.78,
      76.69,
      100000.0,
      100000.0,
      50.25,
      78.1,
      21.84,
      80.43,
      47.01,
      100000.0,
      100000.0,
      61.29,
      84.77,
      100000.0,
      100000.0,
      100000.0,
      9.43,
      76.06,
      88.87,
      68.0,
      68.54,
      56.8,
      52.84,
      58.67,
      56.04,
      33.38,
      33.0,
      70.29,
      66.85,
      29.41,
      29.7,
      63.2,
      59.21,
      32.76,
      29.27
    ],
    [
      42.43,
      68.41,
      37.11,
      79.2,
      25.5,
      100000.0,
      93.3,
      100000.0,
      99.4,
      76.22,
      49.66,
      100000.0,
      100000.0,
      34.23,
      34.66,
      78.1,
      79.51,
      53.6,
      100000.0,
      61.29,
      100000.0,
      60.37,
      100000.0,
      100000.0,
      100000.0,
      61.4,
      15.3,
      30.0,
      6.71,
      9.22,
      54.08,
      55.58,
      58.08,
      61.52,
      31.89,
      35.81,
      83.49,
      85.51,
      64.64,
      59.91,
      25.63,
      24.52,
      61.07,
      58.0
    ],
    [
      24.19,
      81.88,
      77.42,
      62.64,
      36.4,
      100000.0,
      65.19,
      100000.0,
      89.84,
      74.24,
      10.82,
      100000.0,
      100000.0,
      36.89,
      29.15,
      87.09,
      30.81,
      40.05,
      100000.0,
      84.77,
      60.37,
      100000.0,
      100000.0,
      100000.0,
      100000.0,
      77.88,
      58.25,
      54.08,
      60.75,
      55.03,
      30.0,
      35.01,
      30.27,
      35.69,
      56.6,
      54.12,
      46.23,
      52.43,
      64.01,
      60.13,
      34.99,
      37.2,
      104.85,
      100.7
    ],
    [
      100000.0,
      100000.0,
      100000.0,
      100000.0,
      100000.0,
      100000.0,
      100000.0,
      100000.0,
      100000.0,
      100000.0,
      100000.0,
      100000.0,
      100000.0,
      100000.0,
      100000.0,
      100000.0,
      100000.0,
      100000.0,
      100000.0,
      100000.0,
      100000.0,
      100000.0,
      100000.0,
      100000.0,
      100000.0,
      100000.0,
      100000.0,
      100000.0,
      100000.0,
      100000.0,
      100000.0,
      100000.0,
      100000.0,
      100000.0,
      100000.0,
      100000.0,
      100000.0,
      100000.0,
      100000.0,
      100000.0,
      100000.0,
      100000.0,
      100000.0,
      100000.0
    ],
    [
      100000.0,
      100000.0,
      100000.0,
      100000.0,
      100000.0,
      100000.0,
      100000.0,
      100000.0,
      100000.0,
      100000.0,
      100000.0,
      100000.0,
      100000.0,
      100000.0,
      100000.0,
      100000.0,
      100000.0,
      100000.0,
      100000.0,
      100000.0,
      100000.0,
      100000.0,
      100000.0,
      100000.0,
      100000.0,
      100000.0,
      100000.0,
      100000.0,
      100000.0,
      100000.0,
      100000.0,
      100000.0,
      100000.0,
      100000.0,
      100000.0,
      100000.0,
      100000.0,
      100000.0,
      100000.0,
      100000.0,
      100000.0,
      100000.0,
      100000.0,
      100000.0
    ],
    [
      100000.0,
      100000.0,
      100000.0,
      100000.0,
      100000.0,
      100000.0,
      100000.0,
      100000.0,
      100000.0,
      100000.0,
      100000.0,
      100000.0,
      100000.0,
      100000.0,
      100000.0,
      100000.0,
      100000.0,
      100000.0,
      100000.0,
      100000.0,
      100000.0,
      100000.0,
      100000.0,
      100000.0,
      100000.0,
      100000.0,
      100000.0,
      100000.0,
      100000.0,
      100000.0,
      100000.0,
      100000.0,
      100000.0,
      100000.0,
      100000.0,
      100000.0,
      100000.0,
      100000.0,
      100000.0,
      100000.0,
      100000.0,
      100000.0,
      100000.0,
      100000.0
    ],
    [
      55.23,
      7.07,
      30.87,
      38.48,
      55.32,
      100000.0,
      56.08,
      100000.0,
      44.15,
      23.09,
      70.46,
      100000.0,
      100000.0,
      45.1,
      73.98,
      17.03,
      71.61,
      39.0,
      100000.0,
      9.43,
      61.4,
      77.88,
      100000.0,
      100000.0,
      100000.0,
      100000.0,
      75.47,
      87.24,
      68.01,
      67.74,
      49.04,
      44.78,
      50.57,
      47.51,
      30.87,
      29.12,
      60.96,
      57.43,
      20.0,
      20.62,
      59.44,
      55.54,
      41.76,
      38.08
    ],
    [
      45.89,
      82.38,
      52.39,
      89.04,
      29.73,
      100000.0,
      101.55,
      100000.0,
      111.2,
      88.39,
      48.37,
      100000.0,
      100000.0,
      41.59,
      29.41,
      91.84,
      82.22,
      61.72,
      100000.0,
      76.06,
      15.3,
      58.25,
      100000.0,
      100000.0,
      100000.0,
      75.47,
      100000.0,
      15.3,
      9.0,
      7.81,
      59.77,
      62.39,
      63.6,
      68.01,
      45.0,
      48.17,
      89.29,
      92.36,
      76.42,
      71.51,
      27.66,
      28.79,
      76.0,
      73.06
    ],
    [
      48.37,
      93.91,
      66.61,
      95.67,
      35.36,
      100000.0,
      106.23,
      100000.0,
      119.67,
      97.62,
      45.89,
      100000.0,
      100000.0,
      48.08,
      25.71,
      102.96,
      81.74,
      67.48,
      100000.0,
      88.87,
      30.0,
      54.08,
      100000.0,
      100000.0,
      100000.0,
      87.24,
      15.3,
      100000.0,
      24.19,
      21.1,
      63.29,
      66.85,
      66.73,
      71.87,
      56.36,
      58.67,
      91.71,
      95.77,
      85.43,
      80.43,
      31.89,
      34.66,
      91.05,
      88.0
    ],
    [
      45.0,
      75.0,
      43.68,
      84.53,
      28.02,
      100000.0,
      98.08,
      100000.0,
      105.42,
      82.33,
      50.29,
      100000.0,
      100000.0,
      38.33,
      33.29,
      84.65,
      82.05,
      58.19,
      100000.0,
      68.0,
      6.71,
      60.75,
      100000.0,
      100000.0,
      100000.0,
      68.01,
      9.0,
      24.19,
      100000.0,
      5.83,
      57.71,
      59.67,
      61.66,
      65.51,
      38.18,
      41.87,
      87.3,
      89.74,
      70.6,
      65.8,
      27.17,
      27.02,
      67.0,
      64.07
    ],
    [
      40.11,
      74.63,
      45.54,
      81.63,
      23.35,
      100000.0,
      94.54,
      100000.0,
      103.48,
      80.62,
      44.64,
      100000.0,
      100000.0,
      34.54,
      27.46,
      84.05,
      77.0,
      54.63,
      100000.0,
      68.54,
      9.22,
      55.03,
      100000.0,
      100000.0,
      100000.0,
      67.74,
      7.81,
      21.1,
      5.83,
      100000.0,
      53.37,
      55.66,
      57.27,
      61.4,
      37.2,
      40.36,
      82.98,
      85.73,
      68.68,
      63.78,
      22.0,
      22.36,
      70.18,
      67.03
    ],
    [
      15.0,
      52.39,
      55.8,
      34.99,
      30.08,
      100000.0,
      43.01,
      100000.0,
      61.74,
      44.41,
      25.63,
      100000.0,
      100000.0,
      20.02,
      39.62,
      57.14,
      27.73,
      10.2,
      100000.0,
      56.8,
      54.08,
      30.0,
      100000.0,
      100000.0,
      100000.0,
      49.04,
      59.77,
      63.29,
      57.71,
      53.37,
      100000.0,
      5.1,
      4.0,
      8.6,
      34.99,
      30.81,
      29.61,
      32.7,
      34.01,
      30.27,
      32.31,
      31.05,
      81.32,
      77.08
    ],
    [
      19.1,
      47.8,
      53.85,
      30.23,
      32.7,
      100000.0,
      39.45,
      100000.0,
      56.8,
      39.32,
      30.68,
      100000.0,
      100000.0,
      21.38,
      43.86,
      52.24,
      29.41,
      5.83,
      100000.0,
      52.84,
      55.58,
      35.01,
      100000.0,
      100000.0,
      100000.0,
      44.78,
      62.39,
      66.85,
      59.67,
      55.66,
      5.1,
      100000.0,
      5.83,
      6.0,
      33.62,
      29.07,
      28.02,
      30.08,
      29.07,
      25.5,
      35.36,
      33.62,
      78.57,
      74.33
    ],
    [
      18.36,
      53.45,
      59.08,
      33.11,
      33.96,
      100000.0,
      39.82,
      100000.0,
      60.17,
      44.05,
      27.29,
      100000.0,
      100000.0,
      24.02,
      42.64,
      57.56,
      24.19,
      11.66,
      100000.0,
      58.67,
      58.08,
      30.27,
      100000.0,
      100000.0,
      100000.0,
      50.57,
      63.6,
      66.73,
      61.66,
      57.27,
      4.0,
      5.83,
      100000.0,
      5.83,
      38.47,
      34.13,
      25.71,
      29.07,
      34.37,
      31.05,
      36.06,
      34.93,
      84.17,
      79.93
    ],
    [
      23.6,
      49.77,
      59.06,
      27.31,
      38.28,
      100000.0,
      34.41,
      100000.0,
      54.42,
      39.01,
      33.12,
      100000.0,
      100000.0,
      27.29,
      48.17,
      53.15,
      24.76,
      10.3,
      100000.0,
      56.04,
      61.52,
      35.69,
      100000.0,
      100000.0,
      100000.0,
      47.51,
      68.01,
      71.87,
      65.51,
      61.4,
      8.6,
      6.0,
      5.83,
      100000.0,
      39.22,
      34.54,
      22.02,
      24.35,
      30.08,
      27.31,
      40.72,
      39.22,
      83.1,
      78.87
    ],
    [
      32.45,
      37.59,
      21.21,
      49.48,
      26.02,
      100000.0,
      65.38,
      100000.0,
      67.68,
      44.41,
      46.96,
      100000.0,
      100000.0,
      19.72,
      45.01,
      46.87,
      62.65,
      29.12,
      100000.0,
      33.38,
      31.89,
      56.6,
      100000.0,
      100000.0,
      100000.0,
      30.87,
      45.0,
      56.36,
      38.18,
      37.2,
      34.99,
      33.62,
      38.47,
      39.22,
      100000.0,
      5.0,
      60.21,
      60.21,
      33.12,
      28.64,
      30.0,
      26.0,
      48.26,
      44.1
    ],
    [
      29.97,
      35.47,
      25.0,
      44.64,
      26.31,
      100000.0,
      60.41,
      100000.0,
      63.6,
      40.46,
      44.94,
      100000.0,
      100000.0,
      17.72,
      45.18,
      44.29,
      58.31,
      24.35,
      100000.0,
      33.0,
      35.81,
      54.12,
      100000.0,
      100000.0,
      100000.0,
      29.12,
      48.17,
      58.67,
      41.87,
      40.36,
      30.81,
      29.07,
      34.13,
      34.54,
      5.0,
      100000.0,
      55.32,
      55.23,
      28.84,
      24.19,
      30.41,
      26.48,
      51.22,
      47.01
    ],
    [
      43.66,
      60.88,
      78.77,
      26.4,
      59.67,
      100000.0,
      19.92,
      100000.0,
      50.09,
      44.42,
      48.41,
      100000.0,
      100000.0,
      49.25,
      66.73,
      60.75,
      18.44,
      31.26,
      100000.0,
      70.29,
      83.49,
      46.23,
      100000.0,
      100000.0,
      100000.0,
      60.96,
      89.29,
      91.71,
      87.3,
      82.98,
      29.61,
      28.02,
      25.71,
      22.02,
      60.21,
      55.32,
      100000.0,
      7.07,
      41.04,
      40.8,
      61.68,
      60.64,
      100.5,
      96.38
    ],
    [
      47.41,
      56.64,
      77.62,
      20.81,
      62.63,
      100000.0,
      13.0,
      100000.0,
      43.19,
      39.2,
      53.76,
      100000.0,
      100000.0,
      51.42,
      71.28,
      55.61,
      25.5,
      32.14,
      100000.0,
      66.85,
      85.51,
      52.43,
      100000.0,
      100000.0,
      100000.0,
      57.43,
      92.36,
      95.77,
      89.74,
      85.73,
      32.7,
      30.08,
      29.07,
      24.35,
      60.21,
      55.23,
      7.07,
      100000.0,
      37.44,
      38.01,
      65.0,
      63.57,
      97.95,
      93.91
    ],
    [
      44.38,
      20.25,
      44.01,
      19.42,
      50.48,
      100000.0,
      37.11,
      100000.0,
      34.83,
      12.21,
      58.55,
      100000.0,
      100000.0,
      38.08,
      67.12,
      23.19,
      52.84,
      24.02,
      100000.0,
      29.41,
      64.64,
      64.01,
      100000.0,
      100000.0,
      100000.0,
      20.0,
      76.42,
      85.43,
      70.6,
      68.68,
      34.01,
      29.07,
      34.37,
      30.08,
      33.12,
      28.84,
      41.04,
      37.44,
      100000.0,
      5.0,
      54.38,
      51.04,
      60.93,
      57.01
    ],
    [
      39.81,
      22.47,
      41.11,
      22.0,
      45.49,
      100000.0,
      39.32,
      100000.0,
      39.7,
      17.2,
      54.23,
      100000.0,
      100000.0,
      33.12,
      62.24,
      27.0,
      51.04,
      20.1,
      100000.0,
      29.7,
      59.91,
      60.13,
      100000.0,
      100000.0,
      100000.0,
      20.62,
      71.51,
      80.43,
      65.8,
      63.78,
      30.27,
      25.5,
      31.05,
      27.31,
      28.64,
      24.19,
      40.8,
      38.01,
      5.0,
      100000.0,
      49.4,
      46.04,
      59.94,
      55.9
    ],
    [
      18.25,
      65.52,
      47.43,
      63.78,
      4.12,
      100000.0,
      74.79,
      100000.0,
      88.09,
      66.57,
      24.19,
      100000.0,
      100000.0,
      16.4,
      15.03,
      73.74,
      55.0,
      35.61,
      100000.0,
      63.2,
      25.63,
      34.99,
      100000.0,
      100000.0,
      100000.0,
      59.44,
      27.66,
      31.89,
      27.17,
      22.0,
      32.31,
      35.36,
      36.06,
      40.72,
      30.0,
      30.41,
      61.68,
      65.0,
      54.38,
      49.4,
      100000.0,
      4.0,
      75.03,
      71.17
    ],
    [
      18.03,
      61.68,
      43.66,
      61.22,
      1.0,
      100000.0,
      72.9,
      100000.0,
      85.04,
      63.25,
      26.4,
      100000.0,
      100000.0,
      13.45,
      19.03,
      70.01,
      55.15,
      33.29,
      100000.0,
      59.21,
      24.52,
      37.2,
      100000.0,
      100000.0,
      100000.0,
      55.54,
      28.79,
      34.66,
      27.02,
      22.36,
      31.05,
      33.62,
      34.93,
      39.22,
      26.0,
      26.48,
      60.64,
      63.57,
      51.04,
      46.04,
      4.0,
      100000.0,
      71.31,
      67.42
    ],
    [
      80.71,
      45.54,
      27.73,
      80.06,
      71.69,
      100000.0,
      97.74,
      100000.0,
      83.02,
      64.54,
      95.02,
      100000.0,
      100000.0,
      67.96,
      89.49,
      53.01,
      107.81,
      73.0,
      100000.0,
      32.76,
      61.07,
      104.85,
      100000.0,
      100000.0,
      100000.0,
      41.76,
      76.0,
      91.05,
      67.0,
      70.18,
      81.32,
      78.57,
      84.17,
      83.1,
      48.26,
      51.22,
      100.5,
      97.95,
      60.93,
      59.94,
      75.03,
      71.31,
      100000.0,
      4.24
    ],
    [
      76.55,
      42.19,
      23.77,
      76.22,
      67.78,
      100000.0,
      93.92,
      100000.0,
      80.01,
      61.0,
      90.92,
      100000.0,
      100000.0,
      63.81,
      85.73,
      50.04,
      103.59,
      68.77,
      100000.0,
      29.27,
      58.0,
      100.7,
      100000.0,
      100000.0,
      100000.0,
      38.08,
      73.06,
      88.0,
      64.07,
      67.03,
      77.08,
      74.33,
      79.93,
      78.87,
      44.1,
      47.01,
      96.38,
      93.91,
      57.01,
      55.9,
      71.17,
      67.42,
      4.24,
      100000.0
    ]
  ],
  "rob_power_matrix": [
    [
      10000.0,
      10000.0,
      10000.0,
      10000.0,
      10000.0,
      10000.0,
      10000.0,
      10000.0,
      10000.0,
      10000.0,
      10000.0,
      10000.0,
      10000.0,
      10000.0,
      10000.0,
      10000.0,
      10000.0,
      10000.0,
      10000.0,
      10000.0,
      10000.0,
      10000.0,
      10000.0,
      10000.0,
      10000.0,
      10000.0,
      10000.0,
      10000.0,
      10000.0,
      10000.0,
      10000.0,
      10000.0,
      10000.0,
      10000.0,
      10000.0,
      10000.0,
      10000.0,
      10000.0,
      10000.0,
      10000.0,
      10000.0,
      10000.0,
      10000.0,
      10000.0
    ],
    [
      10000.0,
      10000.0,
      10000.0,
      10000.0,
      10000.0,
      10000.0,
      10000.0,
      10000.0,
      10000.0,
      10000.0,
      10000.0,
      10000.0,
      10000.0,
      10000.0,
      10000.0,
      10000.0,
      10000.0,
      10000.0,
      10000.0,
      10000.0,
      10000.0,
      10000.0,
      10000.0,
      10000.0,
      10000.0,
      10000.0,
      10000.0,
      10000.0,
      10000.0,
      10000.0,
      10000.0,
      10000.0,
      10000.0,
      10000.0,
      10000.0,
      10000.0,
      10000.0,
      10000.0,
      10000.0,
      10000.0,
      10000.0,
      10000.0,
      10000.0,
      10000.0
    ],
    [
      10000.0,
      10000.0,
      10000.0,
      6.307,
      4.401,
      4.438000000000001,
      8.040000000000001,
      5.714,
      7.463,
      5.2170000000000005,
      6.742000000000001,
      2.4760000000000004,
      7.816,
      4.061,
      6.210000000000001,
      4.751,
      8.322000000000001,
      4.876,
      4.7170000000000005,
      2.6910000000000003,
      3.7110000000000003,
      7.742000000000001,
      5.917000000000001,
      2.508,
      4.201,
      3.087,
      5.239000000000001,
      6.6610000000000005,
      4.368,
      4.554,
      5.58,
      5.385000000000001,
      5.908,
      5.906000000000001,
      2.121,
      2.5,
      7.877,
      7.7620000000000005,
      4.401,
      4.111,
      4.743,
      4.366,
      2.773,
      2.3770000000000002
    ],
    [
      10000.0,
      10000.0,
      6.307,
      10000.0,
      6.0440000000000005,
      8.412,
      1.772,
      3.176,
      2.72,
      1.8440000000000003,
      6.037,
      4.838000000000001,
      2.247,
      4.78,
      7.388,
      3.483,
      4.258,
      2.8280000000000003,
      6.162,
      4.785,
      7.920000000000001,
      6.264,
      2.955,
      7.749,
      2.1100000000000003,
      3.848,
      8.904000000000002,
      9.567,
      8.453000000000001,
      8.163,
      3.4990000000000006,
      3.023,
      3.311,
      2.731,
      4.948,
      4.464,
      2.64,
      2.081,
      1.9420000000000002,
      2.2,
      6.378,
      6.122,
      8.006,
      7.622
    ],
    [
      10000.0,
      10000.0,
      4.401,
      6.0440000000000005,
      10000.0,
      2.7070000000000003,
      7.2010000000000005,
      3.353,
      8.439,
      6.268000000000001,
      2.561,
      2.302,
      6.198,
      1.2730000000000001,
      1.9000000000000001,
      6.964,
      5.415,
      3.2450000000000006,
      0.31600000000000006,
      5.914000000000001,
      2.5500000000000003,
      3.64,
      3.669,
      6.908,
      4.771,
      5.532,
      2.9730000000000003,
      3.536,
      2.802,
      2.3350000000000004,
      3.008,
      3.2700000000000005,
      3.3960000000000004,
      3.8280000000000003,
      2.6020000000000003,
      2.6310000000000002,
      5.9670000000000005,
      6.263000000000001,
      5.048,
      4.549,
      0.41200000000000003,
      0.1,
      7.1690000000000005,
      6.7780000000000005
    ],
    [
      10000.0,
      10000.0,
      4.438000000000001,
      8.412,
      2.7070000000000003,
      10000.0,
      9.75,
      6.021000000000001,
      10.526000000000002,
      8.222,
      4.904,
      3.754,
      8.853,
      3.7640000000000002,
      3.1910000000000003,
      8.481,
      8.102,
      5.758,
      2.802,
      6.843000000000001,
      0.7280000000000001,
      5.946000000000001,
      6.335000000000001,
      6.601000000000001,
      6.7620000000000005,
      6.824,
      0.806,
      2.309,
      0.141,
      0.447,
      5.689,
      5.894,
      6.083,
      6.476000000000001,
      3.821,
      4.1770000000000005,
      8.649,
      8.902,
      7.043000000000001,
      6.56,
      2.608,
      2.608,
      6.801000000000001,
      6.503
    ],
    [
      10000.0,
      10000.0,
      8.040000000000001,
      1.772,
      7.2010000000000005,
      9.75,
      10000.0,
      3.941,
      3.228,
      3.4670000000000005,
      6.586,
      6.3790000000000004,
      1.487,
      6.001,
      8.246,
      5.045000000000001,
      3.833,
      3.9920000000000004,
      7.256,
      6.539000000000001,
      9.33,
      6.519,
      3.64,
      9.519,
      3.8640000000000003,
      5.6080000000000005,
      10.155000000000001,
      10.623000000000001,
      9.808,
      9.454,
      4.301,
      3.9450000000000003,
      3.982,
      3.441,
      6.538,
      6.041,
      1.9920000000000002,
      1.3,
      3.7110000000000003,
      3.9320000000000004,
      7.479000000000001,
      7.290000000000001,
      9.774000000000001,
      9.392000000000001
    ],
    [
      10000.0,
      10000.0,
      5.714,
      3.176,
      3.353,
      6.021000000000001,
      3.941,
      10000.0,
      5.869,
      4.211,
      2.8640000000000003,
      3.362,
      2.846,
      2.302,
      4.319,
      5.5440000000000005,
      2.608,
      0.9430000000000001,
      3.362,
      5.644,
      5.722,
      3.2140000000000004,
      0.31600000000000006,
      7.925000000000001,
      3.059,
      4.833,
      6.325,
      6.689,
      6.1000000000000005,
      5.675000000000001,
      0.361,
      0.361,
      0.22400000000000003,
      0.5,
      3.6670000000000003,
      3.225,
      2.6310000000000002,
      2.915,
      3.225,
      2.886,
      3.5850000000000004,
      3.448,
      8.206999999999999,
      7.783
    ],
    [
      10000.0,
      10000.0,
      7.463,
      2.72,
      8.439,
      10.526000000000002,
      3.228,
      5.869,
      10000.0,
      2.3320000000000003,
      8.732,
      6.78,
      4.518,
      7.170000000000001,
      9.957,
      3.0020000000000002,
      6.801000000000001,
      5.385000000000001,
      8.605,
      5.1240000000000006,
      9.940000000000001,
      8.984,
      5.665,
      8.1,
      3.7640000000000002,
      4.415,
      11.120000000000001,
      11.967,
      10.542000000000002,
      10.348,
      6.174,
      5.68,
      6.017,
      5.442,
      6.768000000000001,
      6.36,
      5.009,
      4.319,
      3.483,
      3.9700000000000006,
      8.809000000000001,
      8.504000000000001,
      8.302,
      8.001000000000001
    ],
    [
      10000.0,
      10000.0,
      5.2170000000000005,
      1.8440000000000003,
      6.268000000000001,
      8.222,
      3.4670000000000005,
      4.211,
      2.3320000000000003,
      10000.0,
      6.963,
      4.469,
      4.08,
      5.025,
      7.916,
      1.64,
      5.914000000000001,
      3.4930000000000003,
      6.466,
      3.1780000000000004,
      7.622,
      7.4239999999999995,
      4.1000000000000005,
      6.2170000000000005,
      1.5,
      2.309,
      8.839,
      9.762,
      8.233,
      8.062000000000001,
      4.441,
      3.9320000000000004,
      4.405,
      3.901,
      4.441,
      4.046,
      4.442,
      3.9200000000000004,
      1.221,
      1.72,
      6.657,
      6.325,
      6.454000000000001,
      6.1000000000000005
    ],
    [
      10000.0,
      10000.0,
      6.742000000000001,
      6.037,
      2.561,
      4.904,
      6.586,
      2.8640000000000003,
      8.732,
      6.963,
      10000.0,
      4.338,
      5.24,
      2.731,
      2.022,
      8.115,
      3.6060000000000003,
      3.471,
      2.302,
      7.6690000000000005,
      4.966,
      1.082,
      3.0890000000000004,
      9.228,
      5.632000000000001,
      7.045999999999999,
      4.837,
      4.589,
      5.029,
      4.464,
      2.563,
      3.068,
      2.729,
      3.312,
      4.696000000000001,
      4.494,
      4.841,
      5.376,
      5.855,
      5.423,
      2.4190000000000005,
      2.64,
      9.502,
      9.092
    ],
    [
      10000.0,
      10000.0,
      2.4760000000000004,
      4.838000000000001,
      2.302,
      3.754,
      6.3790000000000004,
      3.362,
      6.78,
      4.469,
      4.338,
      10000.0,
      5.814,
      1.612,
      4.201,
      4.837,
      5.948,
      2.648,
      2.6,
      3.612,
      3.1620000000000004,
      5.300000000000001,
      3.6060000000000003,
      4.909000000000001,
      3.023,
      3.289,
      4.393,
      5.4590000000000005,
      3.7640000000000002,
      3.612,
      3.176,
      3.068,
      3.5340000000000007,
      3.64,
      0.361,
      0.42400000000000004,
      5.771000000000001,
      5.803000000000001,
      3.3020000000000005,
      2.83,
      2.7070000000000003,
      2.309,
      5.187,
      4.771
    ],
    [
      10000.0,
      10000.0,
      7.816,
      2.247,
      6.198,
      8.853,
      1.487,
      2.846,
