{
  "name": "M-d2-n20-k1-p2",
  "V_coordinates": [
    [
      73,
      50
    ],
    [
      13,
      50
    ],
    [
      66,
      36
    ],
    [
      31,
      17
    ],
    [
      80,
      68
    ],
    [
      34,
      80
    ],
    [
      72,
      33
    ],
    [
      74,
      6
    ],
    [
      39,
      97
    ],
    [
      42,
      20
    ],
    [
      62,
      65
    ],
    [
      8,
      88
    ],
    [
      56,
      58
    ],
    [
      20,
      68
    ],
    [
      85,
      97
    ],
    [
      69,
      55
    ],
    [
      90,
      29
    ],
    [
      88,
      53
    ],
    [
      49,
      34
    ],
    [
      59,
      69
    ],
    [
      80,
      9
    ],
    [
      53,
      92
    ],
    [
      63,
      42
    ],
    [
      96,
      69
    ],
    [
      91,
      33
    ],
    [
      47,
      97
    ],
    [
      7,
      58
    ],
    [
      76,
      87
    ],
    [
      54,
      60
    ],
    [
      75,
      34
    ],
    [
      13,
      37
    ],
    [
      43,
      41
    ],
    [
      67,
      8
    ],
    [
      94,
      62
    ],
    [
      61,
      68
    ],
    [
      8,
      7
    ],
    [
      32,
      59
    ],
    [
      18,
      45
    ],
    [
      17,
      28
    ],
    [
      82,
      5
    ],
    [
      90,
      27
    ],
    [
      97,
      8
    ],
    [
      45,
      96
    ],
    [
      51,
      97
    ],
    [
      70,
      5
    ],
    [
      74,
      9
    ],
    [
      64,
      67
    ],
    [
      56,
      67
    ],
    [
      43,
      97
    ],
    [
      41,
      93
    ],
    [
      56,
      54
    ],
    [
      53,
      58
    ],
    [
      7,
      8
    ],
    [
      10,
      5
    ],
    [
      77,
      90
    ],
    [
      74,
      87
    ],
    [
      92,
      65
    ],
    [
      92,
      60
    ],
    [
      27,
      15
    ],
    [
      32,
      13
    ],
    [
      68,
      11
    ],
    [
      67,
      7
    ],
    [
      84,
      67
    ],
    [
      78,
      68
    ],
    [
      52,
      91
    ],
    [
      52,
      97
    ],
    [
      95,
      9
    ],
    [
      99,
      12
    ]
  ],
  "V": [
    0,
    1,
    2,
    3,
    4,
    5,
    6,
    7,
    8,
    9,
    10,
    11,
    12,
    13,
    14,
    15,
    16,
    17,
    18,
    19,
    20,
    21,
    22,
    23,
    24,
    25,
    26,
    27,
    28,
    29,
    30,
    31,
    32,
    33,
    34,
    35,
    36,
    37,
    38,
    39,
    40,
    41,
    42,
    43,
    44,
    45,
    46,
    47,
    48,
    49,
    50,
    51,
    52,
    53,
    54,
    55,
    56,
    57,
    58,
    59,
    60,
    61,
    62,
    63,
    64,
    65,
    66,
    67
  ],
  "VD": [
    0,
    1
  ],
  "VC": [
    2,
    3,
    4,
    5,
    6,
    7,
    8,
    9,
    10,
    11,
    12,
    13,
    14,
    15,
    16,
    17,
    18,
    19,
    20,
    21,
    22,
    23,
    24,
    25,
    26,
    27,
    28,
    29,
    30,
    31,
    32,
    33,
    34,
    35,
    36,
    37,
    38,
    39,
    40,
    41
  ],
  "VP": [
    42,
    43,
    44,
    45,
    46,
    47,
    48,
    49,
    50,
    51,
    52,
    53,
    54,
    55,
    56,
    57,
    58,
    59,
    60,
    61,
    62,
    63,
    64,
    65,
    66,
    67
  ],
  "VC1": [
    2,
    5,
    6,
    9,
    10,
    11,
    13,
    14,
    15,
    16,
    17,
    18,
    19,
    20,
    22,
    23,
    24,
    26,
    28,
    29,
    30,
    31,
    36,
    37,
    38,
    39,
    40
  ],
  "VC2": [
    25,
    7,
    34,
    8,
    12,
    35,
    27,
    33,
    3,
    32,
    4,
    21,
    41
  ],
  "demand": [
    0,
    0,
    29,
    26,
    11,
    22,
    16,
    21,
    13,
    16,
    28,
    23,
    28,
    16,
    25,
    13,
    22,
    19,
    26,
    25,
    10,
    20,
    29,
    22,
    19,
    10,
    15,
    16,
    20,
    28,
    14,
    20,
    23,
    16,
    18,
    13,
    22,
    27,
    21,
    27,
    25,
    27,
    0,
    0,
    0,
    0,
    0,
    0,
    0,
    0,
    0,
    0,
    0,
    0,
    0,
    0,
    0,
    0,
    0,
    0,
    0,
    0,
    0,
    0,
    0,
    0,
    0,
    0
  ],
  "service_time": [
    0,
    0,
    13,
    11,
    10,
    11,
    12,
    12,
    12,
    18,
    13,
    14,
    15,
    19,
    18,
    14,
    15,
    15,
    15,
    11,
    14,
    13,
    19,
    17,
    12,
    19,
    18,
    11,
    15,
    10,
    16,
    11,
    16,
    12,
    12,
    15,
    11,
    19,
    19,
    16,
    11,
    19,
    0,
    0,
    0,
    0,
    0,
    0,
    0,
    0,
    0,
    0,
    0,
    0,
    0,
    0,
    0,
    0,
    0,
    0,
    0,
    0,
    0,
    0,
    0,
    0,
    0,
    0
  ],
  "K": [
    0,
    1
  ],
  "veh_dist_matrix": [
    [
      100000.0,
      60.0,
      15.65,
      100000.0,
      100000.0,
      49.2,
      17.03,
      100000.0,
      100000.0,
      43.14,
      18.6,
      75.29,
      100000.0,
      55.97,
      48.51,
      6.4,
      27.02,
      15.3,
      28.84,
      23.6,
      41.59,
      100000.0,
      12.81,
      29.83,
      24.76,
      100000.0,
      66.48,
      100000.0,
      21.47,
      16.12,
      61.39,
      31.32,
      100000.0,
      100000.0,
      100000.0,
      100000.0,
      41.98,
      55.23,
      60.17,
      45.89,
      28.6,
      100000.0,
      53.85,
      51.89,
      45.1,
      41.01,
      19.24,
      24.04,
      55.76,
      53.6,
      17.46,
      21.54,
      78.23,
      77.42,
      40.2,
      37.01,
      24.21,
      21.47,
      57.8,
      55.23,
      39.32,
      43.42,
      20.25,
      18.68,
      46.07,
      51.48,
      46.53,
      46.04
    ],
    [
      60.0,
      100000.0,
      54.82,
      100000.0,
      100000.0,
      36.62,
      61.4,
      100000.0,
      100000.0,
      41.73,
      51.24,
      38.33,
      100000.0,
      19.31,
      85.98,
      56.22,
      79.81,
      75.06,
      39.4,
      49.77,
      78.55,
      100000.0,
      50.64,
      85.15,
      79.83,
      100000.0,
      10.0,
      100000.0,
      42.2,
      64.03,
      13.0,
      31.32,
      100000.0,
      100000.0,
      100000.0,
      100000.0,
      21.02,
      7.07,
      22.36,
      82.38,
      80.36,
      100000.0,
      56.04,
      60.44,
      72.62,
      73.5,
      53.76,
      46.24,
      55.76,
      51.31,
      43.19,
      40.79,
      42.43,
      45.1,
      75.47,
      71.34,
      80.41,
      79.63,
      37.7,
      41.59,
      67.42,
      69.03,
      73.01,
      67.45,
      56.59,
      61.07,
      91.68,
      94.02
    ],
    [
      15.65,
      54.82,
      100000.0,
      100000.0,
      100000.0,
      54.41,
      6.71,
      100000.0,
      100000.0,
      28.84,
      29.27,
      77.9,
      100000.0,
      56.04,
      63.89,
      19.24,
      25.0,
      27.8,
      17.12,
      33.73,
      30.41,
      100000.0,
      6.71,
      44.6,
      25.18,
      100000.0,
      62.97,
      100000.0,
      26.83,
      9.22,
      53.01,
      23.54,
      100000.0,
      100000.0,
      100000.0,
      100000.0,
      41.05,
      48.84,
      49.65,
      34.89,
      25.63,
      100000.0,
      63.57,
      62.82,
      31.26,
      28.16,
      31.06,
      32.57,
      65.19,
      62.24,
      20.59,
      25.55,
      65.31,
      64.01,
      55.11,
      51.62,
      38.95,
      35.38,
      44.29,
      41.05,
      25.08,
      29.02,
      35.85,
      34.18,
      56.75,
      62.59,
      39.62,
      40.8
    ],
    [
      100000.0,
      100000.0,
      100000.0,
      100000.0,
      100000.0,
      100000.0,
      100000.0,
      100000.0,
      100000.0,
      100000.0,
      100000.0,
      100000.0,
      100000.0,
      100000.0,
      100000.0,
      100000.0,
      100000.0,
      100000.0,
      100000.0,
      100000.0,
      100000.0,
      100000.0,
      100000.0,
      100000.0,
      100000.0,
      100000.0,
      100000.0,
      100000.0,
      100000.0,
      100000.0,
      100000.0,
      100000.0,
      100000.0,
      100000.0,
      100000.0,
      100000.0,
      100000.0,
      100000.0,
      100000.0,
      100000.0,
      100000.0,
      100000.0,
      100000.0,
      100000.0,
      100000.0,
      100000.0,
      100000.0,
      100000.0,
      100000.0,
      100000.0,
      100000.0,
      100000.0,
      100000.0,
      100000.0,
      100000.0,
      100000.0,
      100000.0,
      100000.0,
      100000.0,
      100000.0,
      100000.0,
      100000.0,
      100000.0,
      100000.0,
      100000.0,
      100000.0,
      100000.0,
      100000.0
    ],
    [
      100000.0,
      100000.0,
      100000.0,
      100000.0,
      100000.0,
      100000.0,
      100000.0,
      100000.0,
      100000.0,
      100000.0,
      100000.0,
      100000.0,
      100000.0,
      100000.0,
      100000.0,
      100000.0,
      100000.0,
      100000.0,
      100000.0,
      100000.0,
      100000.0,
      100000.0,
      100000.0,
      100000.0,
      100000.0,
      100000.0,
      100000.0,
      100000.0,
      100000.0,
      100000.0,
      100000.0,
      100000.0,
      100000.0,
      100000.0,
      100000.0,
      100000.0,
      100000.0,
      100000.0,
      100000.0,
      100000.0,
      100000.0,
      100000.0,
      100000.0,
      100000.0,
      100000.0,
      100000.0,
      100000.0,
      100000.0,
      100000.0,
      100000.0,
      100000.0,
      100000.0,
      100000.0,
      100000.0,
      100000.0,
      100000.0,
      100000.0,
      100000.0,
      100000.0,
      100000.0,
      100000.0,
      100000.0,
      100000.0,
      100000.0,
      100000.0,
      100000.0,
      100000.0,
      100000.0
    ],
    [
      49.2,
      36.62,
      54.41,
      100000.0,
      100000.0,
      100000.0,
      60.44,
      100000.0,
      100000.0,
      60.53,
      31.76,
      27.2,
      100000.0,
      18.44,
      53.76,
      43.01,
      75.74,
      60.37,
      48.38,
      27.31,
      84.6,
      100000.0,
      47.8,
      62.97,
      73.88,
      100000.0,
      34.83,
      100000.0,
      28.28,
      61.62,
      47.85,
      40.02,
      100000.0,
      100000.0,
      100000.0,
      100000.0,
      21.1,
      38.48,
      54.71,
      89.04,
      77.1,
      100000.0,
      19.42,
      24.04,
      83.19,
      81.49,
      32.7,
      25.55,
      19.24,
      14.76,
      34.06,
      29.07,
      76.9,
      78.75,
      44.15,
      40.61,
      59.91,
      61.35,
      65.38,
      67.03,
      76.92,
      80.11,
      51.66,
      45.61,
      21.1,
      24.76,
      93.61,
      94.07
    ],
    [
      17.03,
      61.4,
      6.71,
      100000.0,
      100000.0,
      60.44,
      100000.0,
      100000.0,
      100000.0,
      32.7,
      33.53,
      84.39,
      100000.0,
      62.68,
      65.31,
      22.2,
      18.44,
      25.61,
      23.02,
      38.28,
      25.3,
      100000.0,
      12.73,
      43.27,
      19.0,
      100000.0,
      69.64,
      100000.0,
      32.45,
      3.16,
      59.14,
      30.08,
      100000.0,
      100000.0,
      100000.0,
      100000.0,
      47.71,
      55.32,
      55.23,
      29.73,
      18.97,
      100000.0,
      68.54,
      67.36,
      28.07,
      24.08,
      34.93,
      37.58,
      70.26,
      67.54,
      26.4,
      31.4,
      69.64,
      68.03,
      57.22,
      54.04,
      37.74,
      33.6,
      48.47,
      44.72,
      22.36,
      26.48,
      36.06,
      35.51,
      61.35,
      67.05,
      33.24,
      34.21
    ],
    [
      100000.0,
      100000.0,
      100000.0,
      100000.0,
      100000.0,
      100000.0,
      100000.0,
      100000.0,
      100000.0,
      100000.0,
      100000.0,
      100000.0,
      100000.0,
      100000.0,
      100000.0,
      100000.0,
      100000.0,
      100000.0,
      100000.0,
      100000.0,
      100000.0,
      100000.0,
      100000.0,
      100000.0,
      100000.0,
      100000.0,
      100000.0,
      100000.0,
      100000.0,
      100000.0,
      100000.0,
      100000.0,
      100000.0,
      100000.0,
      100000.0,
      100000.0,
      100000.0,
      100000.0,
      100000.0,
      100000.0,
      100000.0,
      100000.0,
      100000.0,
      100000.0,
      100000.0,
      100000.0,
      100000.0,
      100000.0,
      100000.0,
      100000.0,
      100000.0,
      100000.0,
      100000.0,
      100000.0,
      100000.0,
      100000.0,
      100000.0,
      100000.0,
      100000.0,
      100000.0,
      100000.0,
      100000.0,
      100000.0,
      100000.0,
      100000.0,
      100000.0,
      100000.0,
      100000.0
    ],
    [
      100000.0,
      100000.0,
      100000.0,
      100000.0,
      100000.0,
      100000.0,
      100000.0,
      100000.0,
      100000.0,
      100000.0,
      100000.0,
      100000.0,
      100000.0,
      100000.0,
      100000.0,
      100000.0,
      100000.0,
      100000.0,
      100000.0,
      100000.0,
      100000.0,
      100000.0,
      100000.0,
      100000.0,
      100000.0,
      100000.0,
      100000.0,
      100000.0,
      100000.0,
      100000.0,
      100000.0,
      100000.0,
      100000.0,
      100000.0,
      100000.0,
      100000.0,
      100000.0,
      100000.0,
      100000.0,
      100000.0,
      100000.0,
      100000.0,
      100000.0,
      100000.0,
      100000.0,
      100000.0,
      100000.0,
      100000.0,
      100000.0,
      100000.0,
      100000.0,
      100000.0,
      100000.0,
      100000.0,
      100000.0,
      100000.0,
      100000.0,
      100000.0,
      100000.0,
      100000.0,
      100000.0,
      100000.0,
      100000.0,
      100000.0,
      100000.0,
      100000.0,
      100000.0,
      100000.0
    ],
    [
      43.14,
      41.73,
      28.84,
      100000.0,
      100000.0,
      60.53,
      32.7,
      100000.0,
      100000.0,
      100000.0,
      49.24,
      76.03,
      100000.0,
      52.8,
      88.19,
      44.2,
      48.84,
      56.61,
      15.65,
      51.87,
      39.56,
      100000.0,
      30.41,
      72.92,
      50.7,
      100000.0,
      51.66,
      100000.0,
      41.76,
      35.85,
      33.62,
      21.02,
      100000.0,
      100000.0,
      100000.0,
      100000.0,
      40.26,
      34.66,
      26.25,
      42.72,
      48.51,
      100000.0,
      76.06,
      77.52,
      31.76,
      33.84,
      51.89,
      49.04,
      77.01,
      73.01,
      36.77,
      39.56,
      37.0,
      35.34,
      78.26,
      74.25,
      67.27,
      64.03,
      15.81,
      12.21,
      27.51,
      28.18,
      63.03,
      60.0,
      71.7,
      77.65,
      54.13,
      57.56
    ],
    [
      18.6,
      51.24,
      29.27,
      100000.0,
      100000.0,
      31.76,
      33.53,
      100000.0,
      100000.0,
      49.24,
      100000.0,
      58.69,
      100000.0,
      42.11,
      39.41,
      12.21,
      45.61,
      28.64,
      33.62,
      5.0,
      58.82,
      100000.0,
      23.02,
      34.23,
      43.19,
      100000.0,
      55.44,
      100000.0,
      9.43,
      33.62,
      56.44,
      30.61,
      100000.0,
      100000.0,
      100000.0,
      100000.0,
      30.59,
      48.33,
      58.26,
      63.25,
      47.2,
      100000.0,
      35.36,
      33.84,
      60.53,
      57.27,
      2.83,
      6.32,
      37.22,
      35.0,
      12.53,
      11.4,
      79.21,
      79.4,
      29.15,
      25.06,
      30.0,
      30.41,
      61.03,
      60.03,
      54.33,
      58.22,
      22.09,
      16.28,
      27.86,
      33.53,
      65.0,
      64.64
    ],
    [
      75.29,
      38.33,
      77.9,
      100000.0,
      100000.0,
      27.2,
      84.39,
      100000.0,
      100000.0,
      76.03,
      58.69,
      100000.0,
      100000.0,
      23.32,
      77.52,
      69.35,
      101.02,
      87.32,
      67.8,
      54.42,
      106.89,
      100000.0,
      71.7,
      90.03,
      99.57,
      100000.0,
      30.02,
      100000.0,
      53.85,
      86.05,
      51.24,
      58.6,
      100000.0,
      100000.0,
      100000.0,
      100000.0,
      37.64,
      44.15,
      60.67,
      111.2,
      102.2,
      100000.0,
      37.85,
      43.93,
      103.6,
      102.94,
      59.81,
      52.39,
      36.14,
      33.38,
      58.82,
      54.08,
      80.01,
      83.02,
      69.03,
      66.01,
      87.09,
      88.54,
      75.43,
      78.75,
      97.62,
      100.21,
      78.85,
      72.8,
      44.1,
      44.91,
      117.52,
      118.56
    ],
    [
      100000.0,
      100000.0,
      100000.0,
      100000.0,
      100000.0,
      100000.0,
      100000.0,
      100000.0,
      100000.0,
      100000.0,
      100000.0,
      100000.0,
      100000.0,
      100000.0,
      100000.0,
      100000.0,
      100000.0,
      100000.0,
      100000.0,
      100000.0,
      100000.0,
      100000.0,
      100000.0,
      100000.0,
      100000.0,
      100000.0,
      100000.0,
      100000.0,
      100000.0,
      100000.0,
      100000.0,
      100000.0,
      100000.0,
      100000.0,
      100000.0,
      100000.0,
      100000.0,
      100000.0,
      100000.0,
      100000.0,
      100000.0,
      100000.0,
      100000.0,
      100000.0,
      100000.0,
      100000.0,
      100000.0,
      100000.0,
      100000.0,
      100000.0,
      100000.0,
      100000.0,
      100000.0,
      100000.0,
      100000.0,
      100000.0,
      100000.0,
      100000.0,
      100000.0,
      100000.0,
      100000.0,
      100000.0,
      100000.0,
      100000.0,
      100000.0,
      100000.0,
      100000.0,
      100000.0
    ],
    [
      55.97,
      19.31,
      56.04,
      100000.0,
      100000.0,
      18.44,
      62.68,
      100000.0,
      100000.0,
      52.8,
      42.11,
      23.32,
      100000.0,
      100000.0,
      71.18,
      50.7,
      80.13,
      69.63,
      44.69,
      39.01,
      84.15,
      100000.0,
      50.25,
      76.01,
      79.16,
      100000.0,
      16.4,
      100000.0,
      34.93,
      64.66,
      31.78,
      35.47,
      100000.0,
      100000.0,
      100000.0,
      100000.0,
      15.0,
      23.09,
      40.11,
      88.39,
      81.12,
      100000.0,
      37.54,
      42.45,
      80.43,
      79.98,
      44.01,
      36.01,
      37.01,
      32.65,
      38.63,
      34.48,
      61.39,
      63.79,
      61.1,
      57.25,
      72.06,
      72.44,
      53.46,
      56.29,
      74.52,
      77.01,
      64.01,
      58.0,
      39.41,
      43.19,
      95.43,
      96.83
    ],
    [
      48.51,
      85.98,
      63.89,
      100000.0,
      100000.0,
      53.76,
      65.31,
      100000.0,
      100000.0,
      88.19,
      39.41,
      77.52,
      100000.0,
      71.18,
      100000.0,
      44.94,
      68.18,
      44.1,
      72.56,
      38.21,
      88.14,
      100000.0,
      59.24,
      30.08,
      64.28,
      100000.0,
      87.21,
      100000.0,
      48.27,
      63.79,
      93.72,
      70.0,
      100000.0,
      100000.0,
      100000.0,
      100000.0,
      65.22,
      84.81,
      96.88,
      92.05,
      70.18,
      100000.0,
      40.01,
      34.0,
      93.21,
      88.68,
      36.62,
      41.73,
      42.0,
      44.18,
      51.87,
      50.45,
      118.34,
      118.7,
      10.63,
      14.87,
      32.76,
      37.66,
      100.44,
      99.32,
      87.66,
      91.78,
      30.02,
      29.83,
      33.54,
      33.0,
      88.57,
      86.15
    ],
    [
      6.4,
      56.22,
      19.24,
      100000.0,
      100000.0,
      43.01,
      22.2,
      100000.0,
      100000.0,
      44.2,
      12.21,
      69.35,
      100000.0,
      50.7,
      44.94,
      100000.0,
      33.42,
      19.1,
      29.0,
      17.2,
      47.3,
      100000.0,
      14.32,
      30.41,
      31.11,
      100000.0,
      62.07,
      100000.0,
      15.81,
      21.84,
      58.82,
      29.53,
      100000.0,
      100000.0,
      100000.0,
      100000.0,
      37.22,
      51.97,
      58.59,
      51.66,
      35.0,
      100000.0,
      47.51,
      45.69,
      50.01,
      46.27,
      13.0,
      17.69,
      49.4,
      47.2,
      13.04,
      16.28,
      77.8,
      77.34,
      35.9,
      32.39,
      25.08,
      23.54,
      58.0,
      55.97,
      44.01,
      48.04,
      19.21,
      15.81,
      39.81,
      45.31,
      52.84,
      52.43
    ],
    [
      27.02,
      79.81,
      25.0,
      100000.0,
      100000.0,
      75.74,
      18.44,
      100000.0,
      100000.0,
      48.84,
      45.61,
      101.02,
      100000.0,
      80.13,
      68.18,
      33.42,
      100000.0,
      24.08,
      41.3,
      50.61,
      22.36,
      100000.0,
      29.97,
      40.45,
      4.12,
      100000.0,
      87.92,
      100000.0,
      47.51,
      15.81,
      77.41,
      48.51,
      100000.0,
      100000.0,
      100000.0,
      100000.0,
      65.3,
      73.76,
      73.01,
      25.3,
      2.0,
      100000.0,
      80.71,
      78.39,
      31.24,
      25.61,
      46.04,
      50.99,
      82.66,
      80.6,
      42.2,
      47.01,
      85.62,
      83.52,
      62.37,
      60.17,
      36.06,
      31.06,
      64.54,
      60.17,
      28.43,
      31.83,
      38.47,
      40.8,
      72.72,
      77.9,
      20.62,
      19.24
    ],
    [
      15.3,
      75.06,
      27.8,
      100000.0,
      100000.0,
      60.37,
      25.61,
      100000.0,
      100000.0,
      56.61,
      28.64,
      87.32,
      100000.0,
      69.63,
      44.1,
      19.1,
      24.08,
      100000.0,
      43.38,
      33.12,
      44.72,
      100000.0,
      27.31,
      17.89,
      20.22,
      100000.0,
      81.15,
      100000.0,
      34.71,
      23.02,
      76.69,
      46.57,
      100000.0,
      100000.0,
      100000.0,
      100000.0,
      56.32,
      70.46,
      75.27,
      48.37,
      26.08,
      100000.0,
      60.81,
      57.49,
      51.26,
      46.17,
      27.78,
      34.93,
      62.94,
      61.72,
      32.02,
      35.36,
      92.66,
      91.59,
      38.6,
      36.77,
      12.65,
      8.06,
      71.87,
      68.82,
      46.52,
      50.57,
      14.56,
      18.03,
      52.35,
      56.85,
      44.55,
      42.45
    ],
    [
      28.84,
      39.4,
      17.12,
      100000.0,
      100000.0,
      48.38,
      23.02,
      100000.0,
      100000.0,
      15.65,
      33.62,
      67.8,
      100000.0,
      44.69,
      72.56,
      29.0,
      41.3,
      43.38,
      100000.0,
      36.4,
      39.82,
      100000.0,
      16.12,
      58.6,
      42.01,
      100000.0,
      48.37,
      100000.0,
      26.48,
      26.0,
      36.12,
      9.22,
      100000.0,
      100000.0,
      100000.0,
      100000.0,
      30.23,
      32.89,
      32.56,
      43.93,
      41.59,
      100000.0,
      62.13,
      63.03,
      35.81,
      35.36,
      36.25,
      33.73,
      63.29,
      59.54,
      21.19,
      24.33,
      49.4,
      48.6,
      62.61,
      58.6,
      53.01,
      50.25,
      29.07,
      27.02,
      29.83,
      32.45,
      48.1,
      44.69,
      57.08,
      63.07,
      52.35,
      54.63
    ],
    [
      23.6,
      49.77,
      33.73,
      100000.0,
      100000.0,
      27.31,
      38.28,
      100000.0,
      100000.0,
      51.87,
      5.0,
      54.42,
      100000.0,
      39.01,
      38.21,
      17.2,
      50.61,
      33.12,
      36.4,
      100000.0,
      63.57,
      100000.0,
      27.29,
      37.0,
      48.17,
      100000.0,
      53.15,
      100000.0,
      10.3,
      38.48,
      56.04,
      32.25,
      100000.0,
      100000.0,
      100000.0,
      100000.0,
      28.79,
      47.51,
      58.69,
      68.01,
      52.2,
      100000.0,
      30.41,
      29.12,
      64.94,
      61.85,
      5.39,
      3.61,
      32.25,
      30.0,
      15.3,
      12.53,
      80.16,
      80.6,
      27.66,
      23.43,
      33.24,
      34.21,
      62.77,
      62.17,
      58.69,
      62.51,
      25.08,
      19.03,
      23.09,
      28.86,
      69.97,
      69.63
    ],
    [
      41.59,
      78.55,
      30.41,
      100000.0,
      100000.0,
      84.6,
      25.3,
      100000.0,
      100000.0,
      39.56,
      58.82,
      106.89,
      100000.0,
      84.15,
      88.14,
      47.3,
      22.36,
      44.72,
      39.82,
      63.57,
      100000.0,
      100000.0,
      37.12,
      62.1,
      26.4,
      100000.0,
      87.92,
      100000.0,
      57.25,
      25.5,
      72.62,
      48.92,
      100000.0,
      100000.0,
      100000.0,
      100000.0,
      69.31,
      71.69,
      65.8,
      4.47,
      20.59,
      100000.0,
      93.78,
      92.66,
      10.77,
      6.0,
      60.17,
      62.77,
      95.46,
      92.61,
      51.0,
      55.95,
      73.01,
      70.11,
      81.06,
      78.23,
      57.27,
      52.39,
      53.34,
      48.17,
      12.17,
      13.15,
      58.14,
      59.03,
      86.65,
      92.35,
      15.0,
      19.24
    ],
    [
      100000.0,
      100000.0,
      100000.0,
      100000.0,
      100000.0,
      100000.0,
      100000.0,
      100000.0,
      100000.0,
      100000.0,
      100000.0,
      100000.0,
      100000.0,
      100000.0,
      100000.0,
      100000.0,
      100000.0,
      100000.0,
      100000.0,
      100000.0,
      100000.0,
      100000.0,
      100000.0,
      100000.0,
      100000.0,
      100000.0,
      100000.0,
      100000.0,
      100000.0,
      100000.0,
      100000.0,
      100000.0,
      100000.0,
      100000.0,
      100000.0,
      100000.0,
      100000.0,
      100000.0,
      100000.0,
      100000.0,
      100000.0,
      100000.0,
      100000.0,
      100000.0,
      100000.0,
      100000.0,
      100000.0,
      100000.0,
      100000.0,
      100000.0,
      100000.0,
      100000.0,
      100000.0,
      100000.0,
      100000.0,
      100000.0,
      100000.0,
      100000.0,
      100000.0,
      100000.0,
      100000.0,
      100000.0,
      100000.0,
      100000.0,
      100000.0,
      100000.0,
      100000.0,
      100000.0
    ],
    [
      12.81,
      50.64,
      6.71,
      100000.0,
      100000.0,
      47.8,
      12.73,
      100000.0,
      100000.0,
      30.41,
      23.02,
      71.7,
      100000.0,
      50.25,
      59.24,
      14.32,
      29.97,
      27.31,
      16.12,
      27.29,
      37.12,
      100000.0,
      100000.0,
      42.64,
      29.41,
      100000.0,
      58.24,
      100000.0,
      20.12,
      14.42,
      50.25,
      20.02,
      100000.0,
      100000.0,
      100000.0,
      100000.0,
      35.36,
      45.1,
      48.08,
      41.59,
      30.89,
      100000.0,
      56.92,
      56.29,
      37.66,
      34.79,
      25.02,
      25.96,
      58.52,
      55.54,
      13.89,
      18.87,
      65.51,
      64.64,
      50.0,
      46.32,
      37.01,
      34.13,
      45.0,
      42.45,
      31.4,
      35.23,
      32.65,
      30.02,
      50.22,
      56.09,
      45.97,
      46.86
    ],
    [
      29.83,
      85.15,
      44.6,
      100000.0,
      100000.0,
      62.97,
      43.27,
      100000.0,
      100000.0,
      72.92,
      34.23,
      90.03,
      100000.0,
      76.01,
      30.08,
      30.41,
      40.45,
      17.89,
      58.6,
      37.0,
      62.1,
      100000.0,
      42.64,
      100000.0,
      36.35,
      100000.0,
      89.68,
      100000.0,
      42.95,
      40.82,
      88.96,
      59.94,
      100000.0,
      100000.0,
      100000.0,
      100000.0,
      64.78,
      81.61,
      89.01,
      65.51,
      42.43,
      100000.0,
      57.71,
      53.0,
      69.08,
      63.91,
      32.06,
      40.05,
      59.94,
      60.01,
      42.72,
      44.38,
      107.9,
      107.2,
      28.32,
      28.43,
      5.66,
      9.85,
      87.62,
      85.04,
      64.4,
      68.45,
      12.17,
      18.03,
      49.19,
      52.15,
      60.01,
      57.08
    ],
    [
      24.76,
      79.83,
      25.18,
      100000.0,
      100000.0,
      73.88,
      19.0,
      100000.0,
      100000.0,
      50.7,
      43.19,
      99.57,
      100000.0,
      79.16,
      64.28,
      31.11,
      4.12,
      20.22,
      42.01,
      48.17,
      26.4,
      100000.0,
      29.41,
      36.35,
      100000.0,
      100000.0,
      87.64,
      100000.0,
      45.8,
      16.03,
      78.1,
      48.66,
      100000.0,
      100000.0,
      100000.0,
      100000.0,
      64.47,
      73.98,
      74.17,
      29.41,
      6.08,
      100000.0,
      78.01,
      75.47,
      35.0,
      29.41,
      43.42,
      48.8,
      80.0,
      78.1,
      40.82,
      45.49,
      87.64,
      85.7,
      58.69,
      56.61,
      32.02,
      27.02,
      66.48,
      62.3,
      31.83,
      35.38,
      34.71,
      37.34,
      69.89,
      74.95,
      24.33,
      22.47
    ],
    [
      100000.0,
      100000.0,
      100000.0,
      100000.0,
      100000.0,
      100000.0,
      100000.0,
      100000.0,
      100000.0,
      100000.0,
      100000.0,
      100000.0,
      100000.0,
      100000.0,
      100000.0,
      100000.0,
      100000.0,
      100000.0,
      100000.0,
      100000.0,
      100000.0,
      100000.0,
      100000.0,
      100000.0,
      100000.0,
      100000.0,
      100000.0,
      100000.0,
      100000.0,
      100000.0,
      100000.0,
      100000.0,
      100000.0,
      100000.0,
      100000.0,
      100000.0,
      100000.0,
      100000.0,
      100000.0,
      100000.0,
      100000.0,
      100000.0,
      100000.0,
      100000.0,
      100000.0,
      100000.0,
      100000.0,
      100000.0,
      100000.0,
      100000.0,
      100000.0,
      100000.0,
      100000.0,
      100000.0,
      100000.0,
      100000.0,
      100000.0,
      100000.0,
      100000.0,
      100000.0,
      100000.0,
      100000.0,
      100000.0,
      100000.0,
      100000.0,
      100000.0,
      100000.0,
      100000.0
    ],
    [
      66.48,
      10.0,
      62.97,
      100000.0,
      100000.0,
      34.83,
      69.64,
      100000.0,
      100000.0,
      51.66,
      55.44,
      30.02,
      100000.0,
      16.4,
      87.21,
      62.07,
      87.92,
      81.15,
      48.37,
      53.15,
      87.92,
      100000.0,
      58.24,
      89.68,
      87.64,
      100000.0,
      100000.0,
      100000.0,
      47.04,
      72.11,
      21.84,
      39.81,
      100000.0,
      100000.0,
      100000.0,
      100000.0,
      25.02,
      17.03,
      31.62,
      91.84,
      88.6,
      100000.0,
      53.74,
      58.8,
      82.33,
      83.01,
      57.71,
      49.82,
      53.08,
      48.8,
      49.16,
      46.0,
      50.0,
      53.08,
      76.97,
      73.01,
      85.29,
      85.02,
      47.42,
      51.48,
      77.01,
      78.75,
      77.52,
      71.7,
      55.8,
      59.55,
      100.72,
      102.86
    ],
    [
      100000.0,
      100000.0,
      100000.0,
      100000.0,
      100000.0,
      100000.0,
      100000.0,
      100000.0,
      100000.0,
      100000.0,
      100000.0,
      100000.0,
      100000.0,
      100000.0,
      100000.0,
      100000.0,
      100000.0,
      100000.0,
      100000.0,
      100000.0,
      100000.0,
      100000.0,
      100000.0,
      100000.0,
      100000.0,
      100000.0,
      100000.0,
      100000.0,
      100000.0,
      100000.0,
      100000.0,
      100000.0,
      100000.0,
      100000.0,
      100000.0,
      100000.0,
      100000.0,
      100000.0,
      100000.0,
      100000.0,
      100000.0,
      100000.0,
      100000.0,
      100000.0,
      100000.0,
      100000.0,
      100000.0,
      100000.0,
      100000.0,
      100000.0,
      100000.0,
      100000.0,
      100000.0,
      100000.0,
      100000.0,
      100000.0,
      100000.0,
      100000.0,
      100000.0,
      100000.0,
      100000.0,
      100000.0,
      100000.0,
      100000.0,
      100000.0,
      100000.0,
      100000.0,
      100000.0
    ],
    [
      21.47,
      42.2,
      26.83,
      100000.0,
      100000.0,
      28.28,
      32.45,
      100000.0,
      100000.0,
      41.76,
      9.43,
      53.85,
      100000.0,
      34.93,
      48.27,
      15.81,
      47.51,
      34.71,
      26.48,
      10.3,
      57.25,
      100000.0,
      20.12,
      42.95,
      45.8,
      100000.0,
      47.04,
      100000.0,
      100000.0,
      33.42,
      47.01,
      21.95,
      100000.0,
      100000.0,
      100000.0,
      100000.0,
      22.02,
      39.0,
      48.92,
      61.72,
      48.84,
      100000.0,
      37.11,
      37.12,
      57.28,
      54.78,
      12.21,
      7.28,
      38.6,
      35.47,
      6.32,
      2.24,
      70.09,
      70.43,
      37.8,
      33.6,
      38.33,
      38.0,
      52.48,
      51.89,
      50.96,
      54.57,
      30.81,
      25.3,
      31.06,
      37.05,
      65.44,
      65.8
    ],
    [
      16.12,
      64.03,
      9.22,
      100000.0,
      100000.0,
      61.62,
      3.16,
      100000.0,
      100000.0,
      35.85,
      33.62,
      86.05,
      100000.0,
      64.66,
      63.79,
      21.84,
      15.81,
      23.02,
      26.0,
      38.48,
      25.5,
      100000.0,
      14.42,
      40.82,
      16.03,
      100000.0,
      72.11,
      100000.0,
      33.42,
      100000.0,
      62.07,
      32.76,
      100000.0,
      100000.0,
      100000.0,
      100000.0,
      49.74,
      58.05,
      58.31,
      29.83,
      16.55,
      100000.0,
      68.88,
      67.42,
      29.43,
      25.02,
      34.79,
      38.08,
      70.66,
      68.1,
      27.59,
      32.56,
      72.8,
      71.18,
      56.04,
      53.01,
      35.36,
      31.06,
      51.62,
      47.85,
      24.04,
      28.16,
      34.21,
      34.13,
      61.47,
      67.07,
      32.02,
      32.56
    ],
    [
      61.39,
      13.0,
      53.01,
      100000.0,
      100000.0,
      47.85,
      59.14,
      100000.0,
      100000.0,
      33.62,
      56.44,
      51.24,
      100000.0,
      31.78,
      93.72,
      58.82,
      77.41,
      76.69,
      36.12,
      56.04,
      72.62,
      100000.0,
      50.25,
      88.96,
      78.1,
      100000.0,
      21.84,
      100000.0,
      47.01,
      62.07,
      100000.0,
      30.27,
      100000.0,
      100000.0,
      100000.0,
      100000.0,
      29.07,
      9.43,
      9.85,
      76.06,
      77.65,
      100000.0,
      67.12,
      71.02,
      65.37,
      67.12,
      59.17,
      52.43,
      67.08,
      62.61,
      46.24,
      45.18,
      29.61,
      32.14,
      83.1,
      78.87,
      83.82,
      82.28,
      26.08,
      30.61,
      60.84,
      61.77,
      77.08,
      72.01,
      66.61,
      71.56,
      86.65,
      89.56
    ],
    [
      31.32,
      31.32,
      23.54,
      100000.0,
      100000.0,
      40.02,
      30.08,
      100000.0,
      100000.0,
      21.02,
      30.61,
      58.6,
      100000.0,
      35.47,
      70.0,
      29.53,
      48.51,
      46.57,
      9.22,
      32.25,
      48.92,
      100000.0,
      20.02,
      59.94,
      48.66,
      100000.0,
      39.81,
      100000.0,
      21.95,
      32.76,
      30.27,
      100000.0,
      100000.0,
      100000.0,
      100000.0,
      100000.0,
      21.1,
      25.32,
      29.07,
      53.08,
      49.04,
      100000.0,
      55.04,
      56.57,
      45.0,
      44.55,
      33.42,
      29.07,
      56.0,
      52.04,
      18.38,
      19.72,
      48.84,
      48.84,
      59.64,
      55.47,
      54.56,
      52.55,
      30.53,
      30.08,
      39.05,
      41.62,
      48.55,
      44.2,
      50.8,
      56.72,
      61.06,
      63.06
    ],
    [
      100000.0,
      100000.0,
      100000.0,
      100000.0,
      100000.0,
      100000.0,
      100000.0,
      100000.0,
      100000.0,
      100000.0,
      100000.0,
      100000.0,
      100000.0,
      100000.0,
      100000.0,
      100000.0,
      100000.0,
      100000.0,
      100000.0,
      100000.0,
      100000.0,
      100000.0,
      100000.0,
      100000.0,
      100000.0,
      100000.0,
      100000.0,
      100000.0,
      100000.0,
      100000.0,
      100000.0,
      100000.0,
      100000.0,
      100000.0,
      100000.0,
      100000.0,
      100000.0,
      100000.0,
      100000.0,
      100000.0,
      100000.0,
      100000.0,
      100000.0,
      100000.0,
      100000.0,
      100000.0,
      100000.0,
      100000.0,
      100000.0,
      100000.0,
      100000.0,
      100000.0,
      100000.0,
      100000.0,
      100000.0,
      100000.0,
      100000.0,
      100000.0,
      100000.0,
      100000.0,
      100000.0,
      100000.0,
      100000.0,
      100000.0,
      100000.0,
      100000.0,
      100000.0,
      100000.0
    ],
    [
      100000.0,
      100000.0,
      100000.0,
      100000.0,
      100000.0,
      100000.0,
      100000.0,
      100000.0,
      100000.0,
      100000.0,
      100000.0,
      100000.0,
      100000.0,
      100000.0,
      100000.0,
      100000.0,
      100000.0,
      100000.0,
      100000.0,
      100000.0,
      100000.0,
      100000.0,
      100000.0,
      100000.0,
      100000.0,
      100000.0,
      100000.0,
      100000.0,
      100000.0,
      100000.0,
      100000.0,
      100000.0,
      100000.0,
      100000.0,
      100000.0,
      100000.0,
      100000.0,
      100000.0,
      100000.0,
      100000.0,
      100000.0,
      100000.0,
      100000.0,
      100000.0,
      100000.0,
      100000.0,
      100000.0,
      100000.0,
      100000.0,
      100000.0,
      100000.0,
      100000.0,
      100000.0,
      100000.0,
      100000.0,
      100000.0,
      100000.0,
      100000.0,
      100000.0,
      100000.0,
      100000.0,
      100000.0,
      100000.0,
      100000.0,
      100000.0,
      100000.0,
      100000.0,
      100000.0
    ],
    [
      100000.0,
      100000.0,
      100000.0,
      100000.0,
      100000.0,
      100000.0,
      100000.0,
      100000.0,
      100000.0,
      100000.0,
      100000.0,
      100000.0,
      100000.0,
      100000.0,
      100000.0,
      100000.0,
      100000.0,
      100000.0,
      100000.0,
      100000.0,
      100000.0,
      100000.0,
      100000.0,
      100000.0,
      100000.0,
      100000.0,
      100000.0,
      100000.0,
      100000.0,
      100000.0,
      100000.0,
      100000.0,
      100000.0,
      100000.0,
      100000.0,
      100000.0,
      100000.0,
      100000.0,
      100000.0,
      100000.0,
      100000.0,
      100000.0,
      100000.0,
      100000.0,
      100000.0,
      100000.0,
      100000.0,
      100000.0,
      100000.0,
      100000.0,
      100000.0,
      100000.0,
      100000.0,
      100000.0,
      100000.0,
      100000.0,
      100000.0,
      100000.0,
      100000.0,
      100000.0,
      100000.0,
      100000.0,
      100000.0,
      100000.0,
      100000.0,
      100000.0,
      100000.0,
      100000.0
    ],
    [
      100000.0,
      100000.0,
      100000.0,
      100000.0,
      100000.0,
      100000.0,
      100000.0,
      100000.0,
      100000.0,
      100000.0,
      100000.0,
      100000.0,
      100000.0,
      100000.0,
      100000.0,
      100000.0,
      100000.0,
      100000.0,
      100000.0,
      100000.0,
      100000.0,
      100000.0,
      100000.0,
      100000.0,
      100000.0,
      100000.0,
      100000.0,
      100000.0,
      100000.0,
      100000.0,
      100000.0,
      100000.0,
      100000.0,
      100000.0,
      100000.0,
      100000.0,
      100000.0,
      100000.0,
      100000.0,
      100000.0,
      100000.0,
      100000.0,
      100000.0,
      100000.0,
      100000.0,
      100000.0,
      100000.0,
      100000.0,
      100000.0,
