{
  "name": "M-d2-n17-k2-p2",
  "V_coordinates": [
    [
      73,
      50
    ],
    [
      13,
      50
    ],
    [
      31,
      17
    ],
    [
      34,
      80
    ],
    [
      72,
      33
    ],
    [
      74,
      6
    ],
    [
      39,
      97
    ],
    [
      42,
      20
    ],
    [
      62,
      65
    ],
    [
      8,
      88
    ],
    [
      20,
      68
    ],
    [
      85,
      97
    ],
    [
      90,
      29
    ],
    [
      88,
      53
    ],
    [
      49,
      34
    ],
    [
      59,
      69
    ],
    [
      53,
      92
    ],
    [
      63,
      42
    ],
    [
      96,
      69
    ],
    [
      91,
      33
    ],
    [
      47,
      97
    ],
    [
      7,
      58
    ],
    [
      76,
      87
    ],
    [
      54,
      60
    ],
    [
      75,
      34
    ],
    [
      13,
      37
    ],
    [
      43,
      41
    ],
    [
      67,
      8
    ],
    [
      94,
      62
    ],
    [
      61,
      68
    ],
    [
      8,
      7
    ],
    [
      32,
      59
    ],
    [
      18,
      45
    ],
    [
      17,
      28
    ],
    [
      82,
      5
    ],
    [
      97,
      8
    ],
    [
      15,
      32
    ],
    [
      15,
      26
    ],
    [
      83,
      9
    ],
    [
      80,
      4
    ],
    [
      63,
      7
    ],
    [
      65,
      11
    ],
    [
      75,
      35
    ],
    [
      75,
      29
    ],
    [
      90,
      63
    ],
    [
      94,
      64
    ],
    [
      89,
      51
    ],
    [
      88,
      55
    ],
    [
      42,
      25
    ],
    [
      40,
      17
    ],
    [
      7,
      11
    ],
    [
      7,
      7
    ],
    [
      61,
      67
    ],
    [
      63,
      63
    ],
    [
      90,
      33
    ],
    [
      95,
      28
    ],
    [
      93,
      10
    ],
    [
      97,
      11
    ]
  ],
  "V": [
    0,
    1,
    2,
    3,
    4,
    5,
    6,
    7,
    8,
    9,
    10,
    11,
    12,
    13,
    14,
    15,
    16,
    17,
    18,
    19,
    20,
    21,
    22,
    23,
    24,
    25,
    26,
    27,
    28,
    29,
    30,
    31,
    32,
    33,
    34,
    35,
    36,
    37,
    38,
    39,
    40,
    41,
    42,
    43,
    44,
    45,
    46,
    47,
    48,
    49,
    50,
    51,
    52,
    53,
    54,
    55,
    56,
    57
  ],
  "VD": [
    0,
    1
  ],
  "VC": [
    2,
    3,
    4,
    5,
    6,
    7,
    8,
    9,
    10,
    11,
    12,
    13,
    14,
    15,
    16,
    17,
    18,
    19,
    20,
    21,
    22,
    23,
    24,
    25,
    26,
    27,
    28,
    29,
    30,
    31,
    32,
    33,
    34,
    35
  ],
  "VP": [
    36,
    37,
    38,
    39,
    40,
    41,
    42,
    43,
    44,
    45,
    46,
    47,
    48,
    49,
    50,
    51,
    52,
    53,
    54,
    55,
    56,
    57
  ],
  "VC1": [
    2,
    3,
    5,
    6,
    9,
    10,
    11,
    14,
    15,
    16,
    17,
    18,
    19,
    20,
    21,
    22,
    23,
    24,
    25,
    26,
    29,
    31,
    32
  ],
  "VC2": [
    33,
    34,
    27,
    4,
    28,
    13,
    7,
    30,
    8,
    12,
    35
  ],
  "demand": [
    0,
    0,
    11,
    15,
    24,
    26,
    23,
    27,
    17,
    30,
    26,
    24,
    17,
    26,
    30,
    10,
    22,
    28,
    20,
    30,
    23,
    11,
    19,
    14,
    16,
    11,
    19,
    12,
    12,
    19,
    19,
    15,
    23,
    28,
    18,
    14,
    0,
    0,
    0,
    0,
    0,
    0,
    0,
    0,
    0,
    0,
    0,
    0,
    0,
    0,
    0,
    0,
    0,
    0,
    0,
    0,
    0,
    0
  ],
  "service_time": [
    0,
    0,
    10,
    18,
    10,
    19,
    13,
    19,
    17,
    12,
    19,
    18,
    10,
    16,
    13,
    15,
    11,
    13,
    19,
    20,
    16,
    19,
    13,
    17,
    11,
    20,
    16,
    14,
    18,
    17,
    10,
    15,
    19,
    16,
    14,
    10,
    0,
    0,
    0,
    0,
    0,
    0,
    0,
    0,
    0,
    0,
    0,
    0,
    0,
    0,
    0,
    0,
    0,
    0,
    0,
    0,
    0,
    0
  ],
  "K": [
    0,
    1,
    2,
    3
  ],
  "veh_dist_matrix": [
    [
      100000.0,
      60.0,
      53.41,
      49.2,
      100000.0,
      44.01,
      58.01,
      100000.0,
      100000.0,
      75.29,
      55.97,
      48.51,
      100000.0,
      100000.0,
      28.84,
      23.6,
      46.52,
      12.81,
      29.83,
      24.76,
      53.71,
      66.48,
      37.12,
      21.47,
      16.12,
      61.39,
      31.32,
      100000.0,
      100000.0,
      21.63,
      100000.0,
      41.98,
      55.23,
      100000.0,
      100000.0,
      100000.0,
      60.73,
      62.77,
      42.2,
      46.53,
      44.15,
      39.81,
      15.13,
      21.1,
      21.4,
      25.24,
      16.03,
      15.81,
      39.82,
      46.67,
      76.66,
      78.77,
      20.81,
      16.4,
      24.04,
      31.11,
      44.72,
      45.79
    ],
    [
      60.0,
      100000.0,
      37.59,
      36.62,
      100000.0,
      75.21,
      53.71,
      100000.0,
      100000.0,
      38.33,
      19.31,
      85.98,
      100000.0,
      100000.0,
      39.4,
      49.77,
      58.0,
      50.64,
      85.15,
      79.83,
      58.01,
      10.0,
      73.06,
      42.2,
      64.03,
      13.0,
      31.32,
      100000.0,
      100000.0,
      51.26,
      100000.0,
      21.02,
      7.07,
      100000.0,
      100000.0,
      100000.0,
      18.11,
      24.08,
      81.12,
      81.27,
      65.95,
      65.0,
      63.79,
      65.46,
      78.09,
      82.2,
      76.01,
      75.17,
      38.29,
      42.64,
      39.46,
      43.42,
      50.92,
      51.66,
      78.85,
      84.9,
      89.44,
      92.61
    ],
    [
      53.41,
      37.59,
      100000.0,
      63.07,
      100000.0,
      44.38,
      80.4,
      100000.0,
      100000.0,
      74.63,
      52.17,
      96.52,
      100000.0,
      100000.0,
      24.76,
      59.06,
      78.16,
      40.61,
      83.24,
      62.1,
      81.58,
      47.51,
      83.22,
      48.76,
      47.17,
      26.91,
      26.83,
      100000.0,
      100000.0,
      59.17,
      100000.0,
      42.01,
      30.87,
      100000.0,
      100000.0,
      100000.0,
      21.93,
      18.36,
      52.61,
      50.7,
      33.53,
      34.53,
      47.54,
      45.61,
      74.81,
      78.6,
      67.23,
      68.51,
      13.6,
      9.0,
      24.74,
      26.0,
      58.31,
      56.04,
      61.13,
      64.94,
      62.39,
      66.27
    ],
    [
      49.2,
      36.62,
      63.07,
      100000.0,
      100000.0,
      84.12,
      17.72,
      100000.0,
      100000.0,
      27.2,
      18.44,
      53.76,
      100000.0,
      100000.0,
      48.38,
      27.31,
      22.47,
      47.8,
      62.97,
      73.88,
      21.4,
      34.83,
      42.58,
      28.28,
      61.62,
      47.85,
      40.02,
      100000.0,
      100000.0,
      29.55,
      100000.0,
      21.1,
      38.48,
      100000.0,
      100000.0,
      100000.0,
      51.62,
      57.25,
      86.27,
      88.84,
      78.55,
      75.64,
      60.88,
      65.44,
      58.52,
      62.1,
      62.18,
      59.51,
      55.58,
      63.29,
      74.09,
      77.83,
      29.97,
      33.62,
      73.11,
      80.16,
      91.55,
      93.43
    ],
    [
      100000.0,
      100000.0,
      100000.0,
      100000.0,
      100000.0,
      100000.0,
      100000.0,
      100000.0,
      100000.0,
      100000.0,
      100000.0,
      100000.0,
      100000.0,
      100000.0,
      100000.0,
      100000.0,
      100000.0,
      100000.0,
      100000.0,
      100000.0,
      100000.0,
      100000.0,
      100000.0,
      100000.0,
      100000.0,
      100000.0,
      100000.0,
      100000.0,
      100000.0,
      100000.0,
      100000.0,
      100000.0,
      100000.0,
      100000.0,
      100000.0,
      100000.0,
      100000.0,
      100000.0,
      100000.0,
      100000.0,
      100000.0,
      100000.0,
      100000.0,
      100000.0,
      100000.0,
      100000.0,
      100000.0,
      100000.0,
      100000.0,
      100000.0,
      100000.0,
      100000.0,
      100000.0,
      100000.0,
      100000.0,
      100000.0,
      100000.0,
      100000.0
    ],
    [
      44.01,
      75.21,
      44.38,
      84.12,
      100000.0,
      100000.0,
      97.5,
      100000.0,
      100000.0,
      105.26,
      82.22,
      91.66,
      100000.0,
      100000.0,
      37.54,
      64.76,
      88.53,
      37.64,
      66.73,
      31.91,
      94.92,
      84.81,
      81.02,
      57.58,
      28.02,
      68.43,
      46.75,
      100000.0,
      100000.0,
      63.35,
      100000.0,
      67.62,
      68.24,
      100000.0,
      100000.0,
      100000.0,
      64.47,
      62.3,
      9.49,
      6.32,
      11.05,
      10.3,
      29.02,
      23.02,
      59.2,
      61.35,
      47.43,
      50.96,
      37.22,
      35.74,
      67.19,
      67.01,
      62.37,
      58.05,
      31.38,
      30.41,
      19.42,
      23.54
    ],
    [
      58.01,
      53.71,
      80.4,
      17.72,
      100000.0,
      97.5,
      100000.0,
      100000.0,
      100000.0,
      32.28,
      34.67,
      46.0,
      100000.0,
      100000.0,
      63.79,
      34.41,
      14.87,
      60.01,
      63.51,
      82.46,
      8.0,
      50.45,
      38.33,
      39.92,
      72.56,
      65.39,
      56.14,
      100000.0,
      100000.0,
      36.4,
      100000.0,
      38.64,
      56.08,
      100000.0,
      100000.0,
      100000.0,
      69.29,
      74.95,
      98.39,
      101.64,
      93.15,
      89.84,
      71.69,
      76.94,
      61.29,
      64.14,
      67.94,
      64.54,
      72.06,
      80.01,
      91.76,
      95.52,
      37.2,
      41.62,
      81.84,
      88.87,
      102.4,
      103.73
    ],
    [
      100000.0,
      100000.0,
      100000.0,
      100000.0,
      100000.0,
      100000.0,
      100000.0,
      100000.0,
      100000.0,
      100000.0,
      100000.0,
      100000.0,
      100000.0,
      100000.0,
      100000.0,
      100000.0,
      100000.0,
      100000.0,
      100000.0,
      100000.0,
      100000.0,
      100000.0,
      100000.0,
      100000.0,
      100000.0,
      100000.0,
      100000.0,
      100000.0,
      100000.0,
      100000.0,
      100000.0,
      100000.0,
      100000.0,
      100000.0,
      100000.0,
      100000.0,
      100000.0,
      100000.0,
      100000.0,
      100000.0,
      100000.0,
      100000.0,
      100000.0,
      100000.0,
      100000.0,
      100000.0,
      100000.0,
      100000.0,
      100000.0,
      100000.0,
      100000.0,
      100000.0,
      100000.0,
      100000.0,
      100000.0,
      100000.0,
      100000.0,
      100000.0
    ],
    [
      100000.0,
      100000.0,
      100000.0,
      100000.0,
      100000.0,
      100000.0,
      100000.0,
      100000.0,
      100000.0,
      100000.0,
      100000.0,
      100000.0,
      100000.0,
      100000.0,
      100000.0,
      100000.0,
      100000.0,
      100000.0,
      100000.0,
      100000.0,
      100000.0,
      100000.0,
      100000.0,
      100000.0,
      100000.0,
      100000.0,
      100000.0,
      100000.0,
      100000.0,
      100000.0,
      100000.0,
      100000.0,
      100000.0,
      100000.0,
      100000.0,
      100000.0,
      100000.0,
      100000.0,
      100000.0,
      100000.0,
      100000.0,
      100000.0,
      100000.0,
      100000.0,
      100000.0,
      100000.0,
      100000.0,
      100000.0,
      100000.0,
      100000.0,
      100000.0,
      100000.0,
      100000.0,
      100000.0,
      100000.0,
      100000.0,
      100000.0,
      100000.0
    ],
    [
      75.29,
      38.33,
      74.63,
      27.2,
      100000.0,
      105.26,
      32.28,
      100000.0,
      100000.0,
      100000.0,
      23.32,
      77.52,
      100000.0,
      100000.0,
      67.8,
      54.42,
      45.18,
      71.7,
      90.03,
      99.57,
      40.02,
      30.02,
      68.01,
      53.85,
      86.05,
      51.24,
      58.6,
      100000.0,
      100000.0,
      56.65,
      100000.0,
      37.64,
      44.15,
      100000.0,
      100000.0,
      100000.0,
      56.44,
      62.39,
      108.93,
      110.63,
      97.91,
      95.8,
      85.43,
      89.27,
      85.73,
      89.29,
      89.05,
      86.54,
      71.59,
      77.88,
      77.01,
      81.01,
      57.01,
      60.42,
      98.74,
      105.68,
      115.36,
      117.69
    ],
    [
      55.97,
      19.31,
      52.17,
      18.44,
      100000.0,
      82.22,
      34.67,
      100000.0,
      100000.0,
      23.32,
      100000.0,
      71.18,
      100000.0,
      100000.0,
      44.69,
      39.01,
      40.8,
      50.25,
      76.01,
      79.16,
      39.62,
      16.4,
      59.14,
      34.93,
      64.66,
      31.78,
      35.47,
      100000.0,
      100000.0,
      41.0,
      100000.0,
      15.0,
      23.09,
      100000.0,
      100000.0,
      100000.0,
      36.35,
      42.3,
      86.31,
      87.73,
      74.63,
      72.62,
      64.14,
      67.42,
      70.18,
      74.11,
      71.06,
      69.23,
      48.3,
      54.78,
      58.46,
      62.37,
      41.01,
      43.29,
      78.26,
      85.0,
      93.24,
      95.8
    ],
    [
      48.51,
      85.98,
      96.52,
      53.76,
      100000.0,
      91.66,
      46.0,
      100000.0,
      100000.0,
      77.52,
      71.18,
      100000.0,
      100000.0,
      100000.0,
      72.56,
      38.21,
      32.39,
      59.24,
      30.08,
      64.28,
      38.0,
      87.21,
      13.45,
      48.27,
      63.79,
      93.72,
      70.0,
      100000.0,
      100000.0,
      37.64,
      100000.0,
      65.22,
      84.81,
      100000.0,
      100000.0,
      100000.0,
      95.52,
      99.7,
      88.02,
      93.13,
      92.65,
      88.29,
      62.8,
      68.73,
      34.37,
      34.21,
      46.17,
      42.11,
      83.86,
      91.79,
      116.1,
      119.1,
      38.42,
      40.5,
      64.2,
      69.72,
      87.37,
      86.83
    ],
    [
      100000.0,
      100000.0,
      100000.0,
      100000.0,
      100000.0,
      100000.0,
      100000.0,
      100000.0,
      100000.0,
      100000.0,
      100000.0,
      100000.0,
      100000.0,
      100000.0,
      100000.0,
      100000.0,
      100000.0,
      100000.0,
      100000.0,
      100000.0,
      100000.0,
      100000.0,
      100000.0,
      100000.0,
      100000.0,
      100000.0,
      100000.0,
      100000.0,
      100000.0,
      100000.0,
      100000.0,
      100000.0,
      100000.0,
      100000.0,
      100000.0,
      100000.0,
      100000.0,
      100000.0,
      100000.0,
      100000.0,
      100000.0,
      100000.0,
      100000.0,
      100000.0,
      100000.0,
      100000.0,
      100000.0,
      100000.0,
      100000.0,
      100000.0,
      100000.0,
      100000.0,
      100000.0,
      100000.0,
      100000.0,
      100000.0,
      100000.0,
      100000.0
    ],
    [
      100000.0,
      100000.0,
      100000.0,
      100000.0,
      100000.0,
      100000.0,
      100000.0,
      100000.0,
      100000.0,
      100000.0,
      100000.0,
      100000.0,
      100000.0,
      100000.0,
      100000.0,
      100000.0,
      100000.0,
      100000.0,
      100000.0,
      100000.0,
      100000.0,
      100000.0,
      100000.0,
      100000.0,
      100000.0,
      100000.0,
      100000.0,
      100000.0,
      100000.0,
      100000.0,
      100000.0,
      100000.0,
      100000.0,
      100000.0,
      100000.0,
      100000.0,
      100000.0,
      100000.0,
      100000.0,
      100000.0,
      100000.0,
      100000.0,
      100000.0,
      100000.0,
      100000.0,
      100000.0,
      100000.0,
      100000.0,
      100000.0,
      100000.0,
      100000.0,
      100000.0,
      100000.0,
      100000.0,
      100000.0,
      100000.0,
      100000.0,
      100000.0
    ],
    [
      28.84,
      39.4,
      24.76,
      48.38,
      100000.0,
      37.54,
      63.79,
      100000.0,
      100000.0,
      67.8,
      44.69,
      72.56,
      100000.0,
      100000.0,
      100000.0,
      36.4,
      58.14,
      16.12,
      58.6,
      42.01,
      63.03,
      48.37,
      59.48,
      26.48,
      26.0,
      36.12,
      9.22,
      100000.0,
      100000.0,
      36.06,
      100000.0,
      30.23,
      32.89,
      100000.0,
      100000.0,
      100000.0,
      34.06,
      34.93,
      42.2,
      43.14,
      30.41,
      28.02,
      26.02,
      26.48,
      50.22,
      54.08,
      43.46,
      44.29,
      11.4,
      19.24,
      47.89,
      49.93,
      35.11,
      32.2,
      41.01,
      46.39,
      50.12,
      53.23
    ],
    [
      23.6,
      49.77,
      59.06,
      27.31,
      100000.0,
      64.76,
      34.41,
      100000.0,
      100000.0,
      54.42,
      39.01,
      38.21,
      100000.0,
      100000.0,
      36.4,
      100000.0,
      23.77,
      27.29,
      37.0,
      48.17,
      30.46,
      53.15,
      24.76,
      10.3,
      38.48,
      56.04,
      32.25,
      100000.0,
      100000.0,
      2.24,
      100000.0,
      28.79,
      47.51,
      100000.0,
      100000.0,
      100000.0,
      57.49,
      61.52,
      64.62,
      68.31,
      62.13,
      58.31,
      37.58,
      43.08,
      31.58,
      35.36,
      34.99,
      32.2,
      47.17,
      55.36,
      77.9,
      80.92,
      2.83,
      7.21,
      47.51,
      54.56,
      68.1,
      69.34
    ],
    [
      46.52,
      58.0,
      78.16,
      22.47,
      100000.0,
      88.53,
      14.87,
      100000.0,
      100000.0,
      45.18,
      40.8,
      32.39,
      100000.0,
      100000.0,
      58.14,
      23.77,
      100000.0,
      50.99,
      48.76,
      70.18,
      7.81,
      57.2,
      23.54,
      32.02,
      62.03,
      68.01,
      51.97,
      100000.0,
      100000.0,
      25.3,
      100000.0,
      39.12,
      58.6,
      100000.0,
      100000.0,
      100000.0,
      71.02,
      76.16,
      88.26,
      92.05,
      85.59,
      81.88,
      61.1,
      66.73,
      47.01,
      49.65,
      54.56,
      50.93,
      67.9,
      76.12,
      93.15,
      96.65,
      26.25,
      30.68,
      69.64,
      76.55,
      91.24,
      92.18
    ],
    [
      12.81,
      50.64,
      40.61,
      47.8,
      100000.0,
      37.64,
      60.01,
      100000.0,
      100000.0,
      71.7,
      50.25,
      59.24,
      100000.0,
      100000.0,
      16.12,
      27.29,
      50.99,
      100000.0,
      42.64,
      29.41,
      57.28,
      58.24,
      46.84,
      20.12,
      14.42,
      50.25,
      20.02,
      100000.0,
      100000.0,
      26.08,
      100000.0,
      35.36,
      45.1,
      100000.0,
      100000.0,
      100000.0,
      49.03,
      50.6,
      38.59,
      41.63,
      35.0,
      31.06,
      13.89,
      17.69,
      34.21,
      38.01,
      27.51,
      28.18,
      27.02,
      33.97,
      64.01,
      66.04,
      25.08,
      21.0,
      28.46,
      34.93,
      43.86,
      46.01
    ],
    [
      29.83,
      85.15,
      83.24,
      62.97,
      100000.0,
      66.73,
      63.51,
      100000.0,
      100000.0,
      90.03,
      76.01,
      30.08,
      100000.0,
      100000.0,
      58.6,
      37.0,
      48.76,
      42.64,
      100000.0,
      36.35,
      56.44,
      89.68,
      26.91,
      42.95,
      40.82,
      88.96,
      59.94,
      100000.0,
      100000.0,
      35.01,
      100000.0,
      64.78,
      81.61,
      100000.0,
      100000.0,
      100000.0,
      89.05,
      91.71,
      61.39,
      66.94,
      70.24,
      65.76,
      39.96,
      45.18,
      8.49,
      5.39,
      19.31,
      16.12,
      69.66,
      76.42,
      106.23,
      108.47,
      35.06,
      33.54,
      36.5,
      41.01,
      59.08,
      58.01
    ],
    [
      24.76,
      79.83,
      62.1,
      73.88,
      100000.0,
      31.91,
      82.46,
      100000.0,
      100000.0,
      99.57,
      79.16,
      64.28,
      100000.0,
      100000.0,
      42.01,
      48.17,
      70.18,
      29.41,
      36.35,
      100000.0,
      77.67,
      87.64,
      56.04,
      45.8,
      16.03,
      78.1,
      48.66,
      100000.0,
      100000.0,
      46.1,
      100000.0,
      64.47,
      73.98,
      100000.0,
      100000.0,
      100000.0,
      76.01,
      76.32,
      25.3,
      31.02,
      38.21,
      34.06,
      16.12,
      16.49,
      30.02,
      31.14,
      18.11,
      22.2,
      49.65,
      53.45,
      86.83,
      87.93,
      45.34,
      41.04,
      1.0,
      6.4,
      23.09,
      22.8
    ],
    [
      53.71,
      58.01,
      81.58,
      21.4,
      100000.0,
      94.92,
      8.0,
      100000.0,
      100000.0,
      40.02,
      39.62,
      38.0,
      100000.0,
      100000.0,
      63.03,
      30.46,
      7.81,
      57.28,
      56.44,
      77.67,
      100000.0,
      55.87,
      30.68,
      37.66,
      68.94,
      68.96,
      56.14,
      100000.0,
      100000.0,
      32.2,
      100000.0,
      40.85,
      59.54,
      100000.0,
      100000.0,
      100000.0,
      72.45,
      77.88,
      95.08,
      98.68,
      91.41,
      87.86,
      68.03,
      73.54,
      54.82,
      57.43,
      62.29,
      58.69,
      72.17,
      80.31,
      94.85,
      98.49,
      33.11,
      37.58,
      77.1,
      84.05,
      98.41,
      99.48
    ],
    [
      66.48,
      10.0,
      47.51,
      34.83,
      100000.0,
      84.81,
      50.45,
      100000.0,
      100000.0,
      30.02,
      16.4,
      87.21,
      100000.0,
      100000.0,
      48.37,
      53.15,
      57.2,
      58.24,
      89.68,
      87.64,
      55.87,
      100000.0,
      74.85,
      47.04,
      72.11,
      21.84,
      39.81,
      100000.0,
      100000.0,
      54.92,
      100000.0,
      25.02,
      17.03,
      100000.0,
      100000.0,
      100000.0,
      27.2,
      32.98,
      90.43,
      90.8,
      75.74,
      74.65,
      71.78,
      73.93,
      83.15,
      87.21,
      82.3,
      81.06,
      48.1,
      52.63,
      47.0,
      51.0,
      54.74,
      56.22,
      86.68,
      92.97,
      98.49,
      101.53
    ],
    [
      37.12,
      73.06,
      83.22,
      42.58,
      100000.0,
      81.02,
      38.33,
      100000.0,
      100000.0,
      68.01,
      59.14,
      13.45,
      100000.0,
      100000.0,
      59.48,
      24.76,
      23.54,
      46.84,
      26.91,
      56.04,
      30.68,
      74.85,
      100000.0,
      34.83,
      53.01,
      80.43,
      56.61,
      100000.0,
      100000.0,
      24.21,
      100000.0,
      52.15,
      71.61,
      100000.0,
      100000.0,
      100000.0,
      82.13,
      86.27,
      78.31,
      83.1,
      81.05,
      76.79,
      52.01,
      58.01,
      27.78,
      29.21,
      38.28,
      34.18,
      70.71,
      78.71,
      102.65,
      105.65,
      25.0,
      27.29,
      55.79,
      61.98,
      78.85,
      78.85
    ],
    [
      21.47,
      42.2,
      48.76,
      28.28,
      100000.0,
      57.58,
      39.92,
      100000.0,
      100000.0,
      53.85,
      34.93,
      48.27,
      100000.0,
      100000.0,
      26.48,
      10.3,
      32.02,
      20.12,
      42.95,
      45.8,
      37.66,
      47.04,
      34.83,
      100000.0,
      33.42,
      47.01,
      21.95,
      100000.0,
      100000.0,
      10.63,
      100000.0,
      22.02,
      39.0,
      100000.0,
      100000.0,
      100000.0,
      48.01,
      51.74,
      58.67,
      61.74,
      53.76,
      50.22,
      32.65,
      37.44,
      36.12,
      40.2,
      36.14,
      34.37,
      37.0,
      45.22,
      67.9,
      70.84,
      9.9,
      9.49,
      45.0,
      52.01,
      63.41,
      65.19
    ],
    [
      16.12,
      64.03,
      47.17,
      61.62,
      100000.0,
      28.02,
      72.56,
      100000.0,
      100000.0,
      86.05,
      64.66,
      63.79,
      100000.0,
      100000.0,
      26.0,
      38.48,
      62.03,
      14.42,
      40.82,
      16.03,
      68.94,
      72.11,
      53.01,
      33.42,
      100000.0,
      62.07,
      32.76,
      100000.0,
      100000.0,
      36.77,
      100000.0,
      49.74,
      58.05,
      100000.0,
      100000.0,
      100000.0,
      60.03,
      60.53,
      26.25,
      30.41,
      29.55,
      25.08,
      1.0,
      5.0,
      32.65,
      35.51,
      22.02,
      24.7,
      34.21,
      38.91,
      71.78,
      73.16,
      35.85,
      31.38,
      15.03,
      20.88,
      30.0,
      31.83
    ],
    [
      61.39,
      13.0,
      26.91,
      47.85,
      100000.0,
      68.43,
      65.39,
      100000.0,
      100000.0,
      51.24,
      31.78,
      93.72,
      100000.0,
      100000.0,
      36.12,
      56.04,
      68.01,
      50.25,
      88.96,
      78.1,
      68.96,
      21.84,
      80.43,
      47.01,
      62.07,
      100000.0,
      30.27,
      100000.0,
      100000.0,
      57.14,
      100000.0,
      29.07,
      9.43,
      100000.0,
      100000.0,
      100000.0,
      5.39,
      11.18,
      75.39,
      74.69,
      58.31,
      58.14,
      62.03,
      62.51,
      81.27,
      85.38,
      77.28,
      77.13,
      31.38,
      33.6,
      26.68,
      30.59,
      56.6,
      56.36,
      77.1,
      82.49,
      84.43,
      87.93
    ],
    [
      31.32,
      31.32,
      26.83,
      40.02,
      100000.0,
      46.75,
      56.14,
      100000.0,
      100000.0,
      58.6,
      35.47,
      70.0,
      100000.0,
      100000.0,
      9.22,
      32.25,
      51.97,
      20.02,
      59.94,
      48.66,
      56.14,
      39.81,
      56.61,
      21.95,
      32.76,
      30.27,
      100000.0,
      100000.0,
      100000.0,
      32.45,
      100000.0,
      21.1,
      25.32,
      100000.0,
      100000.0,
      100000.0,
      29.41,
      31.76,
      51.22,
      52.33,
      39.45,
      37.2,
      32.56,
      34.18,
      51.89,
      55.95,
      47.07,
      47.13,
      16.03,
      24.19,
      46.86,
      49.52,
      31.62,
      29.73,
      47.68,
      53.6,
      58.83,
      61.77
    ],
    [
      100000.0,
      100000.0,
      100000.0,
      100000.0,
      100000.0,
      100000.0,
      100000.0,
      100000.0,
      100000.0,
      100000.0,
      100000.0,
      100000.0,
      100000.0,
      100000.0,
      100000.0,
      100000.0,
      100000.0,
      100000.0,
      100000.0,
      100000.0,
      100000.0,
      100000.0,
      100000.0,
      100000.0,
      100000.0,
      100000.0,
      100000.0,
      100000.0,
      100000.0,
      100000.0,
      100000.0,
      100000.0,
      100000.0,
      100000.0,
      100000.0,
      100000.0,
      100000.0,
      100000.0,
      100000.0,
      100000.0,
      100000.0,
      100000.0,
      100000.0,
      100000.0,
      100000.0,
      100000.0,
      100000.0,
      100000.0,
      100000.0,
      100000.0,
      100000.0,
      100000.0,
      100000.0,
      100000.0,
      100000.0,
      100000.0,
      100000.0,
      100000.0
    ],
    [
      100000.0,
      100000.0,
      100000.0,
      100000.0,
      100000.0,
      100000.0,
      100000.0,
      100000.0,
      100000.0,
      100000.0,
      100000.0,
      100000.0,
      100000.0,
      100000.0,
      100000.0,
      100000.0,
      100000.0,
      100000.0,
      100000.0,
      100000.0,
      100000.0,
      100000.0,
      100000.0,
      100000.0,
      100000.0,
      100000.0,
      100000.0,
      100000.0,
      100000.0,
      100000.0,
      100000.0,
      100000.0,
      100000.0,
      100000.0,
      100000.0,
      100000.0,
      100000.0,
      100000.0,
      100000.0,
      100000.0,
      100000.0,
      100000.0,
      100000.0,
      100000.0,
      100000.0,
      100000.0,
      100000.0,
      100000.0,
      100000.0,
      100000.0,
      100000.0,
      100000.0,
      100000.0,
      100000.0,
      100000.0,
      100000.0,
      100000.0,
      100000.0
    ],
    [
      21.63,
      51.26,
      59.17,
      29.55,
      100000.0,
      63.35,
      36.4,
      100000.0,
      100000.0,
      56.65,
      41.0,
      37.64,
      100000.0,
      100000.0,
      36.06,
      2.24,
      25.3,
      26.08,
      35.01,
      46.1,
      32.2,
      54.92,
      24.21,
      10.63,
      36.77,
      57.14,
      32.45,
      100000.0,
      100000.0,
      100000.0,
      100000.0,
      30.36,
      48.76,
      100000.0,
      100000.0,
      100000.0,
      58.41,
      62.29,
      62.97,
      66.76,
      61.03,
      57.14,
      35.85,
      41.44,
      29.43,
      33.24,
      32.76,
      29.97,
      47.01,
      55.15,
      78.52,
      81.47,
      1.0,
      5.39,
      45.45,
      52.5,
      66.24,
      67.42
    ],
    [
      100000.0,
      100000.0,
      100000.0,
      100000.0,
      100000.0,
      100000.0,
      100000.0,
      100000.0,
      100000.0,
      100000.0,
      100000.0,
      100000.0,
      100000.0,
      100000.0,
      100000.0,
      100000.0,
      100000.0,
      100000.0,
      100000.0,
      100000.0,
      100000.0,
      100000.0,
      100000.0,
      100000.0,
      100000.0,
      100000.0,
      100000.0,
      100000.0,
      100000.0,
      100000.0,
      100000.0,
      100000.0,
      100000.0,
      100000.0,
      100000.0,
      100000.0,
      100000.0,
      100000.0,
      100000.0,
      100000.0,
      100000.0,
      100000.0,
      100000.0,
      100000.0,
      100000.0,
      100000.0,
      100000.0,
      100000.0,
      100000.0,
      100000.0,
      100000.0,
      100000.0,
      100000.0,
      100000.0,
      100000.0,
      100000.0,
      100000.0,
      100000.0
    ],
    [
      41.98,
      21.02,
      42.01,
      21.1,
      100000.0,
      67.62,
      38.64,
      100000.0,
      100000.0,
      37.64,
      15.0,
      65.22,
      100000.0,
      100000.0,
      30.23,
      28.79,
      39.12,
      35.36,
      64.78,
      64.47,
      40.85,
      25.02,
      52.15,
      22.02,
      49.74,
      29.07,
      21.1,
      100000.0,
      100000.0,
      30.36,
      100000.0,
      100000.0,
      19.8,
      100000.0,
      100000.0,
      100000.0,
      31.91,
      37.12,
      71.42,
      73.0,
      60.54,
      58.25,
      49.24,
      52.43,
      58.14,
      62.2,
      57.56,
      56.14,
      35.44,
      42.76,
      54.12,
      57.7,
      30.08,
      31.26,
      63.56,
      70.21,
      78.24,
      80.8
    ],
    [
      55.23,
      7.07,
      30.87,
      38.48,
      100000.0,
      68.24,
      56.08,
      100000.0,
      100000.0,
      44.15,
      23.09,
      84.81,
      100000.0,
      100000.0,
      32.89,
      47.51,
      58.6,
      45.1,
      81.61,
      73.98,
      59.54,
      17.03,
      71.61,
      39.0,
      58.05,
      9.43,
      25.32,
      100000.0,
      100000.0,
      48.76,
      100000.0,
      19.8,
      100000.0,
      100000.0,
      100000.0,
      100000.0,
      13.34,
      19.24,
      74.3,
      74.33,
      58.9,
      58.01,
      57.87,
      59.2,
      74.22,
      78.34,
      71.25,
      70.71,
      31.24,
      35.61,
      35.74,
      39.56,
      48.3,
      48.47,
      72.99,
      78.85,
      82.76,
      86.01
    ],
    [
      100000.0,
      100000.0,
      100000.0,
      100000.0,
      100000.0,
      100000.0,
      100000.0,
      100000.0,
      100000.0,
      100000.0,
      100000.0,
      100000.0,
      100000.0,
      100000.0,
      100000.0,
      100000.0,
      100000.0,
      100000.0,
      100000.0,
      100000.0,
      100000.0,
      100000.0,
      100000.0,
      100000.0,
      100000.0,
      100000.0,
      100000.0,
      100000.0,
      100000.0,
      100000.0,
      100000.0,
      100000.0,
      100000.0,
      100000.0,
      100000.0,
      100000.0,
      100000.0,
      100000.0,
      100000.0,
      100000.0,
      100000.0,
      100000.0,
      100000.0,
      100000.0,
      100000.0,
      100000.0,
      100000.0,
      100000.0,
      100000.0,
      100000.0,
      100000.0,
      100000.0,
      100000.0,
      100000.0,
      100000.0,
      100000.0,
      100000.0,
      100000.0
    ],
    [
      100000.0,
      100000.0,
      100000.0,
      100000.0,
      100000.0,
      100000.0,
      100000.0,
      100000.0,
      100000.0,
      100000.0,
      100000.0,
      100000.0,
      100000.0,
      100000.0,
      100000.0,
      100000.0,
      100000.0,
      100000.0,
      100000.0,
      100000.0,
      100000.0,
      100000.0,
      100000.0,
      100000.0,
      100000.0,
      100000.0,
      100000.0,
      100000.0,
      100000.0,
      100000.0,
      100000.0,
      100000.0,
      100000.0,
      100000.0,
      100000.0,
      100000.0,
      100000.0,
      100000.0,
      100000.0,
      100000.0,
      100000.0,
      100000.0,
      100000.0,
      100000.0,
      100000.0,
      100000.0,
      100000.0,
      100000.0,
      100000.0,
      100000.0,
      100000.0,
      100000.0,
      100000.0,
      100000.0,
      100000.0,
      100000.0,
      100000.0,
      100000.0
    ],
    [
      100000.0,
      100000.0,
      100000.0,
      100000.0,
      100000.0,
      100000.0,
      100000.0,
      100000.0,
      100000.0,
      100000.0,
      100000.0,
      100000.0,
      100000.0,
      100000.0,
      100000.0,
      100000.0,
      100000.0,
      100000.0,
      100000.0,
      100000.0,
      100000.0,
      100000.0,
      100000.0,
      100000.0,
      100000.0,
      100000.0,
      100000.0,
      100000.0,
      100000.0,
      100000.0,
      100000.0,
      100000.0,
      100000.0,
      100000.0,
      100000.0,
      100000.0,
      100000.0,
      100000.0,
      100000.0,
      100000.0,
      100000.0,
      100000.0,
      100000.0,
      100000.0,
      100000.0,
      100000.0,
      100000.0,
      100000.0,
      100000.0,
      100000.0,
      100000.0,
      100000.0,
      100000.0,
      100000.0,
      100000.0,
      100000.0,
      100000.0,
      100000.0
    ],
    [
      60.73,
      18.11,
      21.93,
      51.62,
      100000.0,
      64.47,
      69.29,
      100000.0,
      100000.0,
      56.44,
      36.35,
      95.52,
      100000.0,
      100000.0,
      34.06,
      57.49,
      71.02,
      49.03,
      89.05,
      76.01,
      72.45,
      27.2,
      82.13,
      48.01,
      60.03,
      5.39,
      29.41,
      100000.0,
      100000.0,
      58.41,
      100000.0,
      31.91,
      13.34,
      100000.0,
      100000.0,
      100000.0,
      100000.0,
      6.0,
      71.78,
      70.77,
      54.12,
      54.23,
      60.07,
      60.07,
      81.15,
      85.23,
      76.4,
      76.54,
      27.89,
      29.15,
      22.47,
      26.25,
      57.8,
      57.14,
      75.01,
      80.1,
      81.04,
      84.65
    ],
    [
      62.77,
      24.08,
      18.36,
      57.25,
      100000.0,
      62.3,
      74.95,
      100000.0,
      100000.0,
      62.39,
      42.3,
      99.7,
      100000.0,
      100000.0,
      34.93,
      61.52,
      76.16,
      50.6,
      91.71,
      76.32,
      77.88,
      32.98,
      86.27,
      51.74,
      60.53,
      11.18,
      31.76,
      100000.0,
      100000.0,
      62.29,
      100000.0,
      37.12,
      19.24,
      100000.0,
      100000.0,
      100000.0,
      6.0,
      100000.0,
      70.09,
      68.62,
      51.62,
      52.2,
      60.67,
      60.07,
      83.63,
      87.66,
      78.11,
      78.55,
      27.02,
      26.57,
      17.0,
      20.62,
      61.62,
      60.61,
      75.33,
      80.02,
      79.62,
      83.36
    ],
    [
      42.2,
      81.12,
      52.61,
      86.27,
      100000.0,
      9.49,
      98.39,
      100000.0,
      100000.0,
      108.93,
      86.31,
      88.02,
      100000.0,
      100000.0,
      42.2,
      64.62,
      88.26,
      38.59,
      61.39,
      25.3,
      95.08,
      90.43,
      78.31,
      58.67,
      26.25,
      75.39,
      51.22,
      100000.0,
      100000.0,
      62.97,
      100000.0,
      71.42,
      74.3,
      100000.0,
      100000.0,
      100000.0,
      71.78,
      70.09,
      100000.0,
      5.83,
      20.1,
      18.11,
      27.2,
      21.54,
      54.45,
      56.09,
      42.43,
      46.27,
      44.01,
      43.74,
      76.03,
      76.03,
      62.03,
      57.58,
      25.0,
      22.47,
      10.05,
      14.14
    ],
    [
      46.53,
      81.27,
      50.7,
      88.84,
      100000.0,
      6.32,
      101.64,
      100000.0,
      100000.0,
      110.63,
      87.73,
      93.13,
      100000.0,
      100000.0,
      43.14,
      68.31,
      92.05,
      41.63,
      66.94,
      31.02,
      98.68,
      90.8,
      83.1,
      61.74,
      30.41,
      74.69,
      52.33,
      100000.0,
      100000.0,
      66.76,
      100000.0,
      73.0,
      74.33,
      100000.0,
      100000.0,
      100000.0,
      70.77,
      68.62,
      5.83,
      100000.0,
      17.26,
      16.55,
      31.4,
      25.5,
      59.84,
      61.61,
      47.85,
      51.62,
      43.42,
      42.06,
      73.33,
      73.06,
      65.8,
      61.4,
      30.68,
      28.3,
      14.32,
      18.38
    ],
    [
      44.15,
      65.95,
      33.53,
      78.55,
      100000.0,
      11.05,
      93.15,
      100000.0,
      100000.0,
      97.91,
      74.63,
      92.65,
      100000.0,
      100000.0,
      30.41,
      62.13,
      85.59,
      35.0,
      70.24,
      38.21,
      91.41,
      75.74,
      81.05,
      53.76,
      29.55,
      58.31,
      39.45,
      100000.0,
      100000.0,
      61.03,
      100000.0,
      60.54,
      58.9,
      100000.0,
      100000.0,
      100000.0,
      54.12,
      51.62,
      20.1,
      17.26,
      100000.0,
      4.47,
      30.46,
      25.06,
      62.17,
      64.88,
      51.11,
      54.12,
      27.66,
      25.08,
      56.14,
      56.0,
      60.03,
      56.0,
      37.48,
      38.28,
      30.15,
      34.23
    ],
    [
      39.81,
      65.0,
      34.53,
      75.64,
      100000.0,
      10.3,
      89.84,
      100000.0,
      100000.0,
      95.8,
      72.62,
      88.29,
      100000.0,
      100000.0,
      28.02,
      58.31,
      81.88,
      31.06,
      65.76,
      34.06,
      87.86,
      74.65,
      76.79,
      50.22,
      25.08,
      58.14,
      37.2,
      100000.0,
      100000.0,
      57.14,
      100000.0,
      58.25,
      58.01,
      100000.0,
      100000.0,
      100000.0,
      54.23,
      52.2,
      18.11,
      16.55,
      4.47,
      100000.0,
      26.0,
      20.59,
      57.7,
      60.42,
      46.65,
      49.65,
      26.93,
      25.71,
      58.0,
      58.14,
      56.14,
      52.04,
      33.3,
      34.48,
      28.02,
      32.0
    ],
    [
      15.13,
      63.79,
      47.54,
      60.88,
      100000.0,
      29.02,
      71.69,
      100000.0,
      100000.0,
      85.43,
      64.14,
      62.8,
      100000.0,
      100000.0,
      26.02,
      37.58,
      61.1,
      13.89,
      39.96,
      16.12,
      68.03,
      71.78,
      52.01,
      32.65,
      1.0,
      62.03,
      32.56,
      100000.0,
      100000.0,
      35.85,
      100000.0,
      49.24,
      57.87,
      100000.0,
      100000.0,
      100000.0,
      60.07,
      60.67,
      27.2,
      31.4,
      30.46,
      26.0,
      100000.0,
      6.0,
      31.76,
      34.67,
      21.26,
      23.85,
      34.48,
      39.36,
      72.11,
      73.54,
      34.93,
      30.46,
      15.13,
      21.19,
      30.81,
      32.56
    ],
    [
      21.1,
      65.46,
      45.61,
      65.44,
      100000.0,
      23.02,
