{
  "name": "M-d2-n16-k2-p2",
  "V_coordinates": [
    [
      73,
      50
    ],
    [
      13,
      50
    ],
    [
      31,
      17
    ],
    [
      34,
      80
    ],
    [
      72,
      33
    ],
    [
      74,
      6
    ],
    [
      39,
      97
    ],
    [
      42,
      20
    ],
    [
      62,
      65
    ],
    [
      8,
      88
    ],
    [
      20,
      68
    ],
    [
      85,
      97
    ],
    [
      88,
      53
    ],
    [
      49,
      34
    ],
    [
      59,
      69
    ],
    [
      53,
      92
    ],
    [
      63,
      42
    ],
    [
      96,
      69
    ],
    [
      91,
      33
    ],
    [
      47,
      97
    ],
    [
      7,
      58
    ],
    [
      76,
      87
    ],
    [
      54,
      60
    ],
    [
      75,
      34
    ],
    [
      13,
      37
    ],
    [
      67,
      8
    ],
    [
      94,
      62
    ],
    [
      61,
      68
    ],
    [
      8,
      7
    ],
    [
      32,
      59
    ],
    [
      18,
      45
    ],
    [
      17,
      28
    ],
    [
      82,
      5
    ],
    [
      97,
      8
    ],
    [
      56,
      70
    ],
    [
      60,
      66
    ],
    [
      75,
      82
    ],
    [
      74,
      86
    ],
    [
      98,
      11
    ],
    [
      93,
      7
    ],
    [
      61,
      71
    ],
    [
      64,
      67
    ],
    [
      76,
      33
    ],
    [
      74,
      29
    ],
    [
      82,
      1
    ],
    [
      79,
      5
    ],
    [
      95,
      70
    ],
    [
      98,
      67
    ],
    [
      9,
      10
    ],
    [
      6,
      7
    ],
    [
      47,
      37
    ],
    [
      47,
      32
    ],
    [
      63,
      6
    ],
    [
      68,
      4
    ]
  ],
  "V": [
    0,
    1,
    2,
    3,
    4,
    5,
    6,
    7,
    8,
    9,
    10,
    11,
    12,
    13,
    14,
    15,
    16,
    17,
    18,
    19,
    20,
    21,
    22,
    23,
    24,
    25,
    26,
    27,
    28,
    29,
    30,
    31,
    32,
    33,
    34,
    35,
    36,
    37,
    38,
    39,
    40,
    41,
    42,
    43,
    44,
    45,
    46,
    47,
    48,
    49,
    50,
    51,
    52,
    53
  ],
  "VD": [
    0,
    1
  ],
  "VC": [
    2,
    3,
    4,
    5,
    6,
    7,
    8,
    9,
    10,
    11,
    12,
    13,
    14,
    15,
    16,
    17,
    18,
    19,
    20,
    21,
    22,
    23,
    24,
    25,
    26,
    27,
    28,
    29,
    30,
    31,
    32,
    33
  ],
  "VP": [
    34,
    35,
    36,
    37,
    38,
    39,
    40,
    41,
    42,
    43,
    44,
    45,
    46,
    47,
    48,
    49,
    50,
    51,
    52,
    53
  ],
  "VC1": [
    2,
    3,
    5,
    6,
    7,
    8,
    9,
    10,
    11,
    12,
    15,
    16,
    18,
    19,
    20,
    22,
    23,
    24,
    26,
    29,
    30,
    31
  ],
  "VC2": [
    14,
    21,
    33,
    27,
    4,
    32,
    17,
    28,
    13,
    25
  ],
  "demand": [
    0,
    0,
    18,
    11,
    12,
    12,
    10,
    24,
    10,
    18,
    17,
    18,
    13,
    29,
    15,
    21,
    19,
    12,
    15,
    15,
    18,
    26,
    15,
    18,
    30,
    19,
    24,
    20,
    25,
    25,
    13,
    10,
    19,
    22,
    0,
    0,
    0,
    0,
    0,
    0,
    0,
    0,
    0,
    0,
    0,
    0,
    0,
    0,
    0,
    0,
    0,
    0,
    0,
    0
  ],
  "service_time": [
    0,
    0,
    15,
    16,
    13,
    14,
    11,
    14,
    18,
    13,
    19,
    16,
    10,
    13,
    10,
    16,
    12,
    10,
    12,
    17,
    18,
    20,
    16,
    18,
    13,
    20,
    18,
    17,
    13,
    18,
    20,
    10,
    16,
    20,
    0,
    0,
    0,
    0,
    0,
    0,
    0,
    0,
    0,
    0,
    0,
    0,
    0,
    0,
    0,
    0,
    0,
    0,
    0,
    0
  ],
  "K": [
    0,
    1,
    2,
    3
  ],
  "veh_dist_matrix": [
    [
      100000.0,
      60.0,
      53.41,
      49.2,
      100000.0,
      44.01,
      58.01,
      43.14,
      18.6,
      75.29,
      55.97,
      48.51,
      15.3,
      100000.0,
      100000.0,
      46.52,
      12.81,
      100000.0,
      24.76,
      53.71,
      66.48,
      100000.0,
      21.47,
      16.12,
      61.39,
      100000.0,
      24.19,
      100000.0,
      100000.0,
      41.98,
      55.23,
      60.17,
      100000.0,
      100000.0,
      26.25,
      20.62,
      32.06,
      36.01,
      46.32,
      47.42,
      24.19,
      19.24,
      17.26,
      21.02,
      49.82,
      45.4,
      29.73,
      30.23,
      75.47,
      79.61,
      29.07,
      31.62,
      45.12,
      46.27
    ],
    [
      60.0,
      100000.0,
      37.59,
      36.62,
      100000.0,
      75.21,
      53.71,
      41.73,
      51.24,
      38.33,
      19.31,
      85.98,
      75.06,
      100000.0,
      100000.0,
      58.0,
      50.64,
      100000.0,
      79.83,
      58.01,
      10.0,
      100000.0,
      42.2,
      64.03,
      13.0,
      100000.0,
      81.88,
      100000.0,
      100000.0,
      21.02,
      7.07,
      22.36,
      100000.0,
      100000.0,
      47.42,
      49.65,
      69.77,
      70.83,
      93.52,
      90.82,
      52.39,
      53.76,
      65.25,
      64.51,
      84.63,
      79.88,
      84.4,
      86.68,
      40.2,
      43.57,
      36.4,
      38.47,
      66.6,
      71.7
    ],
    [
      53.41,
      37.59,
      100000.0,
      63.07,
      100000.0,
      44.38,
      80.4,
      11.4,
      57.14,
      74.63,
      52.17,
      96.52,
      67.42,
      100000.0,
      100000.0,
      78.16,
      40.61,
      100000.0,
      62.1,
      81.58,
      47.51,
      100000.0,
      48.76,
      47.17,
      26.91,
      100000.0,
      77.42,
      100000.0,
      100000.0,
      42.01,
      30.87,
      17.8,
      100000.0,
      100000.0,
      58.6,
      56.94,
      78.49,
      81.3,
      67.27,
      62.8,
      61.77,
      59.91,
      47.76,
      44.64,
      53.45,
      49.48,
      83.1,
      83.6,
      23.09,
      26.93,
      25.61,
      21.93,
      33.84,
      39.22
    ],
    [
      49.2,
      36.62,
      63.07,
      100000.0,
      100000.0,
      84.12,
      17.72,
      60.53,
      31.76,
      27.2,
      18.44,
      53.76,
      60.37,
      100000.0,
      100000.0,
      22.47,
      47.8,
      100000.0,
      73.88,
      21.4,
      34.83,
      100000.0,
      28.28,
      61.62,
      47.85,
      100000.0,
      62.64,
      100000.0,
      100000.0,
      21.1,
      38.48,
      54.71,
      100000.0,
      100000.0,
      24.17,
      29.53,
      41.05,
      40.45,
      94.11,
      93.86,
      28.46,
      32.7,
      63.03,
      64.82,
      92.44,
      87.46,
      61.81,
      65.31,
      74.33,
      78.19,
      44.92,
      49.73,
      79.48,
      83.26
    ],
    [
      100000.0,
      100000.0,
      100000.0,
      100000.0,
      100000.0,
      100000.0,
      100000.0,
      100000.0,
      100000.0,
      100000.0,
      100000.0,
      100000.0,
      100000.0,
      100000.0,
      100000.0,
      100000.0,
      100000.0,
      100000.0,
      100000.0,
      100000.0,
      100000.0,
      100000.0,
      100000.0,
      100000.0,
      100000.0,
      100000.0,
      100000.0,
      100000.0,
      100000.0,
      100000.0,
      100000.0,
      100000.0,
      100000.0,
      100000.0,
      100000.0,
      100000.0,
      100000.0,
      100000.0,
      100000.0,
      100000.0,
      100000.0,
      100000.0,
      100000.0,
      100000.0,
      100000.0,
      100000.0,
      100000.0,
      100000.0,
      100000.0,
      100000.0,
      100000.0,
      100000.0,
      100000.0,
      100000.0
    ],
    [
      44.01,
      75.21,
      44.38,
      84.12,
      100000.0,
      100000.0,
      97.5,
      34.93,
      60.21,
      105.26,
      82.22,
      91.66,
      49.04,
      100000.0,
      100000.0,
      88.53,
      37.64,
      100000.0,
      31.91,
      94.92,
      84.81,
      100000.0,
      57.58,
      28.02,
      68.43,
      100000.0,
      59.46,
      100000.0,
      100000.0,
      67.62,
      68.24,
      61.1,
      100000.0,
      100000.0,
      66.48,
      61.61,
      76.01,
      80.0,
      24.52,
      19.03,
      66.29,
      61.81,
      27.07,
      23.0,
      9.43,
      5.1,
      67.36,
      65.55,
      65.12,
      68.01,
      41.11,
      37.48,
      11.0,
      6.32
    ],
    [
      58.01,
      53.71,
      80.4,
      17.72,
      100000.0,
      97.5,
      100000.0,
      77.06,
      39.41,
      32.28,
      34.67,
      46.0,
      65.86,
      100000.0,
      100000.0,
      14.87,
      60.01,
      100000.0,
      82.46,
      8.0,
      50.45,
      100000.0,
      39.92,
      72.56,
      65.39,
      100000.0,
      65.19,
      100000.0,
      100000.0,
      38.64,
      56.08,
      72.42,
      100000.0,
      100000.0,
      31.91,
      37.44,
      39.0,
      36.69,
      104.29,
      104.96,
      34.06,
      39.05,
      73.93,
      76.48,
      105.19,
      100.32,
      62.17,
      66.19,
      92.03,
      95.86,
      60.53,
      65.49,
      94.11,
      97.42
    ],
    [
      43.14,
      41.73,
      11.4,
      60.53,
      100000.0,
      34.93,
      77.06,
      100000.0,
      49.24,
      76.03,
      52.8,
      88.19,
      56.61,
      100000.0,
      100000.0,
      72.84,
      30.41,
      100000.0,
      50.7,
      77.16,
      51.66,
      100000.0,
      41.76,
      35.85,
      33.62,
      100000.0,
      66.84,
      100000.0,
      100000.0,
      40.26,
      34.66,
      26.25,
      100000.0,
      100000.0,
      51.92,
      49.4,
      70.24,
      73.35,
      56.72,
      52.63,
      54.42,
      51.89,
      36.4,
      33.24,
      44.28,
      39.92,
      72.86,
      73.11,
      34.48,
      38.28,
      17.72,
      13.0,
      25.24,
      30.53
    ],
    [
      18.6,
      51.24,
      57.14,
      31.76,
      100000.0,
      60.21,
      39.41,
      49.24,
      100000.0,
      58.69,
      42.11,
      39.41,
      28.64,
      100000.0,
      100000.0,
      28.46,
      23.02,
      100000.0,
      43.19,
      35.34,
      55.44,
      100000.0,
      9.43,
      33.62,
      56.44,
      100000.0,
      32.14,
      100000.0,
      100000.0,
      30.59,
      48.33,
      58.26,
      100000.0,
      100000.0,
      7.81,
      2.24,
      21.4,
      24.19,
      64.9,
      65.76,
      6.08,
      2.83,
      34.93,
      37.95,
      67.05,
      62.36,
      33.38,
      36.06,
      76.38,
      80.62,
      31.76,
      36.25,
      59.01,
      61.29
    ],
    [
      75.29,
      38.33,
      74.63,
      27.2,
      100000.0,
      105.26,
      32.28,
      76.03,
      58.69,
      100000.0,
      23.32,
      77.52,
      87.32,
      100000.0,
      100000.0,
      45.18,
      71.7,
      100000.0,
      99.57,
      40.02,
      30.02,
      100000.0,
      53.85,
      86.05,
      51.24,
      100000.0,
      89.84,
      100000.0,
      100000.0,
      37.64,
      44.15,
      60.67,
      100000.0,
      100000.0,
      51.26,
      56.46,
      67.27,
      66.03,
      118.44,
      117.41,
      55.66,
      59.81,
      87.46,
      88.53,
      114.21,
      109.22,
      88.84,
      92.42,
      78.01,
      81.02,
      64.2,
      68.24,
      98.74,
      103.23
    ],
    [
      55.97,
      19.31,
      52.17,
      18.44,
      100000.0,
      82.22,
      34.67,
      52.8,
      42.11,
      23.32,
      100000.0,
      71.18,
      69.63,
      100000.0,
      100000.0,
      40.8,
      50.25,
      100000.0,
      79.16,
      39.62,
      16.4,
      100000.0,
      34.93,
      64.66,
      31.78,
      100000.0,
      74.24,
      100000.0,
      100000.0,
      15.0,
      23.09,
      40.11,
      100000.0,
      100000.0,
      36.06,
      40.05,
      56.75,
      56.92,
      96.61,
      95.13,
      41.11,
      44.01,
      66.04,
      66.61,
      91.29,
      86.31,
      75.03,
      78.01,
      59.03,
      62.59,
      41.11,
      45.0,
      75.45,
      80.0
    ],
    [
      48.51,
      85.98,
      96.52,
      53.76,
      100000.0,
      91.66,
      46.0,
      88.19,
      39.41,
      77.52,
      71.18,
      100000.0,
      44.1,
      100000.0,
      100000.0,
      32.39,
      59.24,
      100000.0,
      64.28,
      38.0,
      87.21,
      100000.0,
      48.27,
      63.79,
      93.72,
      100000.0,
      36.14,
      100000.0,
      100000.0,
      65.22,
      84.81,
      96.88,
      100000.0,
      100000.0,
      39.62,
      39.82,
      18.03,
      15.56,
      86.98,
      90.35,
      35.38,
      36.62,
      64.63,
      68.88,
      96.05,
      92.2,
      28.79,
      32.7,
      115.52,
      119.75,
      71.02,
      75.29,
      93.62,
      94.54
    ],
    [
      15.3,
      75.06,
      67.42,
      60.37,
      100000.0,
      49.04,
      65.86,
      56.61,
      28.64,
      87.32,
      69.63,
      44.1,
      100000.0,
      100000.0,
      100000.0,
      52.4,
      27.31,
      100000.0,
      20.22,
      60.14,
      81.15,
      100000.0,
      34.71,
      23.02,
      76.69,
      100000.0,
      10.82,
      100000.0,
      100000.0,
      56.32,
      70.46,
      75.27,
      100000.0,
      100000.0,
      36.24,
      30.87,
      31.78,
      35.85,
      43.17,
      46.27,
      32.45,
      27.78,
      23.32,
      27.78,
      52.35,
      48.84,
      18.38,
      17.2,
      89.94,
      94.02,
      44.01,
      46.07,
      53.24,
      52.92
    ],
    [
      100000.0,
      100000.0,
      100000.0,
      100000.0,
      100000.0,
      100000.0,
      100000.0,
      100000.0,
      100000.0,
      100000.0,
      100000.0,
      100000.0,
      100000.0,
      100000.0,
      100000.0,
      100000.0,
      100000.0,
      100000.0,
      100000.0,
      100000.0,
      100000.0,
      100000.0,
      100000.0,
      100000.0,
      100000.0,
      100000.0,
      100000.0,
      100000.0,
      100000.0,
      100000.0,
      100000.0,
      100000.0,
      100000.0,
      100000.0,
      100000.0,
      100000.0,
      100000.0,
      100000.0,
      100000.0,
      100000.0,
      100000.0,
      100000.0,
      100000.0,
      100000.0,
      100000.0,
      100000.0,
      100000.0,
      100000.0,
      100000.0,
      100000.0,
      100000.0,
      100000.0,
      100000.0,
      100000.0
    ],
    [
      100000.0,
      100000.0,
      100000.0,
      100000.0,
      100000.0,
      100000.0,
      100000.0,
      100000.0,
      100000.0,
      100000.0,
      100000.0,
      100000.0,
      100000.0,
      100000.0,
      100000.0,
      100000.0,
      100000.0,
      100000.0,
      100000.0,
      100000.0,
      100000.0,
      100000.0,
      100000.0,
      100000.0,
      100000.0,
      100000.0,
      100000.0,
      100000.0,
      100000.0,
      100000.0,
      100000.0,
      100000.0,
      100000.0,
      100000.0,
      100000.0,
      100000.0,
      100000.0,
      100000.0,
      100000.0,
      100000.0,
      100000.0,
      100000.0,
      100000.0,
      100000.0,
      100000.0,
      100000.0,
      100000.0,
      100000.0,
      100000.0,
      100000.0,
      100000.0,
      100000.0,
      100000.0,
      100000.0
    ],
    [
      46.52,
      58.0,
      78.16,
      22.47,
      100000.0,
      88.53,
      14.87,
      72.84,
      28.46,
      45.18,
      40.8,
      32.39,
      52.4,
      100000.0,
      100000.0,
      100000.0,
      50.99,
      100000.0,
      70.18,
      7.81,
      57.2,
      100000.0,
      32.02,
      62.03,
      68.01,
      100000.0,
      50.8,
      100000.0,
      100000.0,
      39.12,
      58.6,
      73.43,
      100000.0,
      100000.0,
      22.2,
      26.93,
      24.17,
      21.84,
      92.66,
      93.94,
      22.47,
      27.31,
      63.32,
      66.41,
      95.51,
      90.8,
      47.41,
      51.48,
      93.06,
      97.13,
      55.33,
      60.3,
      86.58,
      89.27
    ],
    [
      12.81,
      50.64,
      40.61,
      47.8,
      100000.0,
      37.64,
      60.01,
      30.41,
      23.02,
      71.7,
      50.25,
      59.24,
      27.31,
      100000.0,
      100000.0,
      50.99,
      100000.0,
      100000.0,
      29.41,
      57.28,
      58.24,
      100000.0,
      20.12,
      14.42,
      50.25,
      100000.0,
      36.89,
      100000.0,
      100000.0,
      35.36,
      45.1,
      48.08,
      100000.0,
      100000.0,
      28.86,
      24.19,
      41.76,
      45.35,
      46.75,
      46.1,
      29.07,
      25.02,
      15.81,
      17.03,
      45.19,
      40.31,
      42.52,
      43.01,
      62.77,
      66.89,
      16.76,
      18.87,
      36.0,
      38.33
    ],
    [
      100000.0,
      100000.0,
      100000.0,
      100000.0,
      100000.0,
      100000.0,
      100000.0,
      100000.0,
      100000.0,
      100000.0,
      100000.0,
      100000.0,
      100000.0,
      100000.0,
      100000.0,
      100000.0,
      100000.0,
      100000.0,
      100000.0,
      100000.0,
      100000.0,
      100000.0,
      100000.0,
      100000.0,
      100000.0,
      100000.0,
      100000.0,
      100000.0,
      100000.0,
      100000.0,
      100000.0,
      100000.0,
      100000.0,
      100000.0,
      100000.0,
      100000.0,
      100000.0,
      100000.0,
      100000.0,
      100000.0,
      100000.0,
      100000.0,
      100000.0,
      100000.0,
      100000.0,
      100000.0,
      100000.0,
      100000.0,
      100000.0,
      100000.0,
      100000.0,
      100000.0,
      100000.0,
      100000.0
    ],
    [
      24.76,
      79.83,
      62.1,
      73.88,
      100000.0,
      31.91,
      82.46,
      50.7,
      43.19,
      99.57,
      79.16,
      64.28,
      20.22,
      100000.0,
      100000.0,
      70.18,
      29.41,
      100000.0,
      100000.0,
      77.67,
      87.64,
      100000.0,
      45.8,
      16.03,
      78.1,
      100000.0,
      29.15,
      100000.0,
      100000.0,
      64.47,
      73.98,
      74.17,
      100000.0,
      100000.0,
      50.93,
      45.28,
      51.55,
      55.66,
      23.09,
      26.08,
      48.41,
      43.42,
      15.0,
      17.46,
      33.24,
      30.46,
      37.22,
      34.71,
      85.16,
      88.89,
      44.18,
      44.01,
      38.9,
      37.01
    ],
    [
      53.71,
      58.01,
      81.58,
      21.4,
      100000.0,
      94.92,
      8.0,
      77.16,
      35.34,
      40.02,
      39.62,
      38.0,
      60.14,
      100000.0,
      100000.0,
      7.81,
      57.28,
      100000.0,
      77.67,
      100000.0,
      55.87,
      100000.0,
      37.66,
      68.94,
      68.96,
      100000.0,
      58.6,
      100000.0,
      100000.0,
      40.85,
      59.54,
      75.24,
      100000.0,
      100000.0,
      28.46,
      33.62,
      31.76,
      29.15,
      99.98,
      101.07,
      29.53,
      34.48,
      70.26,
      73.16,
      102.18,
      97.41,
      55.07,
      59.17,
      94.94,
      98.9,
      60.0,
      65.0,
      92.4,
      95.34
    ],
    [
      66.48,
      10.0,
      47.51,
      34.83,
      100000.0,
      84.81,
      50.45,
      51.66,
      55.44,
      30.02,
      16.4,
      87.21,
      81.15,
      100000.0,
      100000.0,
      57.2,
      58.24,
      100000.0,
      87.64,
      55.87,
      100000.0,
      100000.0,
      47.04,
      72.11,
      21.84,
      100000.0,
      87.09,
      100000.0,
      100000.0,
      25.02,
      17.03,
      31.62,
      100000.0,
      100000.0,
      50.45,
      53.6,
      72.11,
      72.62,
      102.42,
      99.98,
      55.54,
      57.71,
      73.39,
      73.01,
      94.2,
      89.4,
      88.81,
      91.44,
      48.04,
      51.01,
      45.18,
      47.71,
      76.42,
      81.47
    ],
    [
      100000.0,
      100000.0,
      100000.0,
      100000.0,
      100000.0,
      100000.0,
      100000.0,
      100000.0,
      100000.0,
      100000.0,
      100000.0,
      100000.0,
      100000.0,
      100000.0,
      100000.0,
      100000.0,
      100000.0,
      100000.0,
      100000.0,
      100000.0,
      100000.0,
      100000.0,
      100000.0,
      100000.0,
      100000.0,
      100000.0,
      100000.0,
      100000.0,
      100000.0,
      100000.0,
      100000.0,
      100000.0,
      100000.0,
      100000.0,
      100000.0,
      100000.0,
      100000.0,
      100000.0,
      100000.0,
      100000.0,
      100000.0,
      100000.0,
      100000.0,
      100000.0,
      100000.0,
      100000.0,
      100000.0,
      100000.0,
      100000.0,
      100000.0,
      100000.0,
      100000.0,
      100000.0,
      100000.0
    ],
    [
      21.47,
      42.2,
      48.76,
      28.28,
      100000.0,
      57.58,
      39.92,
      41.76,
      9.43,
      53.85,
      34.93,
      48.27,
      34.71,
      100000.0,
      100000.0,
      32.02,
      20.12,
      100000.0,
      45.8,
      37.66,
      47.04,
      100000.0,
      100000.0,
      33.42,
      47.01,
      100000.0,
      40.05,
      100000.0,
      100000.0,
      22.02,
      39.0,
      48.92,
      100000.0,
      100000.0,
      10.2,
      8.49,
      30.41,
      32.8,
      65.86,
      65.8,
      13.04,
      12.21,
      34.83,
      36.89,
      65.31,
      60.42,
      42.2,
      44.55,
      67.27,
      71.51,
      24.04,
      28.86,
      54.74,
      57.72
    ],
    [
      16.12,
      64.03,
      47.17,
      61.62,
      100000.0,
      28.02,
      72.56,
      35.85,
      33.62,
      86.05,
      64.66,
      63.79,
      23.02,
      100000.0,
      100000.0,
      62.03,
      14.42,
      100000.0,
      16.03,
      68.94,
      72.11,
      100000.0,
      33.42,
      100000.0,
      62.07,
      100000.0,
      33.84,
      100000.0,
      100000.0,
      49.74,
      58.05,
      58.31,
      100000.0,
      100000.0,
      40.71,
      35.34,
      48.0,
      52.01,
      32.53,
      32.45,
      39.56,
      34.79,
      1.41,
      5.1,
      33.73,
      29.27,
      41.18,
      40.22,
      70.23,
      74.09,
      28.16,
      28.07,
      30.46,
      30.81
    ],
    [
      61.39,
      13.0,
      26.91,
      47.85,
      100000.0,
      68.43,
      65.39,
      33.62,
      56.44,
      51.24,
      31.78,
      93.72,
      76.69,
      100000.0,
      100000.0,
      68.01,
      50.25,
      100000.0,
      78.1,
      68.96,
      21.84,
      100000.0,
      47.01,
      62.07,
      100000.0,
      100000.0,
      84.77,
      100000.0,
      100000.0,
      29.07,
      9.43,
      9.85,
      100000.0,
      100000.0,
      54.2,
      55.23,
      76.61,
      78.24,
      88.89,
      85.44,
      58.82,
      59.17,
      63.13,
      61.52,
      77.83,
      73.35,
      88.39,
      90.14,
      27.29,
      30.81,
      34.0,
      34.37,
      58.83,
      64.14
    ],
    [
      100000.0,
      100000.0,
      100000.0,
      100000.0,
      100000.0,
      100000.0,
      100000.0,
      100000.0,
      100000.0,
      100000.0,
      100000.0,
      100000.0,
      100000.0,
      100000.0,
      100000.0,
      100000.0,
      100000.0,
      100000.0,
      100000.0,
      100000.0,
      100000.0,
      100000.0,
      100000.0,
      100000.0,
      100000.0,
      100000.0,
      100000.0,
      100000.0,
      100000.0,
      100000.0,
      100000.0,
      100000.0,
      100000.0,
      100000.0,
      100000.0,
      100000.0,
      100000.0,
      100000.0,
      100000.0,
      100000.0,
      100000.0,
      100000.0,
      100000.0,
      100000.0,
      100000.0,
      100000.0,
      100000.0,
      100000.0,
      100000.0,
      100000.0,
      100000.0,
      100000.0,
      100000.0,
      100000.0
    ],
    [
      24.19,
      81.88,
      77.42,
      62.64,
      100000.0,
      59.46,
      65.19,
      66.84,
      32.14,
      89.84,
      74.24,
      36.14,
      10.82,
      100000.0,
      100000.0,
      50.8,
      36.89,
      100000.0,
      29.15,
      58.6,
      87.09,
      100000.0,
      40.05,
      33.84,
      84.77,
      100000.0,
      100000.0,
      100000.0,
      100000.0,
      62.07,
      77.88,
      84.17,
      100000.0,
      100000.0,
      38.83,
      34.23,
      27.59,
      31.24,
      51.16,
      55.01,
      34.21,
      30.41,
      34.13,
      38.59,
      62.17,
      58.94,
      8.06,
      6.4,
      99.64,
      103.77,
      53.24,
      55.76,
      64.01,
      63.56
    ],
    [
      100000.0,
      100000.0,
      100000.0,
      100000.0,
      100000.0,
      100000.0,
      100000.0,
      100000.0,
      100000.0,
      100000.0,
      100000.0,
      100000.0,
      100000.0,
      100000.0,
      100000.0,
      100000.0,
      100000.0,
      100000.0,
      100000.0,
      100000.0,
      100000.0,
      100000.0,
      100000.0,
      100000.0,
      100000.0,
      100000.0,
      100000.0,
      100000.0,
      100000.0,
      100000.0,
      100000.0,
      100000.0,
      100000.0,
      100000.0,
      100000.0,
      100000.0,
      100000.0,
      100000.0,
      100000.0,
      100000.0,
      100000.0,
      100000.0,
      100000.0,
      100000.0,
      100000.0,
      100000.0,
      100000.0,
      100000.0,
      100000.0,
      100000.0,
      100000.0,
      100000.0,
      100000.0,
      100000.0
    ],
    [
      100000.0,
      100000.0,
      100000.0,
      100000.0,
      100000.0,
      100000.0,
      100000.0,
      100000.0,
      100000.0,
      100000.0,
      100000.0,
      100000.0,
      100000.0,
      100000.0,
      100000.0,
      100000.0,
      100000.0,
      100000.0,
      100000.0,
      100000.0,
      100000.0,
      100000.0,
      100000.0,
      100000.0,
      100000.0,
      100000.0,
      100000.0,
      100000.0,
      100000.0,
      100000.0,
      100000.0,
      100000.0,
      100000.0,
      100000.0,
      100000.0,
      100000.0,
      100000.0,
      100000.0,
      100000.0,
      100000.0,
      100000.0,
      100000.0,
      100000.0,
      100000.0,
      100000.0,
      100000.0,
      100000.0,
      100000.0,
      100000.0,
      100000.0,
      100000.0,
      100000.0,
      100000.0,
      100000.0
    ],
    [
      41.98,
      21.02,
      42.01,
      21.1,
      100000.0,
      67.62,
      38.64,
      40.26,
      30.59,
      37.64,
      15.0,
      65.22,
      56.32,
      100000.0,
      100000.0,
      39.12,
      35.36,
      100000.0,
      64.47,
      40.85,
      25.02,
      100000.0,
      22.02,
      49.74,
      29.07,
      100000.0,
      62.07,
      100000.0,
      100000.0,
      100000.0,
      19.8,
      34.44,
      100000.0,
      100000.0,
      26.4,
      28.86,
      48.76,
      49.93,
      81.61,
      80.16,
      31.38,
      32.98,
      51.11,
      51.61,
      76.58,
      71.59,
      63.95,
      66.48,
      54.13,
      58.14,
      26.63,
      30.89,
      61.4,
      65.73
    ],
    [
      55.23,
      7.07,
      30.87,
      38.48,
      100000.0,
      68.24,
      56.08,
      34.66,
      48.33,
      44.15,
      23.09,
      84.81,
      70.46,
      100000.0,
      100000.0,
      58.6,
      45.1,
      100000.0,
      73.98,
      59.54,
      17.03,
      100000.0,
      39.0,
      58.05,
      9.43,
      100000.0,
      77.88,
      100000.0,
      100000.0,
      19.8,
      100000.0,
      17.03,
      100000.0,
      100000.0,
      45.49,
      46.96,
      67.96,
      69.4,
      86.93,
      84.08,
      50.25,
      50.99,
      59.23,
      58.24,
      77.67,
      72.95,
      80.96,
      82.97,
      36.14,
      39.85,
      30.08,
      31.78,
      59.55,
      64.66
    ],
    [
      60.17,
      22.36,
      17.8,
      54.71,
      100000.0,
      61.1,
      72.42,
      26.25,
      58.26,
      60.67,
      40.11,
      96.88,
      75.27,
      100000.0,
      100000.0,
      73.43,
      48.08,
      100000.0,
      74.17,
      75.24,
      31.62,
      100000.0,
      48.92,
      58.31,
      9.85,
      100000.0,
      84.17,
      100000.0,
      100000.0,
      34.44,
      17.03,
      100000.0,
      100000.0,
      100000.0,
      57.31,
      57.38,
      79.25,
      81.32,
      82.76,
      78.85,
      61.52,
      61.07,
      59.21,
      57.01,
      70.38,
      66.13,
      88.59,
      89.9,
      19.7,
      23.71,
      31.32,
      30.27,
      50.99,
      56.36
    ],
    [
      100000.0,
      100000.0,
      100000.0,
      100000.0,
      100000.0,
      100000.0,
      100000.0,
      100000.0,
      100000.0,
      100000.0,
      100000.0,
      100000.0,
      100000.0,
      100000.0,
      100000.0,
      100000.0,
      100000.0,
      100000.0,
      100000.0,
      100000.0,
      100000.0,
      100000.0,
      100000.0,
      100000.0,
      100000.0,
      100000.0,
      100000.0,
      100000.0,
      100000.0,
      100000.0,
      100000.0,
      100000.0,
      100000.0,
      100000.0,
      100000.0,
      100000.0,
      100000.0,
      100000.0,
      100000.0,
      100000.0,
      100000.0,
      100000.0,
      100000.0,
      100000.0,
      100000.0,
      100000.0,
      100000.0,
      100000.0,
      100000.0,
      100000.0,
      100000.0,
      100000.0,
      100000.0,
      100000.0
    ],
    [
      100000.0,
      100000.0,
      100000.0,
      100000.0,
      100000.0,
      100000.0,
      100000.0,
      100000.0,
      100000.0,
      100000.0,
      100000.0,
      100000.0,
      100000.0,
      100000.0,
      100000.0,
      100000.0,
      100000.0,
      100000.0,
      100000.0,
      100000.0,
      100000.0,
      100000.0,
      100000.0,
      100000.0,
      100000.0,
      100000.0,
      100000.0,
      100000.0,
      100000.0,
      100000.0,
      100000.0,
      100000.0,
      100000.0,
      100000.0,
      100000.0,
      100000.0,
      100000.0,
      100000.0,
      100000.0,
      100000.0,
      100000.0,
      100000.0,
      100000.0,
      100000.0,
      100000.0,
      100000.0,
      100000.0,
      100000.0,
      100000.0,
      100000.0,
      100000.0,
      100000.0,
      100000.0,
      100000.0
    ],
    [
      26.25,
      47.42,
      58.6,
      24.17,
      100000.0,
      66.48,
      31.91,
      51.92,
      7.81,
      51.26,
      36.06,
      39.62,
      36.24,
      100000.0,
      100000.0,
      22.2,
      28.86,
      100000.0,
      50.93,
      28.46,
      50.45,
      100000.0,
      10.2,
      40.71,
      54.2,
      100000.0,
      38.83,
      100000.0,
      100000.0,
      26.4,
      45.49,
      57.31,
      100000.0,
      100000.0,
      100000.0,
      5.66,
      22.47,
      24.08,
      72.42,
      73.06,
      5.1,
      8.54,
      42.06,
      44.78,
      73.74,
      68.95,
      39.0,
      42.11,
      76.22,
      80.43,
      34.21,
      39.05,
      64.38,
      67.08
    ],
    [
      20.62,
      49.65,
      56.94,
      29.53,
      100000.0,
      61.61,
      37.44,
      49.4,
      2.24,
      56.46,
      40.05,
      39.82,
      30.87,
      100000.0,
      100000.0,
      26.93,
      24.19,
      100000.0,
      45.28,
      33.62,
      53.6,
      100000.0,
      8.49,
      35.34,
      55.23,
      100000.0,
      34.23,
      100000.0,
      100000.0,
      28.86,
      46.96,
      57.38,
      100000.0,
      100000.0,
      5.66,
      100000.0,
      21.93,
      24.41,
      66.85,
      67.6,
      5.1,
      4.12,
      36.67,
      39.56,
      68.62,
      63.89,
      35.23,
      38.01,
      75.74,
      79.98,
      31.78,
      36.4,
      60.07,
      62.51
    ],
    [
      32.06,
      69.77,
      78.49,
      41.05,
      100000.0,
      76.01,
      39.0,
      70.24,
      21.4,
      67.27,
      56.75,
      18.03,
      31.78,
      100000.0,
      100000.0,
      24.17,
      41.76,
      100000.0,
      51.55,
      31.76,
      72.11,
      100000.0,
      30.41,
      48.0,
      76.61,
      100000.0,
      27.59,
      100000.0,
      100000.0,
      48.76,
      67.96,
      79.25,
      100000.0,
      100000.0,
      22.47,
      21.93,
      100000.0,
      4.12,
      74.63,
      77.13,
      17.8,
      18.6,
      49.01,
      53.01,
      81.3,
      77.1,
      23.32,
      27.46,
      97.67,
      101.91,
      53.0,
      57.31,
      76.94,
      78.31
    ],
    [
      36.01,
      70.83,
      81.3,
      40.45,
      100000.0,
      80.0,
      36.69,
      73.35,
      24.19,
      66.03,
      56.92,
      15.56,
      35.85,
      100000.0,
      100000.0,
      21.84,
      45.35,
      100000.0,
      55.66,
      29.15,
      72.62,
      100000.0,
      32.8,
      52.01,
      78.24,
      100000.0,
      31.24,
      100000.0,
      100000.0,
      49.93,
      69.4,
      81.32,
      100000.0,
      100000.0,
      24.08,
      24.41,
      4.12,
      100000.0,
      78.75,
      81.25,
      19.85,
      21.47,
      53.04,
      57.0,
      85.38,
      81.15,
      26.4,
      30.61,
      100.0,
      104.24,
      55.95,
      60.37,
      80.75,
      82.22
    ],
    [
      46.32,
      93.52,
      67.27,
      94.11,
      100000.0,
      24.52,
      104.29,
      56.72,
      64.9,
      118.44,
      96.61,
      86.98,
      43.17,
      100000.0,
      100000.0,
      92.66,
      46.75,
      100000.0,
      23.09,
      99.98,
      102.42,
      100000.0,
      65.86,
      32.53,
      88.89,
      100000.0,
      51.16,
      100000.0,
      100000.0,
      81.61,
      86.93,
      82.76,
      100000.0,
      100000.0,
      72.42,
      66.85,
      74.63,
      78.75,
      100000.0,
      6.4,
      70.49,
      65.51,
      31.11,
      30.0,
      18.87,
      19.92,
      59.08,
      56.0,
      89.01,
      92.09,
      57.25,
      55.15,
      35.36,
      30.81
    ],
    [
      47.42,
      90.82,
      62.8,
      93.86,
      100000.0,
      19.03,
      104.96,
      52.63,
      65.76,
      117.41,
      95.13,
      90.35,
      46.27,
      100000.0,
      100000.0,
      93.94,
      46.1,
      100000.0,
      26.08,
      101.07,
      99.98,
      100000.0,
      65.8,
      32.45,
      85.44,
      100000.0,
      55.01,
      100000.0,
      100000.0,
      80.16,
      84.08,
      78.85,
      100000.0,
      100000.0,
      73.06,
      67.6,
      77.13,
      81.25,
      6.4,
      100000.0,
      71.55,
      66.64,
      31.06,
      29.07,
      12.53,
      14.14,
      63.03,
      60.21,
      84.05,
      87.0,
      54.92,
      52.35,
      30.02,
      25.18
    ],
    [
      24.19,
      52.39,
      61.77,
      28.46,
      100000.0,
      66.29,
      34.06,
      54.42,
      6.08,
      55.66,
      41.11,
      35.38,
      32.45,
      100000.0,
      100000.0,
      22.47,
      29.07,
      100000.0,
      48.41,
      29.53,
      55.54,
      100000.0,
      13.04,
      39.56,
      58.82,
      100000.0,
      34.21,
      100000.0,
      100000.0,
      31.38,
      50.25,
      61.52,
      100000.0,
      100000.0,
      5.1,
      5.1,
      17.8,
      19.85,
      70.49,
      71.55,
      100000.0,
      5.0,
      40.85,
      43.97,
      73.08,
      68.41,
      34.01,
      37.22,
      80.16,
      84.39,
      36.77,
      41.44,
      65.03,
      67.36
    ],
    [
      19.24,
      53.76,
      59.91,
      32.7,
      100000.0,
      61.81,
      39.05,
      51.89,
      2.83,
      59.81,
      44.01,
      36.62,
      27.78,
      100000.0,
      100000.0,
      27.31,
      25.02,
      100000.0,
      43.42,
      34.48,
      57.71,
      100000.0,
      12.21,
      34.79,
      59.17,
      100000.0,
      30.41,
      100000.0,
      100000.0,
      32.98,
      50.99,
      61.07,
      100000.0,
      100000.0,
      8.54,
      4.12,
      18.6,
      21.47,
      65.51,
      66.64,
      5.0,
      100000.0,
      36.06,
      39.29,
      68.41,
      63.79,
      31.14,
      34.0,
      79.21,
      83.45,
      34.48,
      38.91,
      61.01,
      63.13
    ],
    [
      17.26,
      65.25,
      47.76,
      63.03,
      100000.0,
      27.07,
      73.93,
      36.4,
      34.93,
      87.46,
      66.04,
      64.63,
      23.32,
      100000.0,
      100000.0,
      63.32,
      15.81,
      100000.0,
      15.0,
      70.26,
      73.39,
      100000.0,
      34.83,
      1.41,
      63.13,
      100000.0,
      34.13,
      100000.0,
      100000.0,
      51.11,
      59.23,
      59.21,
      100000.0,
      100000.0,
      42.06,
      36.67,
      49.01,
      53.04,
      31.11,
      31.06,
      40.85,
      36.06,
      100000.0,
      4.47,
      32.56,
      28.16,
      41.59,
      40.5,
      70.84,
      74.67,
      29.27,
      29.02,
      29.97,
      30.08
    ],
    [
      21.02,
      64.51,
      44.64,
      64.82,
      100000.0,
      23.0,
      76.48,
      33.24,
      37.95,
      88.53,
      66.61,
      68.88,
      27.78,
      100000.0,
      100000.0,
      66.41,
      17.03,
      100000.0,
      17.46,
      73.16,
      73.01,
      100000.0,
      36.89,
      5.1,
      61.52,
      100000.0,
      38.59,
      100000.0,
      100000.0,
      51.61,
      58.24,
      57.01,
      100000.0,
      100000.0,
      44.78,
      39.56,
      53.01,
      57.0,
      30.0,
      29.07,
      43.97,
      39.29,
      4.47,
      100000.0,
      29.12,
      24.52,
      46.07,
      44.94,
      67.72,
      71.47,
      28.16,
      27.17,
      25.5,
      25.71
    ],
    [
      49.82,
      84.63,
      53.45,
      92.44,
      100000.0,
      9.43,
      105.19,
      44.28,
      67.05,
      114.21,
      91.29,
      96.05,
      52.35,
      100000.0,
      100000.0,
      95.51,
      45.19,
      100000.0,
      33.24,
      102.18,
      94.2,
      100000.0,
      65.31,
      33.73,
      77.83,
      100000.0,
      62.17,
      100000.0,
      100000.0,
      76.58,
      77.67,
      70.38,
      100000.0,
      100000.0,
      73.74,
      68.62,
      81.3,
      85.38,
      18.87,
      12.53,
      73.08,
      68.41,
      32.56,
      29.12,
      100000.0,
      5.0,
      70.21,
      67.91,
      73.55,
      76.24,
      50.21,
      46.75,
      19.65,
      14.32
    ],
    [
      45.4,
      79.88,
      49.48,
      87.46,
      100000.0,
      5.1,
      100.32,
      39.92,
      62.36,
      109.22,
      86.31,
      92.2,
      48.84,
      100000.0,
      100000.0,
      90.8,
      40.31,
      100000.0,
      30.46,
      97.41,
      89.4,
      100000.0,
      60.42,
      29.27,
      73.35,
      100000.0,
      58.94,
      100000.0,
      100000.0,
      71.59,
      72.95,
      66.13,
      100000.0,
      100000.0,
      68.95,
      63.89,
      77.1,
      81.15,
      19.92,
      14.14,
      68.41,
      63.79,
      28.16,
      24.52,
      5.0,
      100000.0,
      66.94,
      64.85,
      70.18,
      73.03,
      45.25,
      41.87,
      16.03,
      11.05
    ],
    [
      29.73,
      84.4,
      83.1,
      61.81,
      100000.0,
      67.36,
      62.17,
      72.86,
      33.38,
      88.84,
      75.03,
      28.79,
      18.38,
      100000.0,
      100000.0,
      47.41,
      42.52,
      100000.0,
      37.22,
      55.07,
      88.81,
      100000.0,
      42.2,
      41.18,
      88.39,
      100000.0,
      8.06,
      100000.0,
      100000.0,
      63.95,
      80.96,
      88.59,
      100000.0,
      100000.0,
      39.0,
      35.23,
      23.32,
      26.4,
      59.08,
      63.03,
      34.01,
      31.14,
      41.59,
      46.07,
      70.21,
      66.94,
      100000.0,
      4.24,
      104.86,
      109.04,
