{
  "name": "M-d2-n15-k2-p2",
  "V_coordinates": [
    [
      73,
      50
    ],
    [
      13,
      50
    ],
    [
      31,
      17
    ],
    [
      34,
      80
    ],
    [
      72,
      33
    ],
    [
      74,
      6
    ],
    [
      39,
      97
    ],
    [
      42,
      20
    ],
    [
      62,
      65
    ],
    [
      8,
      88
    ],
    [
      20,
      68
    ],
    [
      85,
      97
    ],
    [
      88,
      53
    ],
    [
      49,
      34
    ],
    [
      53,
      92
    ],
    [
      63,
      42
    ],
    [
      91,
      33
    ],
    [
      47,
      97
    ],
    [
      7,
      58
    ],
    [
      76,
      87
    ],
    [
      54,
      60
    ],
    [
      75,
      34
    ],
    [
      13,
      37
    ],
    [
      67,
      8
    ],
    [
      94,
      62
    ],
    [
      61,
      68
    ],
    [
      8,
      7
    ],
    [
      32,
      59
    ],
    [
      18,
      45
    ],
    [
      17,
      28
    ],
    [
      82,
      5
    ],
    [
      97,
      8
    ],
    [
      93,
      61
    ],
    [
      94,
      66
    ],
    [
      98,
      5
    ],
    [
      95,
      10
    ],
    [
      68,
      8
    ],
    [
      66,
      3
    ],
    [
      60,
      64
    ],
    [
      63,
      68
    ],
    [
      89,
      97
    ],
    [
      81,
      96
    ],
    [
      54,
      63
    ],
    [
      57,
      59
    ],
    [
      86,
      5
    ],
    [
      84,
      1
    ],
    [
      47,
      93
    ],
    [
      44,
      97
    ],
    [
      16,
      29
    ],
    [
      19,
      26
    ],
    [
      54,
      95
    ],
    [
      51,
      92
    ]
  ],
  "V": [
    0,
    1,
    2,
    3,
    4,
    5,
    6,
    7,
    8,
    9,
    10,
    11,
    12,
    13,
    14,
    15,
    16,
    17,
    18,
    19,
    20,
    21,
    22,
    23,
    24,
    25,
    26,
    27,
    28,
    29,
    30,
    31,
    32,
    33,
    34,
    35,
    36,
    37,
    38,
    39,
    40,
    41,
    42,
    43,
    44,
    45,
    46,
    47,
    48,
    49,
    50,
    51
  ],
  "VD": [
    0,
    1
  ],
  "VC": [
    2,
    3,
    4,
    5,
    6,
    7,
    8,
    9,
    10,
    11,
    12,
    13,
    14,
    15,
    16,
    17,
    18,
    19,
    20,
    21,
    22,
    23,
    24,
    25,
    26,
    27,
    28,
    29,
    30,
    31
  ],
  "VP": [
    32,
    33,
    34,
    35,
    36,
    37,
    38,
    39,
    40,
    41,
    42,
    43,
    44,
    45,
    46,
    47,
    48,
    49,
    50,
    51
  ],
  "VC1": [
    2,
    3,
    4,
    5,
    6,
    7,
    9,
    10,
    12,
    13,
    15,
    16,
    18,
    19,
    21,
    22,
    25,
    26,
    27,
    28
  ],
  "VC2": [
    24,
    31,
    23,
    8,
    11,
    20,
    30,
    17,
    29,
    14
  ],
  "demand": [
    0,
    0,
    21,
    10,
    27,
    27,
    29,
    29,
    20,
    24,
    29,
    10,
    17,
    30,
    15,
    27,
    28,
    15,
    12,
    27,
    18,
    11,
    12,
    12,
    10,
    24,
    10,
    18,
    17,
    18,
    13,
    29,
    0,
    0,
    0,
    0,
    0,
    0,
    0,
    0,
    0,
    0,
    0,
    0,
    0,
    0,
    0,
    0,
    0,
    0,
    0,
    0
  ],
  "service_time": [
    0,
    0,
    12,
    15,
    14,
    11,
    12,
    12,
    14,
    18,
    12,
    20,
    14,
    20,
    14,
    17,
    15,
    17,
    17,
    11,
    10,
    14,
    16,
    15,
    16,
    13,
    14,
    11,
    14,
    18,
    13,
    19,
    0,
    0,
    0,
    0,
    0,
    0,
    0,
    0,
    0,
    0,
    0,
    0,
    0,
    0,
    0,
    0,
    0,
    0,
    0,
    0
  ],
  "K": [
    0,
    1,
    2,
    3
  ],
  "veh_dist_matrix": [
    [
      100000.0,
      60.0,
      53.41,
      49.2,
      17.03,
      44.01,
      58.01,
      43.14,
      100000.0,
      75.29,
      55.97,
      100000.0,
      15.3,
      28.84,
      100000.0,
      12.81,
      24.76,
      100000.0,
      66.48,
      37.12,
      100000.0,
      16.12,
      61.39,
      100000.0,
      100000.0,
      21.63,
      77.94,
      41.98,
      55.23,
      100000.0,
      100000.0,
      100000.0,
      22.83,
      26.4,
      51.48,
      45.65,
      42.3,
      47.52,
      19.1,
      20.59,
      49.65,
      46.69,
      23.02,
      18.36,
      46.84,
      50.22,
      50.25,
      55.23,
      60.75,
      59.09,
      48.85,
      47.41
    ],
    [
      60.0,
      100000.0,
      37.59,
      36.62,
      61.4,
      75.21,
      53.71,
      41.73,
      100000.0,
      38.33,
      19.31,
      100000.0,
      75.06,
      39.4,
      100000.0,
      50.64,
      79.83,
      100000.0,
      10.0,
      73.06,
      100000.0,
      64.03,
      13.0,
      100000.0,
      100000.0,
      51.26,
      43.29,
      21.02,
      7.07,
      100000.0,
      100000.0,
      100000.0,
      80.75,
      82.57,
      96.18,
      91.24,
      69.2,
      70.84,
      49.04,
      53.14,
      89.36,
      82.1,
      43.01,
      44.91,
      85.76,
      86.27,
      54.82,
      56.3,
      21.21,
      24.74,
      60.88,
      56.64
    ],
    [
      53.41,
      37.59,
      100000.0,
      63.07,
      44.01,
      44.38,
      80.4,
      11.4,
      100000.0,
      74.63,
      52.17,
      100000.0,
      67.42,
      24.76,
      100000.0,
      40.61,
      62.1,
      100000.0,
      47.51,
      83.22,
      100000.0,
      47.17,
      26.91,
      100000.0,
      100000.0,
      59.17,
      25.08,
      42.01,
      30.87,
      100000.0,
      100000.0,
      100000.0,
      76.03,
      79.81,
      68.07,
      64.38,
      38.08,
      37.7,
      55.23,
      60.21,
      98.81,
      93.49,
      51.43,
      49.4,
      56.29,
      55.36,
      77.67,
      81.05,
      19.21,
      15.0,
      81.32,
      77.62
    ],
    [
      49.2,
      36.62,
      63.07,
      100000.0,
      60.44,
      84.12,
      17.72,
      60.53,
      100000.0,
      27.2,
      18.44,
      100000.0,
      60.37,
      48.38,
      100000.0,
      47.8,
      73.88,
      100000.0,
      34.83,
      42.58,
      100000.0,
      61.62,
      47.85,
      100000.0,
      100000.0,
      29.55,
      77.49,
      21.1,
      38.48,
      100000.0,
      100000.0,
      100000.0,
      61.98,
      61.61,
      98.6,
      92.85,
      79.62,
      83.38,
      30.53,
      31.38,
      57.57,
      49.65,
      26.25,
      31.14,
      91.26,
      93.49,
      18.38,
      19.72,
      54.08,
      56.04,
      25.0,
      20.81
    ],
    [
      17.03,
      61.4,
      44.01,
      60.44,
      100000.0,
      27.07,
      72.01,
      32.7,
      100000.0,
      84.39,
      62.68,
      100000.0,
      25.61,
      23.02,
      100000.0,
      12.73,
      19.0,
      100000.0,
      69.64,
      54.15,
      100000.0,
      3.16,
      59.14,
      100000.0,
      100000.0,
      36.69,
      69.08,
      47.71,
      55.32,
      100000.0,
      100000.0,
      100000.0,
      35.0,
      39.66,
      38.21,
      32.53,
      25.32,
      30.59,
      33.24,
      36.14,
      66.22,
      63.64,
      34.99,
      30.02,
      31.3,
      34.18,
      65.0,
      69.86,
      56.14,
      53.46,
      64.56,
      62.63
    ],
    [
      44.01,
      75.21,
      44.38,
      84.12,
      27.07,
      100000.0,
      97.5,
      34.93,
      100000.0,
      105.26,
      82.22,
      100000.0,
      49.04,
      37.54,
      100000.0,
      37.64,
      31.91,
      100000.0,
      84.81,
      81.02,
      100000.0,
      28.02,
      68.43,
      100000.0,
      100000.0,
      63.35,
      66.01,
      67.62,
      68.24,
      100000.0,
      100000.0,
      100000.0,
      58.19,
      63.25,
      24.02,
      21.38,
      6.32,
      8.54,
      59.67,
      62.97,
      92.23,
      90.27,
      60.41,
      55.66,
      12.04,
      11.18,
      91.09,
      95.82,
      62.39,
      58.52,
      91.22,
      89.02
    ],
    [
      58.01,
      53.71,
      80.4,
      17.72,
      72.01,
      97.5,
      100000.0,
      77.06,
      100000.0,
      32.28,
      34.67,
      100000.0,
      65.86,
      63.79,
      100000.0,
      60.01,
      82.46,
      100000.0,
      50.45,
      38.33,
      100000.0,
      72.56,
      65.39,
      100000.0,
      100000.0,
      36.4,
      95.19,
      38.64,
      56.08,
      100000.0,
      100000.0,
      100000.0,
      64.9,
      63.13,
      109.29,
      103.46,
      93.61,
      97.8,
      39.12,
      37.64,
      50.0,
      42.01,
      37.16,
      42.05,
      103.31,
      106.02,
      8.94,
      5.0,
      71.78,
      73.76,
      15.13,
      13.0
    ],
    [
      43.14,
      41.73,
      11.4,
      60.53,
      32.7,
      34.93,
      77.06,
      100000.0,
      100000.0,
      76.03,
      52.8,
      100000.0,
      56.61,
      15.65,
      100000.0,
      30.41,
      50.7,
      100000.0,
      51.66,
      75.13,
      100000.0,
      35.85,
      33.62,
      100000.0,
      100000.0,
      51.62,
      36.4,
      40.26,
      34.66,
      100000.0,
      100000.0,
      100000.0,
      65.44,
      69.43,
      57.97,
      53.94,
      28.64,
      29.41,
      47.54,
      52.39,
      90.21,
      85.42,
      44.64,
      41.79,
      46.49,
      46.1,
      73.17,
      77.03,
      27.51,
      23.77,
      75.95,
      72.56
    ],
    [
      100000.0,
      100000.0,
      100000.0,
      100000.0,
      100000.0,
      100000.0,
      100000.0,
      100000.0,
      100000.0,
      100000.0,
      100000.0,
      100000.0,
      100000.0,
      100000.0,
      100000.0,
      100000.0,
      100000.0,
      100000.0,
      100000.0,
      100000.0,
      100000.0,
      100000.0,
      100000.0,
      100000.0,
      100000.0,
      100000.0,
      100000.0,
      100000.0,
      100000.0,
      100000.0,
      100000.0,
      100000.0,
      100000.0,
      100000.0,
      100000.0,
      100000.0,
      100000.0,
      100000.0,
      100000.0,
      100000.0,
      100000.0,
      100000.0,
      100000.0,
      100000.0,
      100000.0,
      100000.0,
      100000.0,
      100000.0,
      100000.0,
      100000.0,
      100000.0,
      100000.0
    ],
    [
      75.29,
      38.33,
      74.63,
      27.2,
      84.39,
      105.26,
      32.28,
      76.03,
      100000.0,
      100000.0,
      23.32,
      100000.0,
      87.32,
      67.8,
      100000.0,
      71.7,
      99.57,
      100000.0,
      30.02,
      68.01,
      100000.0,
      86.05,
      51.24,
      100000.0,
      100000.0,
      56.65,
      81.0,
      37.64,
      44.15,
      100000.0,
      100000.0,
      100000.0,
      89.19,
      88.77,
      122.43,
      116.85,
      100.0,
      102.9,
      57.27,
      58.52,
      81.5,
      73.44,
      52.35,
      56.94,
      113.9,
      115.52,
      39.32,
      37.11,
      59.54,
      62.97,
      46.53,
      43.19
    ],
    [
      55.97,
      19.31,
      52.17,
      18.44,
      62.68,
      82.22,
      34.67,
      52.8,
      100000.0,
      23.32,
      100000.0,
      100000.0,
      69.63,
      44.69,
      100000.0,
      50.25,
      79.16,
      100000.0,
      16.4,
      59.14,
      100000.0,
      64.66,
      31.78,
      100000.0,
      100000.0,
      41.0,
      62.17,
      15.0,
      23.09,
      100000.0,
      100000.0,
      100000.0,
      73.33,
      74.03,
      100.26,
      94.81,
      76.84,
      79.63,
      40.2,
      43.0,
      74.85,
      67.12,
      34.37,
      38.08,
      91.24,
      92.66,
      36.8,
      37.64,
      39.2,
      42.01,
      43.42,
      39.2
    ],
    [
      100000.0,
      100000.0,
      100000.0,
      100000.0,
      100000.0,
      100000.0,
      100000.0,
      100000.0,
      100000.0,
      100000.0,
      100000.0,
      100000.0,
      100000.0,
      100000.0,
      100000.0,
      100000.0,
      100000.0,
      100000.0,
      100000.0,
      100000.0,
      100000.0,
      100000.0,
      100000.0,
      100000.0,
      100000.0,
      100000.0,
      100000.0,
      100000.0,
      100000.0,
      100000.0,
      100000.0,
      100000.0,
      100000.0,
      100000.0,
      100000.0,
      100000.0,
      100000.0,
      100000.0,
      100000.0,
      100000.0,
      100000.0,
      100000.0,
      100000.0,
      100000.0,
      100000.0,
      100000.0,
      100000.0,
      100000.0,
      100000.0,
      100000.0,
      100000.0,
      100000.0
    ],
    [
      15.3,
      75.06,
      67.42,
      60.37,
      25.61,
      49.04,
      65.86,
      56.61,
      100000.0,
      87.32,
      69.63,
      100000.0,
      100000.0,
      43.38,
      100000.0,
      27.31,
      20.22,
      100000.0,
      81.15,
      36.06,
      100000.0,
      23.02,
      76.69,
      100000.0,
      100000.0,
      30.89,
      92.28,
      56.32,
      70.46,
      100000.0,
      100000.0,
      100000.0,
      9.43,
      14.32,
      49.03,
      43.57,
      49.24,
      54.63,
      30.08,
      29.15,
      44.01,
      43.57,
      35.44,
      31.58,
      48.04,
      52.15,
      57.28,
      62.23,
      75.89,
      74.09,
      54.04,
      53.76
    ],
    [
      28.84,
      39.4,
      24.76,
      48.38,
      23.02,
      37.54,
      63.79,
      15.65,
      100000.0,
      67.8,
      44.69,
      100000.0,
      43.38,
      100000.0,
      100000.0,
      16.12,
      42.01,
      100000.0,
      48.37,
      59.48,
      100000.0,
      26.0,
      36.12,
      100000.0,
      100000.0,
      36.06,
      49.09,
      30.23,
      32.89,
      100000.0,
      100000.0,
      100000.0,
      51.62,
      55.22,
      56.94,
      51.88,
      32.2,
      35.36,
      31.95,
      36.77,
      74.63,
      69.77,
      29.43,
      26.25,
      47.01,
      48.1,
      59.03,
      63.2,
      33.38,
      31.05,
      61.2,
      58.03
    ],
    [
      100000.0,
      100000.0,
      100000.0,
      100000.0,
      100000.0,
      100000.0,
      100000.0,
      100000.0,
      100000.0,
      100000.0,
      100000.0,
      100000.0,
      100000.0,
      100000.0,
      100000.0,
      100000.0,
      100000.0,
      100000.0,
      100000.0,
      100000.0,
      100000.0,
      100000.0,
      100000.0,
      100000.0,
      100000.0,
      100000.0,
      100000.0,
      100000.0,
      100000.0,
      100000.0,
      100000.0,
      100000.0,
      100000.0,
      100000.0,
      100000.0,
      100000.0,
      100000.0,
      100000.0,
      100000.0,
      100000.0,
      100000.0,
      100000.0,
      100000.0,
      100000.0,
      100000.0,
      100000.0,
      100000.0,
      100000.0,
      100000.0,
      100000.0,
      100000.0,
      100000.0
    ],
    [
      12.81,
      50.64,
      40.61,
      47.8,
      12.73,
      37.64,
      60.01,
      30.41,
      100000.0,
      71.7,
      50.25,
      100000.0,
      27.31,
      16.12,
      100000.0,
      100000.0,
      29.41,
      100000.0,
      58.24,
      46.84,
      100000.0,
      14.42,
      50.25,
      100000.0,
      100000.0,
      26.08,
      65.19,
      35.36,
      45.1,
      100000.0,
      100000.0,
      100000.0,
      35.51,
      39.2,
      50.93,
      45.25,
      34.37,
      39.12,
      22.2,
      26.0,
      60.84,
      56.92,
      22.85,
      18.03,
      43.57,
      46.07,
      53.45,
      58.19,
      48.76,
      46.82,
      53.76,
      51.42
    ],
    [
      24.76,
      79.83,
      62.1,
      73.88,
      19.0,
      31.91,
      82.46,
      50.7,
      100000.0,
      99.57,
      79.16,
      100000.0,
      20.22,
      42.01,
      100000.0,
      29.41,
      100000.0,
      100000.0,
      87.64,
      56.04,
      100000.0,
      16.03,
      78.1,
      100000.0,
      100000.0,
      46.1,
      86.98,
      64.47,
      73.98,
      100000.0,
      100000.0,
      100000.0,
      28.07,
      33.14,
      28.86,
      23.35,
      33.97,
      39.05,
      43.84,
      44.82,
      64.03,
      63.79,
      47.63,
      42.8,
      28.44,
      32.76,
      74.4,
      79.4,
      75.11,
      72.34,
      72.2,
      71.28
    ],
    [
      100000.0,
      100000.0,
      100000.0,
      100000.0,
      100000.0,
      100000.0,
      100000.0,
      100000.0,
      100000.0,
      100000.0,
      100000.0,
      100000.0,
      100000.0,
      100000.0,
      100000.0,
      100000.0,
      100000.0,
      100000.0,
      100000.0,
      100000.0,
      100000.0,
      100000.0,
      100000.0,
      100000.0,
      100000.0,
      100000.0,
      100000.0,
      100000.0,
      100000.0,
      100000.0,
      100000.0,
      100000.0,
      100000.0,
      100000.0,
      100000.0,
      100000.0,
      100000.0,
      100000.0,
      100000.0,
      100000.0,
      100000.0,
      100000.0,
      100000.0,
      100000.0,
      100000.0,
      100000.0,
      100000.0,
      100000.0,
      100000.0,
      100000.0,
      100000.0,
      100000.0
    ],
    [
      66.48,
      10.0,
      47.51,
      34.83,
      69.64,
      84.81,
      50.45,
      51.66,
      100000.0,
      30.02,
      16.4,
      100000.0,
      81.15,
      48.37,
      100000.0,
      58.24,
      87.64,
      100000.0,
      100000.0,
      74.85,
      100000.0,
      72.11,
      21.84,
      100000.0,
      100000.0,
      54.92,
      51.01,
      25.02,
      17.03,
      100000.0,
      100000.0,
      100000.0,
      86.05,
      87.37,
      105.31,
      100.24,
      78.87,
      80.66,
      53.34,
      56.89,
      90.8,
      83.19,
      47.27,
      50.01,
      95.13,
      95.8,
      53.15,
      53.76,
      30.36,
      34.18,
      59.82,
      55.61
    ],
    [
      37.12,
      73.06,
      83.22,
      42.58,
      54.15,
      81.02,
      38.33,
      75.13,
      100000.0,
      68.01,
      59.14,
      100000.0,
      36.06,
      59.48,
      100000.0,
      46.84,
      56.04,
      100000.0,
      74.85,
      100000.0,
      100000.0,
      53.01,
      80.43,
      100000.0,
      100000.0,
      24.21,
      105.0,
      52.15,
      71.61,
      100000.0,
      100000.0,
      100000.0,
      31.06,
      27.66,
      84.9,
      79.31,
      79.4,
      84.59,
      28.02,
      23.02,
      16.4,
      10.3,
      32.56,
      33.84,
      82.61,
      86.37,
      29.61,
      33.53,
      83.45,
      83.49,
      23.41,
      25.5
    ],
    [
      100000.0,
      100000.0,
      100000.0,
      100000.0,
      100000.0,
      100000.0,
      100000.0,
      100000.0,
      100000.0,
      100000.0,
      100000.0,
      100000.0,
      100000.0,
      100000.0,
      100000.0,
      100000.0,
      100000.0,
      100000.0,
      100000.0,
      100000.0,
      100000.0,
      100000.0,
      100000.0,
      100000.0,
      100000.0,
      100000.0,
      100000.0,
      100000.0,
      100000.0,
      100000.0,
      100000.0,
      100000.0,
      100000.0,
      100000.0,
      100000.0,
      100000.0,
      100000.0,
      100000.0,
      100000.0,
      100000.0,
      100000.0,
      100000.0,
      100000.0,
      100000.0,
      100000.0,
      100000.0,
      100000.0,
      100000.0,
      100000.0,
      100000.0,
      100000.0,
      100000.0
    ],
    [
      16.12,
      64.03,
      47.17,
      61.62,
      3.16,
      28.02,
      72.56,
      35.85,
      100000.0,
      86.05,
      64.66,
      100000.0,
      23.02,
      26.0,
      100000.0,
      14.42,
      16.03,
      100000.0,
      72.11,
      53.01,
      100000.0,
      100000.0,
      62.07,
      100000.0,
      100000.0,
      36.77,
      72.24,
      49.74,
      58.05,
      100000.0,
      100000.0,
      100000.0,
      32.45,
      37.22,
      37.01,
      31.24,
      26.93,
      32.28,
      33.54,
      36.06,
      64.54,
      62.29,
      35.81,
      30.81,
      31.02,
      34.21,
      65.31,
      70.21,
      59.21,
      56.57,
      64.51,
      62.77
    ],
    [
      61.39,
      13.0,
      26.91,
      47.85,
      59.14,
      68.43,
      65.39,
      33.62,
      100000.0,
      51.24,
      31.78,
      100000.0,
      76.69,
      36.12,
      100000.0,
      50.25,
      78.1,
      100000.0,
      21.84,
      80.43,
      100000.0,
      62.07,
      100000.0,
      100000.0,
      100000.0,
      57.14,
      30.41,
      29.07,
      9.43,
      100000.0,
      100000.0,
      100000.0,
      83.52,
      86.03,
      90.82,
      86.33,
      62.18,
      62.97,
      54.2,
      58.83,
      96.83,
      90.03,
      48.55,
      49.19,
      79.71,
      79.61,
      65.51,
      67.54,
      8.54,
      12.53,
      71.03,
      66.85
    ],
    [
      100000.0,
      100000.0,
      100000.0,
      100000.0,
      100000.0,
      100000.0,
      100000.0,
      100000.0,
      100000.0,
      100000.0,
      100000.0,
      100000.0,
      100000.0,
      100000.0,
      100000.0,
      100000.0,
      100000.0,
      100000.0,
      100000.0,
      100000.0,
      100000.0,
      100000.0,
      100000.0,
      100000.0,
      100000.0,
      100000.0,
      100000.0,
      100000.0,
      100000.0,
      100000.0,
      100000.0,
      100000.0,
      100000.0,
      100000.0,
      100000.0,
      100000.0,
      100000.0,
      100000.0,
      100000.0,
      100000.0,
      100000.0,
      100000.0,
      100000.0,
      100000.0,
      100000.0,
      100000.0,
      100000.0,
      100000.0,
      100000.0,
      100000.0,
      100000.0,
      100000.0
    ],
    [
      100000.0,
      100000.0,
      100000.0,
      100000.0,
      100000.0,
      100000.0,
      100000.0,
      100000.0,
      100000.0,
      100000.0,
      100000.0,
      100000.0,
      100000.0,
      100000.0,
      100000.0,
      100000.0,
      100000.0,
      100000.0,
      100000.0,
      100000.0,
      100000.0,
      100000.0,
      100000.0,
      100000.0,
      100000.0,
      100000.0,
      100000.0,
      100000.0,
      100000.0,
      100000.0,
      100000.0,
      100000.0,
      100000.0,
      100000.0,
      100000.0,
      100000.0,
      100000.0,
      100000.0,
      100000.0,
      100000.0,
      100000.0,
      100000.0,
      100000.0,
      100000.0,
      100000.0,
      100000.0,
      100000.0,
      100000.0,
      100000.0,
      100000.0,
      100000.0,
      100000.0
    ],
    [
      21.63,
      51.26,
      59.17,
      29.55,
      36.69,
      63.35,
      36.4,
      51.62,
      100000.0,
      56.65,
      41.0,
      100000.0,
      30.89,
      36.06,
      100000.0,
      26.08,
      46.1,
      100000.0,
      54.92,
      24.21,
      100000.0,
      36.77,
      57.14,
      100000.0,
      100000.0,
      100000.0,
      80.81,
      30.36,
      48.76,
      100000.0,
      100000.0,
      100000.0,
      32.76,
      33.06,
      73.06,
      67.23,
      60.41,
      65.19,
      4.12,
      2.0,
      40.31,
      34.41,
      8.6,
      9.85,
      67.78,
      70.84,
      28.65,
      33.62,
      59.55,
      59.4,
      27.89,
      26.0
    ],
    [
      77.94,
      43.29,
      25.08,
      77.49,
      69.08,
      66.01,
      95.19,
      36.4,
      100000.0,
      81.0,
      62.17,
      100000.0,
      92.28,
      49.09,
      100000.0,
      65.19,
      86.98,
      100000.0,
      51.01,
      105.0,
      100000.0,
      72.24,
      30.41,
      100000.0,
      100000.0,
      80.81,
      100000.0,
      57.27,
      39.29,
      100000.0,
      100000.0,
      100000.0,
      100.7,
      104.29,
      90.02,
      87.05,
      60.01,
      58.14,
      77.16,
      82.13,
      121.08,
      115.11,
      72.47,
      71.45,
      78.03,
      76.24,
      94.43,
      96.93,
      23.41,
      21.95,
      99.3,
      95.26
    ],
    [
      41.98,
      21.02,
      42.01,
      21.1,
      47.71,
      67.62,
      38.64,
      40.26,
      100000.0,
      37.64,
      15.0,
      100000.0,
      56.32,
      30.23,
      100000.0,
      35.36,
      64.47,
      100000.0,
      25.02,
      52.15,
      100000.0,
      49.74,
      29.07,
      100000.0,
      100000.0,
      30.36,
      57.27,
      100000.0,
      19.8,
      100000.0,
      100000.0,
      100000.0,
      61.03,
      62.39,
      85.28,
      79.81,
      62.43,
      65.51,
      28.44,
      32.28,
      68.51,
      61.4,
      22.36,
      25.0,
      76.37,
      77.9,
      37.16,
      39.85,
      34.0,
      35.47,
      42.19,
      38.08
    ],
    [
      55.23,
      7.07,
      30.87,
      38.48,
      55.32,
      68.24,
      56.08,
      34.66,
      100000.0,
      44.15,
      23.09,
      100000.0,
      70.46,
      32.89,
      100000.0,
      45.1,
      73.98,
      100000.0,
      17.03,
      71.61,
      100000.0,
      58.05,
      9.43,
      100000.0,
      100000.0,
      48.76,
      39.29,
      19.8,
      100000.0,
      100000.0,
      100000.0,
      100000.0,
      76.69,
      78.85,
      89.44,
      84.58,
      62.2,
      63.78,
      46.1,
      50.54,
      88.01,
      81.06,
      40.25,
      41.44,
      78.89,
      79.32,
      56.08,
      58.14,
      16.12,
      19.03,
      61.61,
      57.43
    ],
    [
      100000.0,
      100000.0,
      100000.0,
      100000.0,
      100000.0,
      100000.0,
      100000.0,
      100000.0,
      100000.0,
      100000.0,
      100000.0,
      100000.0,
      100000.0,
      100000.0,
      100000.0,
      100000.0,
      100000.0,
      100000.0,
      100000.0,
      100000.0,
      100000.0,
      100000.0,
      100000.0,
      100000.0,
      100000.0,
      100000.0,
      100000.0,
      100000.0,
      100000.0,
      100000.0,
      100000.0,
      100000.0,
      100000.0,
      100000.0,
      100000.0,
      100000.0,
      100000.0,
      100000.0,
      100000.0,
      100000.0,
      100000.0,
      100000.0,
      100000.0,
      100000.0,
      100000.0,
      100000.0,
      100000.0,
      100000.0,
      100000.0,
      100000.0,
      100000.0,
      100000.0
    ],
    [
      100000.0,
      100000.0,
      100000.0,
      100000.0,
      100000.0,
      100000.0,
      100000.0,
      100000.0,
      100000.0,
      100000.0,
      100000.0,
      100000.0,
      100000.0,
      100000.0,
      100000.0,
      100000.0,
      100000.0,
      100000.0,
      100000.0,
      100000.0,
      100000.0,
      100000.0,
      100000.0,
      100000.0,
      100000.0,
      100000.0,
      100000.0,
      100000.0,
      100000.0,
      100000.0,
      100000.0,
      100000.0,
      100000.0,
      100000.0,
      100000.0,
      100000.0,
      100000.0,
      100000.0,
      100000.0,
      100000.0,
      100000.0,
      100000.0,
      100000.0,
      100000.0,
      100000.0,
      100000.0,
      100000.0,
      100000.0,
      100000.0,
      100000.0,
      100000.0,
      100000.0
    ],
    [
      100000.0,
      100000.0,
      100000.0,
      100000.0,
      100000.0,
      100000.0,
      100000.0,
      100000.0,
      100000.0,
      100000.0,
      100000.0,
      100000.0,
      100000.0,
      100000.0,
      100000.0,
      100000.0,
      100000.0,
      100000.0,
      100000.0,
      100000.0,
      100000.0,
      100000.0,
      100000.0,
      100000.0,
      100000.0,
      100000.0,
      100000.0,
      100000.0,
      100000.0,
      100000.0,
      100000.0,
      100000.0,
      100000.0,
      100000.0,
      100000.0,
      100000.0,
      100000.0,
      100000.0,
      100000.0,
      100000.0,
      100000.0,
      100000.0,
      100000.0,
      100000.0,
      100000.0,
      100000.0,
      100000.0,
      100000.0,
      100000.0,
      100000.0,
      100000.0,
      100000.0
    ],
    [
      22.83,
      80.75,
      76.03,
      61.98,
      35.0,
      58.19,
      64.9,
      65.44,
      100000.0,
      89.19,
      73.33,
      100000.0,
      9.43,
      51.62,
      100000.0,
      35.51,
      28.07,
      100000.0,
      86.05,
      31.06,
      100000.0,
      32.45,
      83.52,
      100000.0,
      100000.0,
      32.76,
      100.7,
      61.03,
      76.69,
      100000.0,
      100000.0,
      100000.0,
      100000.0,
      5.1,
      56.22,
      51.04,
      58.6,
      63.98,
      33.14,
      30.81,
      36.22,
      37.0,
      39.05,
      36.06,
      56.44,
      60.67,
      56.04,
      60.8,
      83.38,
      81.86,
      51.74,
      52.2
    ],
    [
      26.4,
      82.57,
      79.81,
      61.61,
      39.66,
      63.25,
      63.13,
      69.43,
      100000.0,
      88.77,
      74.03,
      100000.0,
      14.32,
      55.22,
      100000.0,
      39.2,
      33.14,
      100000.0,
      87.37,
      27.66,
      100000.0,
      37.22,
      86.03,
      100000.0,
      100000.0,
      33.06,
      104.29,
      62.39,
      78.85,
      100000.0,
      100000.0,
      100000.0,
      5.1,
      100000.0,
      61.13,
      56.01,
      63.56,
      68.94,
      34.06,
      31.06,
      31.4,
      32.7,
      40.11,
      37.66,
      61.52,
      65.76,
      54.2,
      58.83,
      86.33,
      85.0,
      49.41,
      50.25
    ],
    [
      51.48,
      96.18,
      68.07,
      98.6,
      38.21,
      24.02,
      109.29,
      57.97,
      100000.0,
      122.43,
      100.26,
      100000.0,
      49.03,
      56.94,
      100000.0,
      50.93,
      28.86,
      100000.0,
      105.31,
      84.9,
      100000.0,
      37.01,
      90.82,
      100000.0,
      100000.0,
      73.06,
      90.02,
      85.28,
      89.44,
      100000.0,
      100000.0,
      100000.0,
      56.22,
      61.13,
      100000.0,
      5.83,
      30.15,
      32.06,
      70.18,
      72.07,
      92.44,
      92.57,
      72.8,
      67.8,
      12.0,
      14.56,
      101.71,
      106.68,
      85.44,
      81.74,
      100.18,
      98.88
    ],
    [
      45.65,
      91.24,
      64.38,
      92.85,
      32.53,
      21.38,
      103.46,
      53.94,
      100000.0,
      116.85,
      94.81,
      100000.0,
      43.57,
      51.88,
      100000.0,
      45.25,
      23.35,
      100000.0,
      100.24,
      79.31,
      100000.0,
      31.24,
      86.33,
      100000.0,
      100000.0,
      67.23,
      87.05,
      79.81,
      84.58,
      100000.0,
      100000.0,
      100000.0,
      51.04,
      56.01,
      5.83,
      100000.0,
      27.07,
      29.83,
      64.35,
      66.24,
      87.21,
      87.13,
      67.01,
      62.01,
      10.3,
      14.21,
      95.88,
      100.85,
      81.25,
      77.67,
      94.37,
      93.06
    ],
    [
      42.3,
      69.2,
      38.08,
      79.62,
      25.32,
      6.32,
      93.61,
      28.64,
      100000.0,
      100.0,
      76.84,
      100000.0,
      49.24,
      32.2,
      100000.0,
      34.37,
      33.97,
      100000.0,
      78.87,
      79.4,
      100000.0,
      26.93,
      62.18,
      100000.0,
      100000.0,
      60.41,
      60.01,
      62.43,
      62.2,
      100000.0,
      100000.0,
      100000.0,
      58.6,
      63.56,
      30.15,
      27.07,
      100000.0,
      5.39,
      56.57,
      60.21,
      91.44,
      88.96,
      56.75,
      52.17,
      18.25,
      17.46,
      87.56,
      92.18,
      56.08,
      52.2,
      88.12,
      85.7
    ],
    [
      47.52,
      70.84,
      37.7,
      83.38,
      30.59,
      8.54,
      97.8,
      29.41,
      100000.0,
      102.9,
      79.63,
      100000.0,
      54.63,
      35.36,
      100000.0,
      39.12,
      39.05,
      100000.0,
      80.66,
      84.59,
      100000.0,
      32.28,
      62.97,
      100000.0,
      100000.0,
      65.19,
      58.14,
      65.51,
      63.78,
      100000.0,
      100000.0,
      100000.0,
      63.98,
      68.94,
      32.06,
      29.83,
      5.39,
      100000.0,
      61.29,
      65.07,
      96.77,
      94.2,
      61.19,
      56.72,
      20.1,
      18.11,
      91.98,
      96.54,
      56.36,
      52.33,
      92.78,
      90.26
    ],
    [
      19.1,
      49.04,
      55.23,
      30.53,
      33.24,
      59.67,
      39.12,
      47.54,
      100000.0,
      57.27,
      40.2,
      100000.0,
      30.08,
      31.95,
      100000.0,
      22.2,
      43.84,
      100000.0,
      53.34,
      28.02,
      100000.0,
      33.54,
      54.2,
      100000.0,
      100000.0,
      4.12,
      77.16,
      28.44,
      46.1,
      100000.0,
      100000.0,
      100000.0,
      33.14,
      34.06,
      70.18,
      64.35,
      56.57,
      61.29,
      100000.0,
      5.0,
      43.93,
      38.28,
      6.08,
      5.83,
      64.47,
      67.42,
      31.78,
      36.67,
      56.22,
      55.9,
      31.58,
      29.41
    ],
    [
      20.59,
      53.14,
      60.21,
      31.38,
      36.14,
      62.97,
      37.64,
      52.39,
      100000.0,
      58.52,
      43.0,
      100000.0,
      29.15,
      36.77,
      100000.0,
      26.0,
      44.82,
      100000.0,
      56.89,
      23.02,
      100000.0,
      36.06,
      58.83,
      100000.0,
      100000.0,
      2.0,
      82.13,
      32.28,
      50.54,
      100000.0,
      100000.0,
      100000.0,
      30.81,
      31.06,
      72.07,
      66.24,
      60.21,
      65.07,
      5.0,
      100000.0,
      38.95,
      33.29,
      10.3,
      10.82,
      67.07,
      70.21,
      29.68,
      34.67,
      61.07,
      60.83,
      28.46,
      26.83
    ],
    [
      49.65,
      89.36,
      98.81,
      57.57,
      66.22,
      92.23,
      50.0,
      90.21,
      100000.0,
      81.5,
      74.85,
      100000.0,
      44.01,
      74.63,
      100000.0,
      60.84,
      64.03,
      100000.0,
      90.8,
      16.4,
      100000.0,
      64.54,
      96.83,
      100000.0,
      100000.0,
      40.31,
      121.08,
      68.51,
      88.01,
      100000.0,
      100000.0,
      100000.0,
      36.22,
      31.4,
      92.44,
      87.21,
      91.44,
      96.77,
      43.93,
      38.95,
      100000.0,
      8.06,
      48.8,
      49.68,
      92.05,
      96.13,
      42.19,
      45.0,
      99.76,
      99.7,
      35.06,
      38.33
    ],
    [
      46.69,
      82.1,
      93.49,
      49.65,
      63.64,
      90.27,
      42.01,
      85.42,
      100000.0,
      73.44,
      67.12,
      100000.0,
      43.57,
      69.77,
      100000.0,
      56.92,
      63.79,
      100000.0,
      83.19,
      10.3,
      100000.0,
      62.29,
      90.03,
      100000.0,
      100000.0,
      34.41,
      115.11,
      61.4,
      81.06,
      100000.0,
      100000.0,
      100000.0,
      37.0,
      32.7,
      92.57,
      87.13,
      88.96,
      94.2,
      38.28,
      33.29,
      8.06,
      100000.0,
      42.64,
      44.1,
      91.14,
      95.05,
      34.13,
      37.01,
      93.35,
      93.51,
      27.02,
      30.27
    ],
    [
      23.02,
      43.01,
      51.43,
      26.25,
      34.99,
      60.41,
      37.16,
      44.64,
      100000.0,
      52.35,
      34.37,
      100000.0,
      35.44,
      29.43,
      100000.0,
      22.85,
      47.63,
      100000.0,
      47.27,
      32.56,
      100000.0,
      35.81,
      48.55,
      100000.0,
      100000.0,
      8.6,
      72.47,
      22.36,
      40.25,
      100000.0,
      100000.0,
      100000.0,
      39.05,
      40.11,
      72.8,
      67.01,
      56.75,
      61.19,
      6.08,
      10.3,
      48.8,
      42.64,
      100000.0,
      5.0,
      66.24,
      68.88,
      30.81,
      35.44,
      50.99,
      50.93,
      32.0,
      29.15
    ],
    [
      18.36,
      44.91,
      49.4,
      31.14,
      30.02,
      55.66,
      42.05,
      41.79,
      100000.0,
      56.94,
      38.08,
      100000.0,
      31.58,
      26.25,
      100000.0,
      18.03,
      42.8,
      100000.0,
      50.01,
      33.84,
      100000.0,
      30.81,
      49.19,
      100000.0,
      100000.0,
      9.85,
      71.45,
      25.0,
      41.44,
      100000.0,
      100000.0,
      100000.0,
      36.06,
      37.66,
      67.8,
      62.01,
      52.17,
      56.72,
      5.83,
      10.82,
      49.68,
      44.1,
      5.0,
      100000.0,
      61.29,
      63.98,
      35.44,
      40.16,
      50.8,
      50.33,
      36.12,
      33.54
    ],
    [
      46.84,
      85.76,
      56.29,
      91.26,
      31.3,
      12.04,
      103.31,
      46.49,
      100000.0,
      113.9,
      91.24,
      100000.0,
      48.04,
      47.01,
      100000.0,
      43.57,
      28.44,
      100000.0,
      95.13,
      82.61,
      100000.0,
      31.02,
      79.71,
      100000.0,
      100000.0,
      67.78,
      78.03,
      76.37,
      78.89,
      100000.0,
      100000.0,
      100000.0,
      56.44,
      61.52,
      12.0,
      10.3,
      18.25,
      20.1,
      64.47,
      67.07,
      92.05,
      91.14,
      66.24,
      61.29,
      100000.0,
      4.47,
      96.25,
      101.13,
      74.0,
      70.21,
      95.52,
      93.78
    ],
    [
      50.22,
      86.27,
      55.36,
      93.49,
      34.18,
      11.18,
      106.02,
      46.1,
      100000.0,
      115.52,
      92.66,
      100000.0,
      52.15,
      48.1,
      100000.0,
      46.07,
      32.76,
      100000.0,
      95.8,
      86.37,
      100000.0,
      34.21,
      79.61,
      100000.0,
      100000.0,
      70.84,
      76.24,
      77.9,
      79.32,
      100000.0,
      100000.0,
      100000.0,
      60.67,
      65.76,
      14.56,
      14.21,
      17.46,
      18.11,
      67.42,
      70.21,
      96.13,
      95.05,
      68.88,
      63.98,
      4.47,
      100000.0,
      99.16,
      104.0,
      73.54,
      69.64,
      98.67,
      96.8
    ],
    [
      50.25,
      54.82,
      77.67,
      18.38,
      65.0,
      91.09,
      8.94,
      73.17,
      100000.0,
      39.32,
      36.8,
      100000.0,
      57.28,
      59.03,
      100000.0,
      53.45,
      74.4,
      100000.0,
      53.15,
      29.61,
      100000.0,
      65.31,
      65.51,
      100000.0,
      100000.0,
      28.65,
      94.43,
      37.16,
      56.08,
      100000.0,
      100000.0,
      100000.0,
      56.04,
      54.2,
      101.71,
      95.88,
      87.56,
      91.98,
      31.78,
      29.68,
      42.19,
      34.13,
      30.81,
      35.44,
      96.25,
      99.16,
      100000.0,
      5.0,
      71.11,
      72.62,
      7.28,
      4.12
    ],
    [
      55.23,
      56.3,
      81.05,
      19.72,
      69.86,
      95.82,
      5.0,
      77.03,
      100000.0,
      37.11,
      37.64,
      100000.0,
      62.23,
      63.2,
      100000.0,
      58.19,
      79.4,
      100000.0,
      53.76,
      33.53,
      100000.0,
      70.21,
      67.54,
      100000.0,
      100000.0,
      33.62,
      96.93,
      39.85,
      58.14,
      100000.0,
      100000.0,
      100000.0,
      60.8,
      58.83,
      106.68,
      100.85,
      92.18,
      96.54,
      36.67,
      34.67,
      45.0,
      37.01,
      35.44,
      40.16,
      101.13,
      104.0,
      5.0,
      100000.0,
      73.54,
      75.27,
      10.2,
      8.6
    ],
    [
      60.75,
      21.21,
      19.21,
      54.08,
      56.14,
      62.39,
      71.78,
      27.51,
      100000.0,
      59.54,
      39.2,
      100000.0,
      75.89,
      33.38,
      100000.0,
      48.76,
      75.11,
      100000.0,
      30.36,
      83.45,
      100000.0,
      59.21,
      8.54,
      100000.0,
      100000.0,
      59.55,
      23.41,
      34.0,
      16.12,
      100000.0,
      100000.0,
      100000.0,
      83.38,
      86.33,
      85.44,
      81.25,
      56.08,
      56.36,
      56.22,
      61.07,
      99.76,
      93.35,
      50.99,
      50.8,
      74.0,
      73.54,
      71.11,
      73.54,
