{
  "name": "M-d2-n9-k1-p2",
  "V_coordinates": [
    [
      73,
      50
    ],
    [
      13,
      50
    ],
    [
      62,
      65
    ],
    [
      94,
      62
    ],
    [
      8,
      88
    ],
    [
      8,
      7
    ],
    [
      31,
      17
    ],
    [
      20,
      68
    ],
    [
      18,
      45
    ],
    [
      32,
      59
    ],
    [
      34,
      80
    ],
    [
      97,
      8
    ],
    [
      74,
      6
    ],
    [
      39,
      97
    ],
    [
      54,
      60
    ],
    [
      88,
      53
    ],
    [
      82,
      5
    ],
    [
      13,
      37
    ],
    [
      53,
      92
    ],
    [
      67,
      8
    ],
    [
      56,
      94
    ],
    [
      53,
      90
    ],
    [
      32,
      54
    ],
    [
      35,
      58
    ],
    [
      81,
      10
    ],
    [
      77,
      5
    ],
    [
      68,
      4
    ],
    [
      70,
      10
    ],
    [
      42,
      96
    ],
    [
      37,
      97
    ],
    [
      93,
      6
    ],
    [
      93,
      10
    ]
  ],
  "V": [
    0,
    1,
    2,
    3,
    4,
    5,
    6,
    7,
    8,
    9,
    10,
    11,
    12,
    13,
    14,
    15,
    16,
    17,
    18,
    19,
    20,
    21,
    22,
    23,
    24,
    25,
    26,
    27,
    28,
    29,
    30,
    31
  ],
  "VD": [
    0,
    1
  ],
  "VC": [
    2,
    3,
    4,
    5,
    6,
    7,
    8,
    9,
    10,
    11,
    12,
    13,
    14,
    15,
    16,
    17,
    18,
    19
  ],
  "VP": [
    20,
    21,
    22,
    23,
    24,
    25,
    26,
    27,
    28,
    29,
    30,
    31
  ],
  "VC1": [
    2,
    3,
    4,
    5,
    6,
    7,
    8,
    10,
    12,
    14,
    15,
    17
  ],
  "VC2": [
    18,
    9,
    16,
    19,
    13,
    11
  ],
  "demand": [
    0,
    0,
    23,
    21,
    10,
    27,
    27,
    29,
    29,
    20,
    24,
    29,
    10,
    17,
    30,
    15,
    27,
    28,
    15,
    12,
    0,
    0,
    0,
    0,
    0,
    0,
    0,
    0,
    0,
    0,
    0,
    0
  ],
  "service_time": [
    0,
    0,
    18,
    14,
    10,
    20,
    11,
    11,
    10,
    17,
    10,
    14,
    13,
    14,
    11,
    19,
    12,
    15,
    14,
    11,
    0,
    0,
    0,
    0,
    0,
    0,
    0,
    0,
    0,
    0,
    0,
    0
  ],
  "K": [
    0,
    1
  ],
  "veh_dist_matrix": [
    [
      100000.0,
      60.0,
      18.6,
      24.19,
      75.29,
      77.94,
      53.41,
      55.97,
      55.23,
      100000.0,
      49.2,
      100000.0,
      44.01,
      100000.0,
      21.47,
      15.3,
      100000.0,
      61.39,
      100000.0,
      100000.0,
      47.17,
      44.72,
      41.19,
      38.83,
      40.79,
      45.18,
      46.27,
      40.11,
      55.47,
      59.2,
      48.33,
      44.72
    ],
    [
      60.0,
      100000.0,
      51.24,
      81.88,
      38.33,
      43.29,
      37.59,
      19.31,
      7.07,
      100000.0,
      36.62,
      100000.0,
      75.21,
      100000.0,
      42.2,
      75.06,
      100000.0,
      13.0,
      100000.0,
      100000.0,
      61.52,
      56.57,
      19.42,
      23.41,
      78.89,
      78.24,
      71.7,
      69.63,
      54.38,
      52.77,
      91.3,
      89.44
    ],
    [
      18.6,
      51.24,
      100000.0,
      32.14,
      58.69,
      79.25,
      57.14,
      42.11,
      48.33,
      100000.0,
      31.76,
      100000.0,
      60.21,
      100000.0,
      9.43,
      28.64,
      100000.0,
      56.44,
      100000.0,
      100000.0,
      29.61,
      26.57,
      31.95,
      27.89,
      58.19,
      61.85,
      61.29,
      55.58,
      36.89,
      40.61,
      66.65,
      63.13
    ],
    [
      24.19,
      81.88,
      32.14,
      100000.0,
      89.84,
      102.08,
      77.42,
      74.24,
      77.88,
      100000.0,
      62.64,
      100000.0,
      59.46,
      100000.0,
      40.05,
      10.82,
      100000.0,
      84.77,
      100000.0,
      100000.0,
      49.68,
      49.65,
      62.51,
      59.14,
      53.6,
      59.48,
      63.56,
      57.27,
      62.13,
      66.89,
      56.01,
      52.01
    ],
    [
      75.29,
      38.33,
      58.69,
      89.84,
      100000.0,
      81.0,
      74.63,
      23.32,
      44.15,
      100000.0,
      27.2,
      100000.0,
      105.26,
      100000.0,
      53.85,
      87.32,
      100000.0,
      51.24,
      100000.0,
      100000.0,
      48.37,
      45.04,
      41.62,
      40.36,
      106.83,
      107.94,
      103.23,
      99.64,
      34.93,
      30.36,
      118.11,
      115.36
    ],
    [
      77.94,
      43.29,
      79.25,
      102.08,
      81.0,
      100000.0,
      25.08,
      62.17,
      39.29,
      100000.0,
      77.49,
      100000.0,
      66.01,
      100000.0,
      70.18,
      92.28,
      100000.0,
      30.41,
      100000.0,
      100000.0,
      99.36,
      94.41,
      52.77,
      57.71,
      73.06,
      69.03,
      60.07,
      62.07,
      95.27,
      94.56,
      85.01,
      85.05
    ],
    [
      53.41,
      37.59,
      57.14,
      77.42,
      74.63,
      25.08,
      100000.0,
      52.17,
      30.87,
      100000.0,
      63.07,
      100000.0,
      44.38,
      100000.0,
      48.76,
      67.42,
      100000.0,
      26.91,
      100000.0,
      100000.0,
      80.96,
      76.24,
      37.01,
      41.19,
      50.49,
      47.54,
      39.22,
      39.62,
      79.76,
      80.22,
      62.97,
      62.39
    ],
    [
      55.97,
      19.31,
      42.11,
      74.24,
      23.32,
      62.17,
      52.17,
      100000.0,
      23.09,
      100000.0,
      18.44,
      100000.0,
      82.22,
      100000.0,
      34.93,
      69.63,
      100000.0,
      31.78,
      100000.0,
      100000.0,
      44.41,
      39.66,
      18.44,
      18.03,
      84.17,
      84.96,
      80.0,
      76.58,
      35.61,
      33.62,
      95.78,
      93.24
    ],
    [
      55.23,
      7.07,
      48.33,
      77.88,
      44.15,
      39.29,
      30.87,
      23.09,
      100000.0,
      100000.0,
      38.48,
      100000.0,
      68.24,
      100000.0,
      39.0,
      70.46,
      100000.0,
      9.43,
      100000.0,
      100000.0,
      62.01,
      57.01,
      16.64,
      21.4,
      72.07,
      71.28,
      64.66,
      62.68,
      56.36,
      55.36,
      84.53,
      82.76
    ],
    [
      100000.0,
      100000.0,
      100000.0,
      100000.0,
      100000.0,
      100000.0,
      100000.0,
      100000.0,
      100000.0,
      100000.0,
      100000.0,
      100000.0,
      100000.0,
      100000.0,
      100000.0,
      100000.0,
      100000.0,
      100000.0,
      100000.0,
      100000.0,
      100000.0,
      100000.0,
      100000.0,
      100000.0,
      100000.0,
      100000.0,
      100000.0,
      100000.0,
      100000.0,
      100000.0,
      100000.0,
      100000.0
    ],
    [
      49.2,
      36.62,
      31.76,
      62.64,
      27.2,
      77.49,
      63.07,
      18.44,
      38.48,
      100000.0,
      100000.0,
      100000.0,
      84.12,
      100000.0,
      28.28,
      60.37,
      100000.0,
      47.85,
      100000.0,
      100000.0,
      26.08,
      21.47,
      26.08,
      22.02,
      84.31,
      86.45,
      83.26,
      78.71,
      17.89,
      17.26,
      94.64,
      91.55
    ],
    [
      100000.0,
      100000.0,
      100000.0,
      100000.0,
      100000.0,
      100000.0,
      100000.0,
      100000.0,
      100000.0,
      100000.0,
      100000.0,
      100000.0,
      100000.0,
      100000.0,
      100000.0,
      100000.0,
      100000.0,
      100000.0,
      100000.0,
      100000.0,
      100000.0,
      100000.0,
      100000.0,
      100000.0,
      100000.0,
      100000.0,
      100000.0,
      100000.0,
      100000.0,
      100000.0,
      100000.0,
      100000.0
    ],
    [
      44.01,
      75.21,
      60.21,
      59.46,
      105.26,
      66.01,
      44.38,
      82.22,
      68.24,
      100000.0,
      84.12,
      100000.0,
      100000.0,
      100000.0,
      57.58,
      49.04,
      100000.0,
      68.43,
      100000.0,
      100000.0,
      89.82,
      86.59,
      63.78,
      65.0,
      8.06,
      3.16,
      6.32,
      5.66,
      95.52,
      98.23,
      19.0,
      19.42
    ],
    [
      100000.0,
      100000.0,
      100000.0,
      100000.0,
      100000.0,
      100000.0,
      100000.0,
      100000.0,
      100000.0,
      100000.0,
      100000.0,
      100000.0,
      100000.0,
      100000.0,
      100000.0,
      100000.0,
      100000.0,
      100000.0,
      100000.0,
      100000.0,
      100000.0,
      100000.0,
      100000.0,
      100000.0,
      100000.0,
      100000.0,
      100000.0,
      100000.0,
      100000.0,
      100000.0,
      100000.0,
      100000.0
    ],
    [
      21.47,
      42.2,
      9.43,
      40.05,
      53.85,
      70.18,
      48.76,
      34.93,
      39.0,
      100000.0,
      28.28,
      100000.0,
      57.58,
      100000.0,
      100000.0,
      34.71,
      100000.0,
      47.01,
      100000.0,
      100000.0,
      34.06,
      30.02,
      22.8,
      19.1,
      56.82,
      59.62,
      57.72,
      52.5,
      37.95,
      40.72,
      66.61,
      63.41
    ],
    [
      15.3,
      75.06,
      28.64,
      10.82,
      87.32,
      92.28,
      67.42,
      69.63,
      70.46,
      100000.0,
      60.37,
      100000.0,
      49.04,
      100000.0,
      34.71,
      100000.0,
      100000.0,
      76.69,
      100000.0,
      100000.0,
      52.01,
      50.93,
      56.01,
      53.24,
      43.57,
      49.24,
      52.92,
      46.62,
      62.97,
      67.36,
      47.27,
      43.29
    ],
    [
      100000.0,
      100000.0,
      100000.0,
      100000.0,
      100000.0,
      100000.0,
      100000.0,
      100000.0,
      100000.0,
      100000.0,
      100000.0,
      100000.0,
      100000.0,
      100000.0,
      100000.0,
      100000.0,
      100000.0,
      100000.0,
      100000.0,
      100000.0,
      100000.0,
      100000.0,
      100000.0,
      100000.0,
      100000.0,
      100000.0,
      100000.0,
      100000.0,
      100000.0,
      100000.0,
      100000.0,
      100000.0
    ],
    [
      61.39,
      13.0,
      56.44,
      84.77,
      51.24,
      30.41,
      26.91,
      31.78,
      9.43,
      100000.0,
      47.85,
      100000.0,
      68.43,
      100000.0,
      47.01,
      76.69,
      100000.0,
      100000.0,
      100000.0,
      100000.0,
      71.4,
      66.4,
      25.5,
      30.41,
      73.16,
      71.55,
      64.14,
      63.07,
      65.74,
      64.62,
      85.8,
      84.43
    ],
    [
      100000.0,
      100000.0,
      100000.0,
      100000.0,
      100000.0,
      100000.0,
      100000.0,
      100000.0,
      100000.0,
      100000.0,
      100000.0,
      100000.0,
      100000.0,
      100000.0,
      100000.0,
      100000.0,
      100000.0,
      100000.0,
      100000.0,
      100000.0,
      100000.0,
      100000.0,
      100000.0,
      100000.0,
      100000.0,
      100000.0,
      100000.0,
      100000.0,
      100000.0,
      100000.0,
      100000.0,
      100000.0
    ],
    [
      100000.0,
      100000.0,
      100000.0,
      100000.0,
      100000.0,
      100000.0,
      100000.0,
      100000.0,
      100000.0,
      100000.0,
      100000.0,
      100000.0,
      100000.0,
      100000.0,
      100000.0,
      100000.0,
      100000.0,
      100000.0,
      100000.0,
      100000.0,
      100000.0,
      100000.0,
      100000.0,
      100000.0,
      100000.0,
      100000.0,
      100000.0,
      100000.0,
      100000.0,
      100000.0,
      100000.0,
      100000.0
    ],
    [
      47.17,
      61.52,
      29.61,
      49.68,
      48.37,
      99.36,
      80.96,
      44.41,
      62.01,
      100000.0,
      26.08,
      100000.0,
      89.82,
      100000.0,
      34.06,
      52.01,
      100000.0,
      71.4,
      100000.0,
      100000.0,
      100000.0,
      5.0,
      46.65,
      41.68,
      87.64,
      91.44,
      90.8,
      85.16,
      14.14,
      19.24,
      95.46,
      91.79
    ],
    [
      44.72,
      56.57,
      26.57,
      49.65,
      45.04,
      94.41,
      76.24,
      39.66,
      57.01,
      100000.0,
      21.47,
      100000.0,
      86.59,
      100000.0,
      30.02,
      50.93,
      100000.0,
      66.4,
      100000.0,
      100000.0,
      5.0,
      100000.0,
      41.68,
      36.72,
      84.76,
      88.32,
      87.3,
      81.79,
      12.53,
      17.46,
      93.04,
      89.44
    ],
    [
      41.19,
      19.42,
      31.95,
      62.51,
      41.62,
      52.77,
      37.01,
      18.44,
      16.64,
      100000.0,
      26.08,
      100000.0,
      63.78,
      100000.0,
      22.8,
      56.01,
      100000.0,
      25.5,
      100000.0,
      100000.0,
      46.65,
      41.68,
      100000.0,
      5.0,
      65.86,
      66.53,
      61.61,
      58.14,
      43.17,
      43.29,
      77.62,
      75.21
    ],
    [
      38.83,
      23.41,
      27.89,
      59.14,
      40.36,
      57.71,
      41.19,
      18.03,
      21.4,
      100000.0,
      22.02,
      100000.0,
      65.0,
      100000.0,
      19.1,
      53.24,
      100000.0,
      30.41,
      100000.0,
      100000.0,
      41.68,
      36.72,
      5.0,
      100000.0,
      66.48,
      67.62,
      63.29,
      59.41,
      38.64,
      39.05,
      77.9,
      75.29
    ],
    [
      40.79,
      78.89,
      58.19,
      53.6,
      106.83,
      73.06,
      50.49,
      84.17,
      72.07,
      100000.0,
      84.31,
      100000.0,
      8.06,
      100000.0,
      56.82,
      43.57,
      100000.0,
      73.16,
      100000.0,
      100000.0,
      87.64,
      84.76,
      65.86,
      66.48,
      100000.0,
      6.4,
      14.32,
      11.0,
      94.43,
      97.49,
      12.65,
      12.0
    ],
    [
      45.18,
      78.24,
      61.85,
      59.48,
      107.94,
      69.03,
      47.54,
      84.96,
      71.28,
      100000.0,
      86.45,
      100000.0,
      3.16,
      100000.0,
      59.62,
      49.24,
      100000.0,
      71.55,
      100000.0,
      100000.0,
      91.44,
      88.32,
      66.53,
      67.62,
      6.4,
      100000.0,
      9.06,
      8.6,
      97.5,
      100.32,
      16.03,
      16.76
    ],
    [
      46.27,
      71.7,
      61.29,
      63.56,
      103.23,
      60.07,
      39.22,
      80.0,
      64.66,
      100000.0,
      83.26,
      100000.0,
      6.32,
      100000.0,
      57.72,
      52.92,
      100000.0,
      64.14,
      100000.0,
      100000.0,
      90.8,
      87.3,
      61.61,
      63.29,
      14.32,
      9.06,
      100000.0,
      6.32,
      95.6,
      98.03,
      25.08,
      25.71
    ],
    [
      40.11,
      69.63,
      55.58,
      57.27,
      99.64,
      62.07,
      39.62,
      76.58,
      62.68,
      100000.0,
      78.71,
      100000.0,
      5.66,
      100000.0,
      52.5,
      46.62,
      100000.0,
      63.07,
      100000.0,
      100000.0,
      85.16,
      81.79,
      58.14,
      59.41,
      11.0,
      8.6,
      6.32,
      100000.0,
      90.44,
      93.05,
      23.35,
      23.0
    ],
    [
      55.47,
      54.38,
      36.89,
      62.13,
      34.93,
      95.27,
      79.76,
      35.61,
      56.36,
      100000.0,
      17.89,
      100000.0,
      95.52,
      100000.0,
      37.95,
      62.97,
      100000.0,
      65.74,
      100000.0,
      100000.0,
      14.14,
      12.53,
      43.17,
      38.64,
      94.43,
      97.5,
      95.6,
      90.44,
      100000.0,
      5.1,
      103.45,
      99.98
    ],
    [
      59.2,
      52.77,
      40.61,
      66.89,
      30.36,
      94.56,
      80.22,
      33.62,
      55.36,
      100000.0,
      17.26,
      100000.0,
      98.23,
      100000.0,
      40.72,
      67.36,
      100000.0,
      64.62,
      100000.0,
      100000.0,
      19.24,
      17.46,
      43.29,
      39.05,
      97.49,
      100.32,
      98.03,
      93.05,
      5.1,
      100000.0,
      106.85,
      103.46
    ],
    [
      48.33,
      91.3,
      66.65,
      56.01,
      118.11,
      85.01,
      62.97,
      95.78,
      84.53,
      100000.0,
      94.64,
      100000.0,
      19.0,
      100000.0,
      66.61,
      47.27,
      100000.0,
      85.8,
      100000.0,
      100000.0,
      95.46,
      93.04,
      77.62,
      77.9,
      12.65,
      16.03,
      25.08,
      23.35,
      103.45,
      106.85,
      100000.0,
      4.0
    ],
    [
      44.72,
      89.44,
      63.13,
      52.01,
      115.36,
      85.05,
      62.39,
      93.24,
      82.76,
      100000.0,
      91.55,
      100000.0,
      19.42,
      100000.0,
      63.41,
      43.29,
      100000.0,
      84.43,
      100000.0,
      100000.0,
      91.79,
      89.44,
      75.21,
      75.29,
      12.0,
      16.76,
      25.71,
      23.0,
      99.98,
      103.46,
      4.0,
      100000.0
    ]
  ],
  "rob_power_matrix": [
    [
      10000.0,
      10000.0,
      10000.0,
      10000.0,
      10000.0,
      10000.0,
      10000.0,
      10000.0,
      10000.0,
      10000.0,
      10000.0,
      10000.0,
      10000.0,
      10000.0,
      10000.0,
      10000.0,
      10000.0,
      10000.0,
      10000.0,
      10000.0,
      10000.0,
      10000.0,
      10000.0,
      10000.0,
      10000.0,
      10000.0,
      10000.0,
      10000.0,
      10000.0,
      10000.0,
      10000.0,
      10000.0
    ],
    [
      10000.0,
      10000.0,
      10000.0,
      10000.0,
      10000.0,
      10000.0,
      10000.0,
      10000.0,
      10000.0,
      10000.0,
      10000.0,
      10000.0,
      10000.0,
      10000.0,
      10000.0,
      10000.0,
      10000.0,
      10000.0,
      10000.0,
      10000.0,
      10000.0,
      10000.0,
      10000.0,
      10000.0,
      10000.0,
      10000.0,
      10000.0,
      10000.0,
      10000.0,
      10000.0,
      10000.0,
      10000.0
    ],
    [
      10000.0,
      10000.0,
      10000.0,
      3.2140000000000004,
      5.869,
      7.925000000000001,
      5.714,
      4.211,
      4.833,
      3.059,
      3.176,
      6.689,
      6.021000000000001,
      3.941,
      0.9430000000000001,
      2.8640000000000003,
      6.325,
      5.644,
      2.846,
      5.722,
      2.9610000000000003,
      2.657,
      3.1950000000000003,
      2.789,
      5.819,
      6.1850000000000005,
      6.1290000000000004,
      5.558,
      3.689,
      4.061,
      6.665000000000001,
      6.313000000000001
    ],
    [
      10000.0,
      10000.0,
      3.2140000000000004,
      10000.0,
      8.984,
      10.208,
      7.742000000000001,
      7.4239999999999995,
      7.788,
      6.207000000000001,
      6.264,
      5.408,
      5.946000000000001,
      6.519,
      4.005,
      1.082,
      5.825,
      8.477,
      5.08,
      6.037,
      4.968,
      4.965,
      6.251,
      5.914000000000001,
      5.36,
      5.948,
      6.356000000000001,
      5.727,
      6.213000000000001,
      6.689,
      5.601,
      5.2010000000000005
    ],
    [
      10000.0,
      10000.0,
      5.869,
      8.984,
      10000.0,
      8.1,
      7.463,
      2.3320000000000003,
      4.415,
      3.7640000000000002,
      2.72,
      11.967,
      10.526000000000002,
      3.228,
      5.385000000000001,
      8.732,
      11.120000000000001,
      5.1240000000000006,
      4.518,
      9.940000000000001,
      4.837,
      4.5040000000000004,
      4.162,
      4.0360000000000005,
      10.683,
      10.794,
      10.323,
      9.964,
      3.4930000000000003,
      3.036,
      11.811,
      11.536000000000001
    ],
    [
      10000.0,
      10000.0,
      7.925000000000001,
      10.208,
      8.1,
      10000.0,
      2.508,
      6.2170000000000005,
      3.9290000000000003,
      5.727,
      7.749,
      8.901000000000002,
      6.601000000000001,
      9.519,
      7.018000000000001,
      9.228,
      7.4030000000000005,
      3.0410000000000004,
      9.618000000000002,
      5.901,
      9.936,
      9.441,
      5.277000000000001,
      5.771000000000001,
      7.306000000000001,
      6.9030000000000005,
      6.007000000000001,
      6.207000000000001,
      9.527,
      9.456000000000001,
      8.501000000000001,
      8.505
    ],
    [
      10000.0,
      10000.0,
      5.714,
      7.742000000000001,
      7.463,
      2.508,
      10000.0,
      5.2170000000000005,
      3.087,
      4.201,
      6.307,
      6.6610000000000005,
      4.438000000000001,
      8.040000000000001,
      4.876,
      6.742000000000001,
      5.239000000000001,
      2.6910000000000003,
      7.816,
      3.7110000000000003,
      8.096,
      7.624,
      3.701,
      4.119,
      5.049,
      4.7540000000000004,
      3.922,
      3.9619999999999997,
      7.976000000000001,
      8.022,
      6.297000000000001,
      6.239000000000001
    ],
    [
      10000.0,
      10000.0,
      4.211,
      7.4239999999999995,
      2.3320000000000003,
      6.2170000000000005,
      5.2170000000000005,
      10000.0,
      2.309,
      1.5,
      1.8440000000000003,
      9.762,
      8.222,
      3.4670000000000005,
      3.4930000000000003,
      6.963,
      8.839,
      3.1780000000000004,
      4.08,
      7.622,
      4.441,
      3.9659999999999997,
      1.8440000000000003,
      1.8030000000000002,
      8.417,
      8.496,
      8.0,
      7.658,
      3.561,
      3.362,
      9.578000000000001,
      9.324
    ],
    [
      10000.0,
      10000.0,
      4.833,
      7.788,
      4.415,
      3.9290000000000003,
      3.087,
      2.309,
      10000.0,
      1.9800000000000002,
      3.848,
      8.724,
      6.824,
      5.6080000000000005,
      3.9000000000000004,
      7.045999999999999,
      7.547000000000001,
      0.9430000000000001,
      5.86,
      6.140000000000001,
      6.2010000000000005,
      5.7010000000000005,
      1.6640000000000001,
      2.14,
      7.207,
      7.128,
      6.466,
      6.268000000000001,
      5.636,
      5.5360000000000005,
      8.453000000000001,
      8.276000000000002
    ],
    [
      10000.0,
      10000.0,
      3.059,
      6.207000000000001,
      3.7640000000000002,
      5.727,
      4.201,
      1.5,
      1.9800000000000002,
      10000.0,
      2.1100000000000003,
      8.262,
      6.7620000000000005,
      3.8640000000000003,
      2.202,
      5.632000000000001,
      7.359000000000001,
      2.907,
      3.912,
      6.1850000000000005,
      4.244,
      3.7439999999999998,
      0.5,
      0.31600000000000006,
      6.93,
      7.029000000000001,
      6.573,
      6.2010000000000005,
      3.833,
      3.833,
      8.081000000000001,
      7.824
    ],
    [
      10000.0,
      10000.0,
      3.176,
      6.264,
      2.72,
      7.749,
      6.307,
      1.8440000000000003,
      3.848,
      2.1100000000000003,
      10000.0,
      9.567,
      8.412,
      1.772,
      2.8280000000000003,
      6.037,
      8.904000000000002,
      4.785,
      2.247,
      7.920000000000001,
      2.608,
      2.147,
      2.608,
      2.202,
      8.431000000000001,
      8.645000000000001,
      8.326,
      7.8709999999999996,
      1.7890000000000001,
      1.7260000000000002,
      9.464,
      9.155
    ],
    [
      10000.0,
      10000.0,
      6.689,
      5.408,
      11.967,
      8.901000000000002,
      6.6610000000000005,
      9.762,
      8.724,
      8.262,
      9.567,
      10000.0,
      2.309,
      10.623000000000001,
      6.748000000000001,
      4.589,
      1.5300000000000002,
      8.887,
      9.483,
      3.0,
      9.527,
      9.306000000000001,
      7.963,
      7.965000000000001,
      1.612,
      2.022,
      2.927,
      2.7070000000000003,
      10.377,
      10.734000000000002,
      0.447,
      0.447
    ],
    [
      10000.0,
      10000.0,
      6.021000000000001,
      5.946000000000001,
      10.526000000000002,
      6.601000000000001,
      4.438000000000001,
      8.222,
      6.824,
      6.7620000000000005,
      8.412,
      2.309,
      10000.0,
      9.75,
      5.758,
      4.904,
      0.806,
      6.843000000000001,
      8.853,
      0.7280000000000001,
      8.982,
      8.659,
      6.378,
      6.5,
      0.806,
      0.31600000000000006,
      0.6320000000000001,
      0.5660000000000001,
      9.552,
      9.823,
      1.9000000000000001,
      1.9420000000000002
    ],
    [
      10000.0,
      10000.0,
      3.941,
      6.519,
      3.228,
      9.519,
      8.040000000000001,
      3.4670000000000005,
      5.6080000000000005,
      3.8640000000000003,
      1.772,
      10.623000000000001,
      9.75,
      10000.0,
      3.9920000000000004,
      6.586,
      10.155000000000001,
      6.539000000000001,
      1.487,
      9.33,
      1.7260000000000002,
      1.5650000000000002,
      4.357,
      3.9200000000000004,
      9.661000000000001,
      9.954,
      9.742,
      9.236,
      0.31600000000000006,
      0.2,
      10.582,
      10.240000000000002
    ],
    [
      10000.0,
      10000.0,
      0.9430000000000001,
      4.005,
      5.385000000000001,
      7.018000000000001,
      4.876,
      3.4930000000000003,
      3.9000000000000004,
      2.202,
      2.8280000000000003,
      6.748000000000001,
      5.758,
      3.9920000000000004,
      10000.0,
      3.471,
      6.172000000000001,
      4.701,
      3.2020000000000004,
      5.36,
      3.4060000000000006,
      3.0020000000000002,
      2.2800000000000002,
      1.9100000000000001,
      5.682,
      5.962,
      5.772,
      5.25,
      3.7950000000000004,
      4.072,
      6.6610000000000005,
      6.341
    ],
    [
      10000.0,
      10000.0,
      2.8640000000000003,
      1.082,
      8.732,
      9.228,
      6.742000000000001,
      6.963,
      7.045999999999999,
      5.632000000000001,
      6.037,
      4.589,
      4.904,
      6.586,
      3.471,
      10000.0,
      4.837,
      7.6690000000000005,
      5.24,
      4.966,
      5.2010000000000005,
      5.093,
      5.601,
      5.324000000000001,
      4.357,
      4.924,
      5.292000000000001,
      4.662,
      6.297000000000001,
      6.736000000000001,
      4.727,
      4.329
    ],
    [
      10000.0,
      10000.0,
      6.325,
      5.825,
      11.120000000000001,
      7.4030000000000005,
      5.239000000000001,
      8.839,
      7.547000000000001,
      7.359000000000001,
      8.904000000000002,
      1.5300000000000002,
      0.806,
      10.155000000000001,
      6.172000000000001,
      4.837,
      10000.0,
      7.606000000000001,
      9.171,
      1.5300000000000002,
      9.272,
      8.981,
      7.001000000000001,
      7.0840000000000005,
      0.51,
      0.5,
      1.404,
      1.3,
      9.940000000000001,
      10.242,
      1.1050000000000002,
      1.2080000000000002
    ],
    [
      10000.0,
      10000.0,
      5.644,
      8.477,
      5.1240000000000006,
      3.0410000000000004,
      2.6910000000000003,
      3.1780000000000004,
      0.9430000000000001,
      2.907,
      4.785,
      8.887,
      6.843000000000001,
      6.539000000000001,
      4.701,
      7.6690000000000005,
      7.606000000000001,
      10000.0,
      6.801000000000001,
      6.1290000000000004,
      7.140000000000001,
      6.640000000000001,
      2.5500000000000003,
      3.0410000000000004,
      7.316,
      7.155,
      6.414000000000001,
      6.307,
      6.574,
      6.462000000000001,
      8.58,
      8.443000000000001
    ],
    [
      10000.0,
      10000.0,
      2.846,
      5.08,
      4.518,
      9.618000000000002,
      7.816,
      4.08,
      5.86,
      3.912,
      2.247,
      9.483,
      8.853,
      1.487,
      3.2020000000000004,
      5.24,
      9.171,
      6.801000000000001,
      10000.0,
      8.516,
      0.361,
      0.2,
      4.3420000000000005,
      3.847,
      8.665000000000001,
      9.025,
      8.927,
      8.374,
      1.17,
      1.6760000000000002,
      9.485,
      9.124
    ],
    [
      10000.0,
      10000.0,
      5.722,
      6.037,
      9.940000000000001,
      5.901,
      3.7110000000000003,
      7.622,
      6.140000000000001,
      6.1850000000000005,
      7.920000000000001,
      3.0,
      0.7280000000000001,
      9.33,
      5.36,
      4.966,
      1.5300000000000002,
      6.1290000000000004,
      8.516,
      10000.0,
      8.67,
      8.319,
      5.78,
      5.936,
      1.4140000000000001,
      1.044,
      0.41200000000000003,
      0.361,
      9.148000000000001,
      9.392000000000001,
      2.608,
      2.608
    ],
    [
      10000.0,
      10000.0,
      2.9610000000000003,
      4.968,
      4.837,
      9.936,
      8.096,
      4.441,
      6.2010000000000005,
      4.244,
      2.608,
      9.527,
      8.982,
      1.7260000000000002,
      3.4060000000000006,
      5.2010000000000005,
      9.272,
      7.140000000000001,
      0.361,
      8.67,
      10000.0,
      0.5,
      4.665,
      4.168,
      8.764000000000001,
      9.144,
      9.08,
      8.516,
      1.4140000000000001,
      1.924,
      9.546,
      9.179
    ],
    [
      10000.0,
      10000.0,
      2.657,
      4.965,
      4.5040000000000004,
      9.441,
      7.624,
      3.9659999999999997,
      5.7010000000000005,
      3.7439999999999998,
      2.147,
      9.306000000000001,
      8.659,
      1.5650000000000002,
      3.0020000000000002,
      5.093,
      8.981,
      6.640000000000001,
      0.2,
      8.319,
      0.5,
      10000.0,
      4.168,
      3.672,
      8.476,
      8.831999999999999,
      8.73,
      8.179,
      1.2530000000000001,
      1.7460000000000002,
      9.304,
      8.944
    ],
    [
      10000.0,
      10000.0,
      3.1950000000000003,
      6.251,
      4.162,
      5.277000000000001,
      3.701,
      1.8440000000000003,
      1.6640000000000001,
      0.5,
      2.608,
      7.963,
      6.378,
      4.357,
      2.2800000000000002,
      5.601,
      7.001000000000001,
      2.5500000000000003,
      4.3420000000000005,
      5.78,
      4.665,
      4.168,
      10000.0,
      0.5,
      6.586,
      6.6530000000000005,
      6.1610000000000005,
      5.814,
      4.317,
      4.329,
      7.7620000000000005,
      7.521
    ],
    [
      10000.0,
      10000.0,
      2.789,
      5.914000000000001,
      4.0360000000000005,
      5.771000000000001,
      4.119,
      1.8030000000000002,
      2.14,
      0.31600000000000006,
      2.202,
      7.965000000000001,
      6.5,
      3.9200000000000004,
      1.9100000000000001,
      5.324000000000001,
      7.0840000000000005,
      3.0410000000000004,
      3.847,
      5.936,
      4.168,
      3.672,
      0.5,
      10000.0,
      6.648000000000001,
      6.7620000000000005,
      6.329000000000001,
      5.941,
      3.8640000000000003,
      3.905,
      7.790000000000001,
      7.529000000000001
    ],
    [
      10000.0,
      10000.0,
      5.819,
      5.36,
      10.683,
      7.306000000000001,
      5.049,
      8.417,
      7.207,
      6.93,
      8.431000000000001,
      1.612,
      0.806,
      9.661000000000001,
      5.682,
      4.357,
      0.51,
      7.316,
      8.665000000000001,
      1.4140000000000001,
      8.764000000000001,
      8.476,
      6.586,
      6.648000000000001,
      10000.0,
      0.6400000000000001,
      1.4320000000000002,
      1.1,
      9.443000000000001,
      9.749,
      1.2650000000000001,
      1.2000000000000002
    ],
    [
      10000.0,
      10000.0,
      6.1850000000000005,
      5.948,
      10.794,
      6.9030000000000005,
      4.7540000000000004,
      8.496,
      7.128,
      7.029000000000001,
      8.645000000000001,
      2.022,
      0.31600000000000006,
      9.954,
      5.962,
      4.924,
      0.5,
      7.155,
      9.025,
      1.044,
      9.144,
      8.831999999999999,
      6.6530000000000005,
      6.7620000000000005,
      0.6400000000000001,
      10000.0,
      0.9060000000000001,
      0.86,
      9.75,
      10.032,
      1.6030000000000002,
      1.6760000000000002
    ],
    [
      10000.0,
      10000.0,
      6.1290000000000004,
      6.356000000000001,
      10.323,
      6.007000000000001,
      3.922,
      8.0,
      6.466,
      6.573,
      8.326,
      2.927,
      0.6320000000000001,
      9.742,
      5.772,
      5.292000000000001,
      1.404,
      6.414000000000001,
      8.927,
      0.41200000000000003,
      9.08,
      8.73,
      6.1610000000000005,
      6.329000000000001,
      1.4320000000000002,
      0.9060000000000001,
      10000.0,
      0.6320000000000001,
      9.56,
      9.803,
      2.508,
      2.571
    ],
    [
      10000.0,
      10000.0,
      5.558,
      5.727,
      9.964,
      6.207000000000001,
      3.9619999999999997,
      7.658,
      6.268000000000001,
      6.2010000000000005,
      7.8709999999999996,
      2.7070000000000003,
      0.5660000000000001,
      9.236,
      5.25,
      4.662,
      1.3,
      6.307,
      8.374,
      0.361,
      8.516,
      8.179,
      5.814,
      5.941,
      1.1,
      0.86,
      0.6320000000000001,
      10000.0,
      9.044,
      9.305,
      2.3350000000000004,
      2.3000000000000003
    ],
    [
      10000.0,
      10000.0,
      3.689,
      6.213000000000001,
      3.4930000000000003,
      9.527,
      7.976000000000001,
      3.561,
      5.636,
      3.833,
      1.7890000000000001,
      10.377,
      9.552,
      0.31600000000000006,
      3.7950000000000004,
      6.297000000000001,
      9.940000000000001,
      6.574,
      1.17,
      9.148000000000001,
      1.4140000000000001,
      1.2530000000000001,
      4.317,
      3.8640000000000003,
      9.443000000000001,
      9.75,
      9.56,
      9.044,
      10000.0,
      0.51,
      10.345,
      9.998000000000001
    ],
    [
      10000.0,
      10000.0,
      4.061,
      6.689,
      3.036,
      9.456000000000001,
      8.022,
      3.362,
      5.5360000000000005,
      3.833,
      1.7260000000000002,
      10.734000000000002,
      9.823,
      0.2,
      4.072,
      6.736000000000001,
      10.242,
      6.462000000000001,
      1.6760000000000002,
      9.392000000000001,
      1.924,
      1.7460000000000002,
      4.329,
      3.905,
      9.749,
      10.032,
      9.803,
      9.305,
      0.51,
      10000.0,
      10.685,
      10.346
    ],
    [
      10000.0,
      10000.0,
      6.665000000000001,
      5.601,
      11.811,
      8.501000000000001,
      6.297000000000001,
      9.578000000000001,
      8.453000000000001,
      8.081000000000001,
      9.464,
      0.447,
      1.9000000000000001,
      10.582,
      6.6610000000000005,
      4.727,
      1.1050000000000002,
      8.58,
      9.485,
      2.608,
      9.546,
      9.304,
      7.7620000000000005,
      7.790000000000001,
      1.2650000000000001,
      1.6030000000000002,
      2.508,
      2.3350000000000004,
      10.345,
      10.685,
      10000.0,
      0.4
    ],
    [
      10000.0,
      10000.0,
      6.313000000000001,
      5.2010000000000005,
      11.536000000000001,
      8.505,
      6.239000000000001,
      9.324,
      8.276000000000002,
      7.824,
      9.155,
      0.447,
      1.9420000000000002,
      10.240000000000002,
      6.341,
      4.329,
      1.2080000000000002,
      8.443000000000001,
      9.124,
      2.608,
      9.179,
      8.944,
      7.521,
      7.529000000000001,
      1.2000000000000002,
      1.6760000000000002,
      2.571,
      2.3000000000000003,
      9.998000000000001,
      10.346,
      0.4,
      10000.0
    ]
  ],
  "vehicle_cost_matrix": [
    [
      100000.0,
      120.0,
      37.2,
      48.38,
      150.58,
      155.88,
      106.82,
      111.94,
      110.46,
      100000.0,
      98.4,
      100000.0,
      88.02,
      100000.0,
      42.94,
      30.6,
      100000.0,
      122.78,
      100000.0,
      100000.0,
      94.34,
      89.44,
      82.38,
      77.66,
      81.58,
      90.36,
      92.54,
      80.22,
      110.94,
      118.4,
      96.66,
      89.44
    ],
    [
      120.0,
      100000.0,
      102.48,
      163.76,
      76.66,
      86.58,
      75.18,
      38.62,
      14.14,
      100000.0,
      73.24,
      100000.0,
      150.42,
      100000.0,
      84.4,
      150.12,
      100000.0,
      26.0,
      100000.0,
      100000.0,
      123.04,
      113.14,
      38.84,
      46.82,
      157.78,
      156.48,
      143.4,
      139.26,
      108.76,
      105.54,
      182.6,
      178.88
    ],
    [
      37.2,
      102.48,
      100000.0,
      64.28,
      117.38,
      158.5,
      114.28,
      84.22,
      96.66,
      100000.0,
      63.52,
      100000.0,
      120.42,
      100000.0,
      18.86,
      57.28,
      100000.0,
      112.88,
      100000.0,
      100000.0,
      59.22,
      53.14,
      63.9,
      55.78,
      116.38,
      123.7,
      122.58,
      111.16,
      73.78,
      81.22,
      133.3,
      126.26
    ],
    [
      48.38,
      163.76,
      64.28,
      100000.0,
      179.68,
      204.16,
      154.84,
      148.48,
      155.76,
      100000.0,
      125.28,
      100000.0,
      118.92,
      100000.0,
      80.1,
      21.64,
      100000.0,
      169.54,
      100000.0,
      100000.0,
      99.36,
      99.3,
      125.02,
      118.28,
      107.2,
      118.96,
      127.12,
      114.54,
      124.26,
      133.78,
      112.02,
      104.02
    ],
    [
      150.58,
      76.66,
      117.38,
      179.68,
      100000.0,
      162.0,
      149.26,
      46.64,
      88.3,
      100000.0,
      54.4,
      100000.0,
      210.52,
      100000.0,
      107.7,
      174.64,
      100000.0,
      102.48,
      100000.0,
      100000.0,
      96.74,
      90.08,
      83.24,
      80.72,
      213.66,
      215.88,
      206.46,
      199.28,
      69.86,
      60.72,
      236.22,
      230.72
    ],
    [
      155.88,
      86.58,
      158.5,
      204.16,
      162.0,
      100000.0,
      50.16,
      124.34,
      78.58,
      100000.0,
      154.98,
      100000.0,
      132.02,
      100000.0,
      140.36,
      184.56,
      100000.0,
      60.82,
      100000.0,
      100000.0,
      198.72,
      188.82,
      105.54,
      115.42,
      146.12,
      138.06,
      120.14,
      124.14,
      190.54,
      189.12,
      170.02,
      170.1
    ],
    [
      106.82,
      75.18,
      114.28,
      154.84,
      149.26,
      50.16,
      100000.0,
      104.34,
      61.74,
      100000.0,
      126.14,
      100000.0,
      88.76,
      100000.0,
      97.52,
      134.84,
      100000.0,
      53.82,
      100000.0,
      100000.0,
      161.92,
      152.48,
      74.02,
      82.38,
      100.98,
      95.08,
      78.44,
      79.24,
      159.52,
      160.44,
      125.94,
      124.78
    ],
    [
      111.94,
      38.62,
      84.22,
      148.48,
      46.64,
      124.34,
      104.34,
      100000.0,
      46.18,
      100000.0,
      36.88,
      100000.0,
      164.44,
      100000.0,
      69.86,
      139.26,
      100000.0,
      63.56,
      100000.0,
      100000.0,
      88.82,
      79.32,
      36.88,
      36.06,
      168.34,
      169.92,
      160.0,
      153.16,
      71.22,
      67.24,
      191.56,
      186.48
    ],
    [
      110.46,
      14.14,
      96.66,
      155.76,
      88.3,
      78.58,
      61.74,
      46.18,
      100000.0,
      100000.0,
      76.96,
      100000.0,
      136.48,
      100000.0,
      78.0,
      140.92,
      100000.0,
      18.86,
      100000.0,
      100000.0,
      124.02,
      114.02,
      33.28,
      42.8,
      144.14,
      142.56,
      129.32,
      125.36,
      112.72,
      110.72,
      169.06,
      165.52
    ],
    [
      100000.0,
      100000.0,
      100000.0,
      100000.0,
      100000.0,
