{
  "name": "M-d2-n5-k1-p2",
  "V_coordinates": [
    [
      73,
      50
    ],
    [
      13,
      50
    ],
    [
      62,
      65
    ],
    [
      94,
      62
    ],
    [
      31,
      17
    ],
    [
      20,
      68
    ],
    [
      39,
      97
    ],
    [
      54,
      60
    ],
    [
      88,
      53
    ],
    [
      82,
      5
    ],
    [
      13,
      37
    ],
    [
      67,
      8
    ],
    [
      22,
      67
    ],
    [
      21,
      71
    ],
    [
      69,
      8
    ],
    [
      64,
      9
    ],
    [
      94,
      63
    ],
    [
      96,
      59
    ]
  ],
  "V": [
    0,
    1,
    2,
    3,
    4,
    5,
    6,
    7,
    8,
    9,
    10,
    11,
    12,
    13,
    14,
    15,
    16,
    17
  ],
  "VD": [
    0,
    1
  ],
  "VC": [
    2,
    3,
    4,
    5,
    6,
    7,
    8,
    9,
    10,
    11
  ],
  "VP": [
    12,
    13,
    14,
    15,
    16,
    17
  ],
  "VC1": [
    2,
    4,
    6,
    7,
    8,
    9,
    10
  ],
  "VC2": [
    5,
    11,
    3
  ],
  "demand": [
    0,
    0,
    30,
    13,
    15,
    30,
    19,
    13,
    20,
    26,
    23,
    26,
    0,
    0,
    0,
    0,
    0,
    0
  ],
  "service_time": [
    0,
    0,
    20,
    13,
    14,
    14,
    19,
    17,
    18,
    16,
    19,
    10,
    0,
    0,
    0,
    0,
    0,
    0
  ],
  "K": [
    0,
    1
  ],
  "veh_dist_matrix": [
    [
      100000.0,
      60.0,
      18.6,
      100000.0,
      53.41,
      100000.0,
      58.01,
      21.47,
      15.3,
      45.89,
      61.39,
      100000.0,
      53.76,
      56.08,
      42.19,
      41.98,
      24.7,
      24.7
    ],
    [
      60.0,
      100000.0,
      51.24,
      100000.0,
      37.59,
      100000.0,
      53.71,
      42.2,
      75.06,
      82.38,
      13.0,
      100000.0,
      19.24,
      22.47,
      70.0,
      65.44,
      82.04,
      83.49
    ],
    [
      18.6,
      51.24,
      100000.0,
      100000.0,
      57.14,
      100000.0,
      39.41,
      9.43,
      28.64,
      63.25,
      56.44,
      100000.0,
      40.05,
      41.44,
      57.43,
      56.04,
      32.06,
      34.53
    ],
    [
      100000.0,
      100000.0,
      100000.0,
      100000.0,
      100000.0,
      100000.0,
      100000.0,
      100000.0,
      100000.0,
      100000.0,
      100000.0,
      100000.0,
      100000.0,
      100000.0,
      100000.0,
      100000.0,
      100000.0,
      100000.0
    ],
    [
      53.41,
      37.59,
      57.14,
      100000.0,
      100000.0,
      100000.0,
      80.4,
      48.76,
      67.42,
      52.39,
      26.91,
      100000.0,
      50.8,
      54.92,
      39.05,
      33.96,
      78.01,
      77.39
    ],
    [
      100000.0,
      100000.0,
      100000.0,
      100000.0,
      100000.0,
      100000.0,
      100000.0,
      100000.0,
      100000.0,
      100000.0,
      100000.0,
      100000.0,
      100000.0,
      100000.0,
      100000.0,
      100000.0,
      100000.0,
      100000.0
    ],
    [
      58.01,
      53.71,
      39.41,
      100000.0,
      80.4,
      100000.0,
      100000.0,
      39.92,
      65.86,
      101.55,
      65.39,
      100000.0,
      34.48,
      31.62,
      93.92,
      91.48,
      64.66,
      68.51
    ],
    [
      21.47,
      42.2,
      9.43,
      100000.0,
      48.76,
      100000.0,
      39.92,
      100000.0,
      34.71,
      61.72,
      47.01,
      100000.0,
      32.76,
      34.79,
      54.12,
      51.97,
      40.11,
      42.01
    ],
    [
      15.3,
      75.06,
      28.64,
      100000.0,
      67.42,
      100000.0,
      65.86,
      34.71,
      100000.0,
      48.37,
      76.69,
      100000.0,
      67.47,
      69.38,
      48.85,
      50.12,
      11.66,
      10.0
    ],
    [
      45.89,
      82.38,
      63.25,
      100000.0,
      52.39,
      100000.0,
      101.55,
      61.72,
      48.37,
      100000.0,
      76.06,
      100000.0,
      86.28,
      89.87,
      13.34,
      18.44,
      59.23,
      55.79
    ],
    [
      61.39,
      13.0,
      56.44,
      100000.0,
      26.91,
      100000.0,
      65.39,
      47.01,
      76.69,
      76.06,
      100000.0,
      100000.0,
      31.32,
      34.93,
      63.06,
      58.18,
      85.07,
      85.87
    ],
    [
      100000.0,
      100000.0,
      100000.0,
      100000.0,
      100000.0,
      100000.0,
      100000.0,
      100000.0,
      100000.0,
      100000.0,
      100000.0,
      100000.0,
      100000.0,
      100000.0,
      100000.0,
      100000.0,
      100000.0,
      100000.0
    ],
    [
      53.76,
      19.24,
      40.05,
      100000.0,
      50.8,
      100000.0,
      34.48,
      32.76,
      67.47,
      86.28,
      31.32,
      100000.0,
      100000.0,
      4.12,
      75.43,
      71.61,
      72.11,
      74.43
    ],
    [
      56.08,
      22.47,
      41.44,
      100000.0,
      54.92,
      100000.0,
      31.62,
      34.79,
      69.38,
      89.87,
      34.93,
      100000.0,
      4.12,
      100000.0,
      79.2,
      75.45,
      73.44,
      75.95
    ],
    [
      42.19,
      70.0,
      57.43,
      100000.0,
      39.05,
      100000.0,
      93.92,
      54.12,
      48.85,
      13.34,
      63.06,
      100000.0,
      75.43,
      79.2,
      100000.0,
      5.1,
      60.42,
      57.71
    ],
    [
      41.98,
      65.44,
      56.04,
      100000.0,
      33.96,
      100000.0,
      91.48,
      51.97,
      50.12,
      18.44,
      58.18,
      100000.0,
      71.61,
      75.45,
      5.1,
      100000.0,
      61.77,
      59.36
    ],
    [
      24.7,
      82.04,
      32.06,
      100000.0,
      78.01,
      100000.0,
      64.66,
      40.11,
      11.66,
      59.23,
      85.07,
      100000.0,
      72.11,
      73.44,
      60.42,
      61.77,
      100000.0,
      4.47
    ],
    [
      24.7,
      83.49,
      34.53,
      100000.0,
      77.39,
      100000.0,
      68.51,
      42.01,
      10.0,
      55.79,
      85.87,
      100000.0,
      74.43,
      75.95,
      57.71,
      59.36,
      4.47,
      100000.0
    ]
  ],
  "rob_power_matrix": [
    [
      10000.0,
      10000.0,
      10000.0,
      10000.0,
      10000.0,
      10000.0,
      10000.0,
      10000.0,
      10000.0,
      10000.0,
      10000.0,
      10000.0,
      10000.0,
      10000.0,
      10000.0,
      10000.0,
      10000.0,
      10000.0
    ],
    [
      10000.0,
      10000.0,
      10000.0,
      10000.0,
      10000.0,
      10000.0,
      10000.0,
      10000.0,
      10000.0,
      10000.0,
      10000.0,
      10000.0,
      10000.0,
      10000.0,
      10000.0,
      10000.0,
      10000.0,
      10000.0
    ],
    [
      10000.0,
      10000.0,
      10000.0,
      3.2140000000000004,
      5.714,
      4.211,
      3.941,
      0.9430000000000001,
      2.8640000000000003,
      6.325,
      5.644,
      5.722,
      4.005,
      4.144,
      5.743,
      5.604,
      3.2060000000000004,
      3.4530000000000003
    ],
    [
      10000.0,
      10000.0,
      3.2140000000000004,
      10000.0,
      7.742000000000001,
      7.4239999999999995,
      6.519,
      4.005,
      1.082,
      5.825,
      8.477,
      6.037,
      7.2170000000000005,
      7.355,
      5.9510000000000005,
      6.09,
      0.1,
      0.361
    ],
    [
      10000.0,
      10000.0,
      5.714,
      7.742000000000001,
      10000.0,
      5.2170000000000005,
      8.040000000000001,
      4.876,
      6.742000000000001,
      5.239000000000001,
      2.6910000000000003,
      3.7110000000000003,
      5.08,
      5.492000000000001,
      3.905,
      3.3960000000000004,
      7.801000000000001,
      7.739000000000001
    ],
    [
      10000.0,
      10000.0,
      4.211,
      7.4239999999999995,
      5.2170000000000005,
      10000.0,
      3.4670000000000005,
      3.4930000000000003,
      6.963,
      8.839,
      3.1780000000000004,
      7.622,
      0.22400000000000003,
      0.31600000000000006,
      7.747,
      7.359999999999999,
      7.417000000000001,
      7.6530000000000005
    ],
    [
      10000.0,
      10000.0,
      3.941,
      6.519,
      8.040000000000001,
      3.4670000000000005,
      10000.0,
      3.9920000000000004,
      6.586,
      10.155000000000001,
      6.539000000000001,
      9.33,
      3.448,
      3.1620000000000004,
      9.392000000000001,
      9.148000000000001,
      6.466,
      6.851000000000001
    ],
    [
      10000.0,
      10000.0,
      0.9430000000000001,
      4.005,
      4.876,
      3.4930000000000003,
      3.9920000000000004,
      10000.0,
      3.471,
      6.172000000000001,
      4.701,
      5.36,
      3.276,
      3.479,
      5.412,
      5.197,
      4.011,
      4.201
    ],
    [
      10000.0,
      10000.0,
      2.8640000000000003,
      1.082,
      6.742000000000001,
      6.963,
      6.586,
      3.471,
      10000.0,
      4.837,
      7.6690000000000005,
      4.966,
      6.747,
      6.938,
      4.885000000000001,
      5.0120000000000005,
      1.1660000000000001,
      1.0
    ],
    [
      10000.0,
      10000.0,
      6.325,
      5.825,
      5.239000000000001,
      8.839,
      10.155000000000001,
      6.172000000000001,
      4.837,
      10000.0,
      7.606000000000001,
      1.5300000000000002,
      8.628,
      8.987,
      1.334,
      1.8440000000000003,
      5.923,
      5.579000000000001
    ],
    [
      10000.0,
      10000.0,
      5.644,
      8.477,
      2.6910000000000003,
      3.1780000000000004,
      6.539000000000001,
      4.701,
      7.6690000000000005,
      7.606000000000001,
      10000.0,
      6.1290000000000004,
      3.132,
      3.4930000000000003,
      6.306000000000001,
      5.8180000000000005,
      8.507,
      8.587000000000002
    ],
    [
      10000.0,
      10000.0,
      5.722,
      6.037,
      3.7110000000000003,
      7.622,
      9.33,
      5.36,
      4.966,
      1.5300000000000002,
      6.1290000000000004,
      10000.0,
      7.420000000000001,
      7.801000000000001,
      0.2,
      0.31600000000000006,
      6.127000000000001,
      5.867000000000001
    ],
    [
      10000.0,
      10000.0,
      4.005,
      7.2170000000000005,
      5.08,
      0.22400000000000003,
      3.448,
      3.276,
      6.747,
      8.628,
      3.132,
      7.420000000000001,
      10000.0,
      0.41200000000000003,
      7.543000000000001,
      7.1610000000000005,
      7.211,
      7.443000000000001
    ],
    [
      10000.0,
      10000.0,
      4.144,
      7.355,
      5.492000000000001,
      0.31600000000000006,
      3.1620000000000004,
      3.479,
      6.938,
      8.987,
      3.4930000000000003,
      7.801000000000001,
      0.41200000000000003,
      10000.0,
      7.920000000000001,
      7.545000000000001,
      7.344,
      7.595000000000001
    ],
    [
      10000.0,
      10000.0,
      5.743,
      5.9510000000000005,
      3.905,
      7.747,
      9.392000000000001,
      5.412,
      4.885000000000001,
      1.334,
      6.306000000000001,
      0.2,
      7.543000000000001,
      7.920000000000001,
      10000.0,
      0.51,
      6.042000000000001,
      5.771000000000001
    ],
    [
      10000.0,
      10000.0,
      5.604,
      6.09,
      3.3960000000000004,
      7.359999999999999,
      9.148000000000001,
      5.197,
      5.0120000000000005,
      1.8440000000000003,
      5.8180000000000005,
      0.31600000000000006,
      7.1610000000000005,
      7.545000000000001,
      0.51,
      10000.0,
      6.1770000000000005,
      5.936
    ],
    [
      10000.0,
      10000.0,
      3.2060000000000004,
      0.1,
      7.801000000000001,
      7.417000000000001,
      6.466,
      4.011,
      1.1660000000000001,
      5.923,
      8.507,
      6.127000000000001,
      7.211,
      7.344,
      6.042000000000001,
      6.1770000000000005,
      10000.0,
      0.447
    ],
    [
      10000.0,
      10000.0,
      3.4530000000000003,
      0.361,
      7.739000000000001,
      7.6530000000000005,
      6.851000000000001,
      4.201,
      1.0,
      5.579000000000001,
      8.587000000000002,
      5.867000000000001,
      7.443000000000001,
      7.595000000000001,
      5.771000000000001,
      5.936,
      0.447,
      10000.0
    ]
  ],
  "vehicle_cost_matrix": [
    [
      100000.0,
      120.0,
      37.2,
      100000.0,
      106.82,
      100000.0,
      116.02,
      42.94,
      30.6,
      91.78,
      122.78,
      100000.0,
      107.52,
      112.16,
      84.38,
      83.96,
      49.4,
      49.4
    ],
    [
      120.0,
      100000.0,
      102.48,
      100000.0,
      75.18,
      100000.0,
      107.42,
      84.4,
      150.12,
      164.76,
      26.0,
      100000.0,
      38.48,
      44.94,
      140.0,
      130.88,
      164.08,
      166.98
    ],
    [
      37.2,
      102.48,
      100000.0,
      100000.0,
      114.28,
      100000.0,
      78.82,
      18.86,
      57.28,
      126.5,
      112.88,
      100000.0,
      80.1,
      82.88,
      114.86,
      112.08,
      64.12,
      69.06
    ],
    [
      100000.0,
      100000.0,
      100000.0,
      100000.0,
      100000.0,
      100000.0,
      100000.0,
      100000.0,
      100000.0,
      100000.0,
      100000.0,
      100000.0,
      100000.0,
      100000.0,
      100000.0,
      100000.0,
      100000.0,
      100000.0
    ],
    [
      106.82,
      75.18,
      114.28,
      100000.0,
      100000.0,
      100000.0,
      160.8,
      97.52,
      134.84,
      104.78,
      53.82,
      100000.0,
      101.6,
      109.84,
      78.1,
      67.92,
      156.02,
      154.78
    ],
    [
      100000.0,
      100000.0,
      100000.0,
      100000.0,
      100000.0,
      100000.0,
      100000.0,
      100000.0,
      100000.0,
      100000.0,
      100000.0,
      100000.0,
      100000.0,
      100000.0,
      100000.0,
      100000.0,
      100000.0,
      100000.0
    ],
    [
      116.02,
      107.42,
      78.82,
      100000.0,
      160.8,
      100000.0,
      100000.0,
      79.84,
      131.72,
      203.1,
      130.78,
      100000.0,
      68.96,
      63.24,
      187.84,
      182.96,
      129.32,
      137.02
    ],
    [
      42.94,
      84.4,
      18.86,
      100000.0,
      97.52,
      100000.0,
      79.84,
      100000.0,
      69.42,
      123.44,
      94.02,
      100000.0,
      65.52,
      69.58,
      108.24,
      103.94,
      80.22,
      84.02
    ],
    [
      30.6,
      150.12,
      57.28,
      100000.0,
      134.84,
      100000.0,
      131.72,
      69.42,
      100000.0,
      96.74,
      153.38,
      100000.0,
      134.94,
      138.76,
      97.7,
      100.24,
      23.32,
      20.0
    ],
    [
      91.78,
      164.76,
      126.5,
      100000.0,
      104.78,
      100000.0,
      203.1,
      123.44,
      96.74,
      100000.0,
      152.12,
      100000.0,
      172.56,
      179.74,
      26.68,
      36.88,
      118.46,
      111.58
    ],
    [
      122.78,
      26.0,
      112.88,
      100000.0,
      53.82,
      100000.0,
      130.78,
      94.02,
      153.38,
      152.12,
      100000.0,
      100000.0,
      62.64,
      69.86,
      126.12,
      116.36,
      170.14,
      171.74
    ],
    [
      100000.0,
      100000.0,
      100000.0,
      100000.0,
      100000.0,
      100000.0,
      100000.0,
      100000.0,
      100000.0,
      100000.0,
      100000.0,
      100000.0,
      100000.0,
      100000.0,
      100000.0,
      100000.0,
      100000.0,
      100000.0
    ],
    [
      107.52,
      38.48,
      80.1,
      100000.0,
      101.6,
      100000.0,
      68.96,
      65.52,
      134.94,
      172.56,
      62.64,
      100000.0,
      100000.0,
      8.24,
      150.86,
      143.22,
      144.22,
      148.86
    ],
    [
      112.16,
      44.94,
      82.88,
      100000.0,
      109.84,
      100000.0,
      63.24,
      69.58,
      138.76,
      179.74,
      69.86,
      100000.0,
      8.24,
      100000.0,
      158.4,
      150.9,
      146.88,
      151.9
    ],
    [
      84.38,
      140.0,
      114.86,
      100000.0,
      78.1,
      100000.0,
      187.84,
      108.24,
      97.7,
      26.68,
      126.12,
      100000.0,
      150.86,
      158.4,
      100000.0,
      10.2,
      120.84,
      115.42
    ],
    [
      83.96,
      130.88,
      112.08,
      100000.0,
      67.92,
      100000.0,
      182.96,
      103.94,
      100.24,
      36.88,
      116.36,
      100000.0,
      143.22,
      150.9,
      10.2,
      100000.0,
      123.54,
      118.72
    ],
    [
      49.4,
      164.08,
      64.12,
      100000.0,
      156.02,
      100000.0,
      129.32,
      80.22,
      23.32,
      118.46,
      170.14,
      100000.0,
      144.22,
      146.88,
      120.84,
      123.54,
      100000.0,
      8.94
    ],
    [
      49.4,
      166.98,
      69.06,
      100000.0,
      154.78,
      100000.0,
      137.02,
      84.02,
      20.0,
      111.58,
      171.74,
      100000.0,
      148.86,
      151.9,
      115.42,
      118.72,
      8.94,
      100000.0
    ]
  ],
  "robot_cost_matrix": [
    [
      100000.0,
      100000.0,
      100000.0,
      100000.0,
      100000.0,
      100000.0,
      100000.0,
      100000.0,
      100000.0,
      100000.0,
      100000.0,
      100000.0,
      100000.0,
      100000.0,
      100000.0,
      100000.0,
      100000.0,
      100000.0
    ],
    [
      100000.0,
      100000.0,
      100000.0,
      100000.0,
      100000.0,
      100000.0,
      100000.0,
      100000.0,
      100000.0,
      100000.0,
      100000.0,
      100000.0,
      100000.0,
      100000.0,
      100000.0,
      100000.0,
      100000.0,
      100000.0
    ],
    [
      100000.0,
      100000.0,
      100000.0,
      32.14,
      57.14,
      42.11,
      39.41,
      9.43,
      28.64,
      63.25,
      56.44,
      57.22,
      40.05,
      41.44,
      57.43,
      56.04,
      32.06,
      34.53
    ],
    [
      100000.0,
      100000.0,
      32.14,
      100000.0,
      77.42,
      74.24,
      65.19,
      40.05,
      10.82,
      58.25,
      84.77,
      60.37,
      72.17,
      73.55,
      59.51,
      60.9,
      1.0,
      3.61
    ],
    [
      100000.0,
      100000.0,
      57.14,
      77.42,
      100000.0,
      52.17,
      80.4,
      48.76,
      67.42,
      52.39,
      26.91,
      37.11,
      50.8,
      54.92,
      39.05,
      33.96,
      78.01,
      77.39
    ],
    [
      100000.0,
      100000.0,
      42.11,
      74.24,
      52.17,
      100000.0,
      34.67,
      34.93,
      69.63,
      88.39,
      31.78,
      76.22,
      2.24,
      3.16,
      77.47,
      73.6,
      74.17,
      76.53
    ],
    [
      100000.0,
      100000.0,
      39.41,
      65.19,
      80.4,
      34.67,
      100000.0,
      39.92,
      65.86,
      101.55,
      65.39,
      93.3,
      34.48,
      31.62,
      93.92,
      91.48,
      64.66,
      68.51
    ],
    [
      100000.0,
      100000.0,
      9.43,
      40.05,
      48.76,
      34.93,
      39.92,
      100000.0,
      34.71,
      61.72,
      47.01,
      53.6,
      32.76,
      34.79,
      54.12,
      51.97,
      40.11,
      42.01
    ],
    [
      100000.0,
      100000.0,
      28.64,
      10.82,
      67.42,
      69.63,
      65.86,
      34.71,
      100000.0,
      48.37,
      76.69,
      49.66,
      67.47,
      69.38,
      48.85,
      50.12,
      11.66,
      10.0
    ],
    [
      100000.0,
      100000.0,
      63.25,
      58.25,
      52.39,
      88.39,
      101.55,
      61.72,
      48.37,
      100000.0,
      76.06,
      15.3,
      86.28,
      89.87,
      13.34,
      18.44,
      59.23,
      55.79
    ],
    [
      100000.0,
      100000.0,
      56.44,
      84.77,
      26.91,
      31.78,
      65.39,
      47.01,
      76.69,
      76.06,
      100000.0,
      61.29,
      31.32,
      34.93,
      63.06,
      58.18,
      85.07,
      85.87
    ],
    [
      100000.0,
      100000.0,
      57.22,
      60.37,
      37.11,
      76.22,
      93.3,
      53.6,
      49.66,
      15.3,
      61.29,
      100000.0,
      74.2,
      78.01,
      2.0,
      3.16,
      61.27,
      58.67
    ],
    [
      100000.0,
      100000.0,
      40.05,
      72.17,
      50.8,
      2.24,
      34.48,
      32.76,
      67.47,
      86.28,
      31.32,
      74.2,
      100000.0,
      4.12,
      75.43,
      71.61,
      72.11,
      74.43
    ],
    [
      100000.0,
      100000.0,
      41.44,
      73.55,
      54.92,
      3.16,
      31.62,
      34.79,
      69.38,
      89.87,
      34.93,
      78.01,
      4.12,
      100000.0,
      79.2,
      75.45,
      73.44,
      75.95
    ],
    [
      100000.0,
      100000.0,
      57.43,
      59.51,
      39.05,
      77.47,
      93.92,
      54.12,
      48.85,
      13.34,
      63.06,
      2.0,
      75.43,
      79.2,
      100000.0,
      5.1,
      60.42,
      57.71
    ],
    [
      100000.0,
      100000.0,
      56.04,
      60.9,
      33.96,
      73.6,
      91.48,
      51.97,
      50.12,
      18.44,
      58.18,
      3.16,
      71.61,
      75.45,
      5.1,
      100000.0,
      61.77,
      59.36
    ],
    [
      100000.0,
      100000.0,
      32.06,
      1.0,
      78.01,
      74.17,
      64.66,
      40.11,
      11.66,
      59.23,
      85.07,
      61.27,
      72.11,
      73.44,
      60.42,
      61.77,
      100000.0,
      4.47
    ],
    [
      100000.0,
      100000.0,
      34.53,
      3.61,
      77.39,
      76.53,
      68.51,
      42.01,
      10.0,
      55.79,
      85.87,
      58.67,
      74.43,
      75.95,
      57.71,
      59.36,
      4.47,
      100000.0
    ]
  ],
  "vehicle_time_matrix": [
    [
      100000.0,
      1.88,
      0.58,
      100000.0,
      1.67,
      100000.0,
      1.81,
      0.67,
      0.48,
      1.43,
      1.92,
      100000.0,
      1.68,
      1.75,
      1.32,
      1.31,
      0.77,
      0.77
    ],
    [
      1.88,
      100000.0,
      1.6,
      100000.0,
      1.17,
      100000.0,
      1.68,
      1.32,
      2.35,
      2.57,
      0.41,
      100000.0,
      0.6,
      0.7,
      2.19,
      2.04,
      2.56,
      2.61
    ],
    [
      0.58,
      1.6,
      100000.0,
      100000.0,
      1.79,
      100000.0,
      1.23,
      0.29,
      0.9,
      1.98,
      1.76,
      100000.0,
      1.25,
      1.29,
      1.79,
      1.75,
      1.0,
      1.08
    ],
    [
      100000.0,
      100000.0,
      100000.0,
      100000.0,
      100000.0,
      100000.0,
      100000.0,
      100000.0,
      100000.0,
      100000.0,
      100000.0,
      100000.0,
      100000.0,
      100000.0,
      100000.0,
      100000.0,
      100000.0,
      100000.0
    ],
    [
      1.67,
      1.17,
      1.79,
      100000.0,
      100000.0,
      100000.0,
      2.51,
      1.52,
      2.11,
      1.64,
      0.84,
      100000.0,
      1.59,
      1.72,
      1.22,
      1.06,
      2.44,
      2.42
    ],
    [
      100000.0,
      100000.0,
      100000.0,
      100000.0,
      100000.0,
      100000.0,
      100000.0,
      100000.0,
      100000.0,
      100000.0,
      100000.0,
      100000.0,
      100000.0,
      100000.0,
      100000.0,
      100000.0,
      100000.0,
      100000.0
    ],
    [
      1.81,
      1.68,
      1.23,
      100000.0,
      2.51,
      100000.0,
      100000.0,
      1.25,
      2.06,
      3.17,
      2.04,
      100000.0,
      1.08,
      0.99,
      2.94,
      2.86,
      2.02,
      2.14
    ],
    [
      0.67,
      1.32,
      0.29,
      100000.0,
      1.52,
      100000.0,
      1.25,
      100000.0,
      1.08,
      1.93,
      1.47,
      100000.0,
      1.02,
      1.09,
      1.69,
      1.62,
      1.25,
      1.31
    ],
    [
      0.48,
      2.35,
      0.9,
      100000.0,
      2.11,
      100000.0,
      2.06,
      1.08,
      100000.0,
      1.51,
      2.4,
      100000.0,
      2.11,
      2.17,
      1.53,
      1.57,
      0.36,
      0.31
    ],
    [
      1.43,
      2.57,
      1.98,
      100000.0,
      1.64,
      100000.0,
      3.17,
      1.93,
      1.51,
      100000.0,
      2.38,
      100000.0,
      2.7,
      2.81,
      0.42,
      0.58,
      1.85,
      1.74
    ],
    [
      1.92,
      0.41,
      1.76,
      100000.0,
      0.84,
      100000.0,
      2.04,
      1.47,
      2.4,
      2.38,
      100000.0,
      100000.0,
      0.98,
      1.09,
      1.97,
      1.82,
      2.66,
      2.68
    ],
    [
      100000.0,
      100000.0,
      100000.0,
      100000.0,
      100000.0,
      100000.0,
      100000.0,
      100000.0,
      100000.0,
      100000.0,
      100000.0,
      100000.0,
      100000.0,
      100000.0,
      100000.0,
      100000.0,
      100000.0,
      100000.0
    ],
    [
      1.68,
      0.6,
      1.25,
      100000.0,
      1.59,
      100000.0,
      1.08,
      1.02,
      2.11,
      2.7,
      0.98,
      100000.0,
      100000.0,
      0.13,
      2.36,
      2.24,
      2.25,
      2.33
    ],
    [
      1.75,
      0.7,
      1.29,
      100000.0,
      1.72,
      100000.0,
      0.99,
      1.09,
      2.17,
      2.81,
      1.09,
      100000.0,
      0.13,
      100000.0,
      2.48,
      2.36,
      2.29,
      2.37
    ],
    [
      1.32,
      2.19,
      1.79,
      100000.0,
      1.22,
      100000.0,
      2.94,
      1.69,
      1.53,
      0.42,
      1.97,
      100000.0,
      2.36,
      2.48,
      100000.0,
      0.16,
      1.89,
      1.8
    ],
    [
      1.31,
      2.04,
      1.75,
      100000.0,
      1.06,
      100000.0,
      2.86,
      1.62,
      1.57,
      0.58,
      1.82,
      100000.0,
      2.24,
      2.36,
      0.16,
      100000.0,
      1.93,
      1.85
    ],
    [
      0.77,
      2.56,
      1.0,
      100000.0,
      2.44,
      100000.0,
      2.02,
      1.25,
      0.36,
      1.85,
      2.66,
      100000.0,
      2.25,
      2.29,
      1.89,
      1.93,
      100000.0,
      0.14
    ],
    [
      0.77,
      2.61,
      1.08,
      100000.0,
      2.42,
      100000.0,
      2.14,
      1.31,
      0.31,
      1.74,
      2.68,
      100000.0,
      2.33,
      2.37,
      1.8,
      1.85,
      0.14,
      100000.0
    ]
  ],
  "robot_time_matrix": [
    [
      100000.0,
      100000.0,
      100000.0,
      100000.0,
      100000.0,
      100000.0,
      100000.0,
      100000.0,
      100000.0,
      100000.0,
      100000.0,
      100000.0,
      100000.0,
      100000.0,
      100000.0,
      100000.0,
      100000.0,
      100000.0
    ],
    [
      100000.0,
      100000.0,
      100000.0,
      100000.0,
      100000.0,
      100000.0,
      100000.0,
      100000.0,
      100000.0,
      100000.0,
      100000.0,
      100000.0,
      100000.0,
      100000.0,
      100000.0,
      100000.0,
      100000.0,
      100000.0
    ],
    [
      100000.0,
      100000.0,
      100000.0,
      3.21,
      5.71,
      4.21,
      3.94,
      0.94,
      2.86,
      6.33,
      5.64,
      5.72,
      4.0,
      4.14,
      5.74,
      5.6,
      3.21,
      3.45
    ],
    [
      100000.0,
      100000.0,
      3.21,
      100000.0,
      7.74,
      7.42,
      6.52,
      4.0,
      1.08,
      5.83,
      8.48,
      6.04,
      7.22,
      7.35,
      5.95,
      6.09,
      0.1,
      0.36
    ],
    [
      100000.0,
      100000.0,
      5.71,
      7.74,
      100000.0,
      5.22,
      8.04,
      4.88,
      6.74,
      5.24,
      2.69,
      3.71,
      5.08,
      5.49,
      3.9,
      3.4,
      7.8,
      7.74
    ],
    [
      100000.0,
      100000.0,
      4.21,
      7.42,
      5.22,
      100000.0,
      3.47,
      3.49,
      6.96,
      8.84,
      3.18,
      7.62,
      0.22,
      0.32,
      7.75,
      7.36,
      7.42,
      7.65
    ],
    [
      100000.0,
      100000.0,
      3.94,
      6.52,
      8.04,
      3.47,
      100000.0,
      3.99,
      6.59,
      10.15,
      6.54,
      9.33,
      3.45,
      3.16,
      9.39,
      9.15,
      6.47,
      6.85
    ],
    [
      100000.0,
      100000.0,
      0.94,
      4.0,
      4.88,
      3.49,
      3.99,
      100000.0,
      3.47,
      6.17,
      4.7,
      5.36,
      3.28,
      3.48,
      5.41,
      5.2,
      4.01,
      4.2
    ],
    [
      100000.0,
      100000.0,
      2.86,
      1.08,
      6.74,
      6.96,
      6.59,
      3.47,
      100000.0,
      4.84,
      7.67,
      4.97,
      6.75,
      6.94,
      4.88,
      5.01,
      1.17,
      1.0
    ],
    [
      100000.0,
      100000.0,
      6.33,
      5.83,
      5.24,
      8.84,
      10.15,
      6.17,
      4.84,
      100000.0,
      7.61,
      1.53,
      8.63,
      8.99,
      1.33,
      1.84,
      5.92,
      5.58
    ],
    [
      100000.0,
      100000.0,
      5.64,
      8.48,
      2.69,
      3.18,
      6.54,
      4.7,
      7.67,
      7.61,
      100000.0,
      6.13,
      3.13,
      3.49,
      6.31,
      5.82,
      8.51,
      8.59
    ],
    [
      100000.0,
      100000.0,
      5.72,
      6.04,
      3.71,
      7.62,
      9.33,
      5.36,
      4.97,
      1.53,
      6.13,
      100000.0,
      7.42,
      7.8,
      0.2,
      0.32,
      6.13,
      5.87
    ],
    [
      100000.0,
      100000.0,
      4.0,
      7.22,
      5.08,
      0.22,
      3.45,
      3.28,
      6.75,
      8.63,
      3.13,
      7.42,
      100000.0,
      0.41,
      7.54,
      7.16,
      7.21,
      7.44
    ],
    [
      100000.0,
      100000.0,
      4.14,
      7.35,
      5.49,
      0.32,
      3.16,
      3.48,
      6.94,
      8.99,
      3.49,
      7.8,
      0.41,
      100000.0,
      7.92,
      7.54,
      7.34,
      7.6
    ],
    [
      100000.0,
      100000.0,
      5.74,
      5.95,
      3.9,
      7.75,
      9.39,
      5.41,
      4.88,
      1.33,
      6.31,
      0.2,
      7.54,
      7.92,
      100000.0,
      0.51,
      6.04,
      5.77
    ],
    [
      100000.0,
      100000.0,
      5.6,
      6.09,
      3.4,
      7.36,
      9.15,
      5.2,
      5.01,
      1.84,
      5.82,
      0.32,
      7.16,
      7.54,
      0.51,
      100000.0,
      6.18,
      5.94
    ],
    [
      100000.0,
      100000.0,
      3.21,
      0.1,
      7.8,
      7.42,
      6.47,
      4.01,
      1.17,
      5.92,
      8.51,
      6.13,
      7.21,
      7.34,
      6.04,
      6.18,
      100000.0,
      0.45
    ],
    [
      100000.0,
      100000.0,
      3.45,
      0.36,
      7.74,
      7.65,
      6.85,
      4.2,
      1.0,
      5.58,
      8.59,
      5.87,
      7.44,
      7.6,
      5.77,
      5.94,
      0.45,
      100000.0
    ]
  ],
  "cus_with_depot": {
    "0": [
      2,
      3,
      4,
      5,
      6
    ],
    "1": [
      7,
      8,
      9,
      10,
      11
    ]
  },
  "veh_with_depot": {
    "0": [
      0
    ],
    "1": [
      1
    ]
  },
  "veh_depot_dict": {
    "0": 0,
    "1": 1
  },
  "depot_with_node": {
    "0": [
      2,
      3,
      4,
      5,
      6,
      12,
      13,
      16,
      17,
      0
    ],
    "1": [
      7,
      8,
      9,
      10,
      11,
      14,
      15,
      1
    ]
  },
  "VC2_with_VP": {
    "5": [
      12,
      13
    ],
    "11": [
      14,
      15
    ],
    "3": [
      16,
      17
    ]
  },
  "max_travel_time": 170.25,
  "cf": 50,
  "vehicle_speed": 32,
  "robot_speed": 10,
  "vehicle_cost": 2,
  "robot_cost": 1,
  "very_big": 100000.0,
  "veh_cap": 300,
  "rob_cap": 30,
  "rob_weight": 30,
  "operation_time": 5,
  "veh_dist_ub": 300,
  "robot_ub": 3,
  "robot_unit_consumption": 0.1
}