{
  "name": "M-d3-n3-k1-p2",
  "V_coordinates": [
    [
      73,
      50
    ],
    [
      32,
      82
    ],
    [
      32,
      19
    ],
    [
      37,
      20
    ],
    [
      60,
      82
    ],
    [
      62,
      39
    ],
    [
      68,
      62
    ],
    [
      65,
      88
    ],
    [
      5,
      94
    ],
    [
      17,
      67
    ],
    [
      8,
      54
    ],
    [
      53,
      31
    ],
    [
      65,
      82
    ],
    [
      58,
      78
    ],
    [
      9,
      93
    ],
    [
      1,
      96
    ],
    [
      54,
      30
    ],
    [
      50,
      28
    ]
  ],
  "V": [
    0,
    1,
    2,
    3,
    4,
    5,
    6,
    7,
    8,
    9,
    10,
    11,
    12,
    13,
    14,
    15,
    16,
    17
  ],
  "VD": [
    0,
    1,
    2
  ],
  "VC": [
    3,
    4,
    5,
    6,
    7,
    8,
    9,
    10,
    11
  ],
  "VP": [
    12,
    13,
    14,
    15,
    16,
    17
  ],
  "VC1": [
    3,
    5,
    6,
    7,
    9,
    10
  ],
  "VC2": [
    4,
    8,
    11
  ],
  "demand": [
    0,
    0,
    0,
    19,
    13,
    20,
    26,
    23,
    26,
    16,
    19,
    19,
    0,
    0,
    0,
    0,
    0,
    0
  ],
  "service_time": [
    0,
    0,
    0,
    19,
    17,
    18,
    16,
    19,
    10,
    17,
    13,
    16,
    0,
    0,
    0,
    0,
    0,
    0
  ],
  "K": [
    0,
    1,
    2
  ],
  "veh_dist_matrix": [
    [
      100000.0,
      52.01,
      51.4,
      46.86,
      100000.0,
      15.56,
      13.0,
      38.83,
      100000.0,
      58.52,
      65.12,
      100000.0,
      32.98,
      31.76,
      77.1,
      85.44,
      27.59,
      31.83
    ],
    [
      52.01,
      100000.0,
      63.0,
      62.2,
      100000.0,
      52.43,
      41.18,
      33.54,
      100000.0,
      21.21,
      36.88,
      100000.0,
      33.0,
      26.31,
      25.5,
      34.01,
      56.46,
      56.92
    ],
    [
      51.4,
      63.0,
      100000.0,
      5.1,
      100000.0,
      36.06,
      56.08,
      76.49,
      100000.0,
      50.29,
      42.44,
      100000.0,
      71.12,
      64.47,
      77.49,
      83.01,
      24.6,
      20.12
    ],
    [
      46.86,
      62.2,
      5.1,
      100000.0,
      100000.0,
      31.4,
      52.2,
      73.54,
      100000.0,
      51.08,
      44.69,
      100000.0,
      68.03,
      61.68,
      78.19,
      84.1,
      19.72,
      15.26
    ],
    [
      100000.0,
      100000.0,
      100000.0,
      100000.0,
      100000.0,
      100000.0,
      100000.0,
      100000.0,
      100000.0,
      100000.0,
      100000.0,
      100000.0,
      100000.0,
      100000.0,
      100000.0,
      100000.0,
      100000.0,
      100000.0
    ],
    [
      15.56,
      52.43,
      36.06,
      31.4,
      100000.0,
      100000.0,
      23.77,
      49.09,
      100000.0,
      53.0,
      56.04,
      100000.0,
      43.1,
      39.2,
      75.66,
      83.49,
      12.04,
      16.28
    ],
    [
      13.0,
      41.18,
      56.08,
      52.2,
      100000.0,
      23.77,
      100000.0,
      26.17,
      100000.0,
      51.24,
      60.53,
      100000.0,
      20.22,
      18.87,
      66.65,
      75.13,
      34.93,
      38.47
    ],
    [
      38.83,
      33.54,
      76.49,
      73.54,
      100000.0,
      49.09,
      26.17,
      100000.0,
      100000.0,
      52.39,
      66.37,
      100000.0,
      6.0,
      12.21,
      56.22,
      64.5,
      59.03,
      61.85
    ],
    [
      100000.0,
      100000.0,
      100000.0,
      100000.0,
      100000.0,
      100000.0,
      100000.0,
      100000.0,
      100000.0,
      100000.0,
      100000.0,
      100000.0,
      100000.0,
      100000.0,
      100000.0,
      100000.0,
      100000.0,
      100000.0
    ],
    [
      58.52,
      21.21,
      50.29,
      51.08,
      100000.0,
      53.0,
      51.24,
      52.39,
      100000.0,
      100000.0,
      15.81,
      100000.0,
      50.29,
      42.45,
      27.2,
      33.12,
      52.33,
      51.09
    ],
    [
      65.12,
      36.88,
      42.44,
      44.69,
      100000.0,
      56.04,
      60.53,
      66.37,
      100000.0,
      15.81,
      100000.0,
      100000.0,
      63.51,
      55.46,
      39.01,
      42.58,
      51.88,
      49.4
    ],
    [
      100000.0,
      100000.0,
      100000.0,
      100000.0,
      100000.0,
      100000.0,
      100000.0,
      100000.0,
      100000.0,
      100000.0,
      100000.0,
      100000.0,
      100000.0,
      100000.0,
      100000.0,
      100000.0,
      100000.0,
      100000.0
    ],
    [
      32.98,
      33.0,
      71.12,
      68.03,
      100000.0,
      43.1,
      20.22,
      6.0,
      100000.0,
      50.29,
      63.51,
      100000.0,
      100000.0,
      8.06,
      57.07,
      65.51,
      53.15,
      56.04
    ],
    [
      31.76,
      26.31,
      64.47,
      61.68,
      100000.0,
      39.2,
      18.87,
      12.21,
      100000.0,
      42.45,
      55.46,
      100000.0,
      8.06,
      100000.0,
      51.24,
      59.77,
      48.17,
      50.64
    ],
    [
      77.1,
      25.5,
      77.49,
      78.19,
      100000.0,
      75.66,
      66.65,
      56.22,
      100000.0,
      27.2,
      39.01,
      100000.0,
      57.07,
      51.24,
      100000.0,
      8.54,
      77.42,
      76.85
    ],
    [
      85.44,
      34.01,
      83.01,
      84.1,
      100000.0,
      83.49,
      75.13,
      64.5,
      100000.0,
      33.12,
      42.58,
      100000.0,
      65.51,
      59.77,
      8.54,
      100000.0,
      84.65,
      83.82
    ],
    [
      27.59,
      56.46,
      24.6,
      19.72,
      100000.0,
      12.04,
      34.93,
      59.03,
      100000.0,
      52.33,
      51.88,
      100000.0,
      53.15,
      48.17,
      77.42,
      84.65,
      100000.0,
      4.47
    ],
    [
      31.83,
      56.92,
      20.12,
      15.26,
      100000.0,
      16.28,
      38.47,
      61.85,
      100000.0,
      51.09,
      49.4,
      100000.0,
      56.04,
      50.64,
      76.85,
      83.82,
      4.47,
      100000.0
    ]
  ],
  "rob_power_matrix": [
    [
      10000.0,
      10000.0,
      10000.0,
      10000.0,
      10000.0,
      10000.0,
      10000.0,
      10000.0,
      10000.0,
      10000.0,
      10000.0,
      10000.0,
      10000.0,
      10000.0,
      10000.0,
      10000.0,
      10000.0,
      10000.0
    ],
    [
      10000.0,
      10000.0,
      10000.0,
      10000.0,
      10000.0,
      10000.0,
      10000.0,
      10000.0,
      10000.0,
      10000.0,
      10000.0,
      10000.0,
      10000.0,
      10000.0,
      10000.0,
      10000.0,
      10000.0,
      10000.0
    ],
    [
      10000.0,
      10000.0,
      10000.0,
      10000.0,
      10000.0,
      10000.0,
      10000.0,
      10000.0,
      10000.0,
      10000.0,
      10000.0,
      10000.0,
      10000.0,
      10000.0,
      10000.0,
      10000.0,
      10000.0,
      10000.0
    ],
    [
      10000.0,
      10000.0,
      10000.0,
      10000.0,
      6.6129999999999995,
      3.14,
      5.220000000000001,
      7.354000000000001,
      8.062000000000001,
      5.1080000000000005,
      4.469,
      1.9420000000000002,
      6.803000000000001,
      6.168,
      7.819,
      8.41,
      1.972,
      1.526
    ],
    [
      10000.0,
      10000.0,
      10000.0,
      6.6129999999999995,
      10000.0,
      4.305,
      2.154,
      0.781,
      5.6290000000000004,
      4.554,
      5.906000000000001,
      5.148,
      0.5,
      0.447,
      5.2170000000000005,
      6.064,
      5.235,
      5.492000000000001
    ],
    [
      10000.0,
      10000.0,
      10000.0,
      3.14,
      4.305,
      10000.0,
      2.3770000000000002,
      4.909000000000001,
      7.920999999999999,
      5.300000000000001,
      5.604,
      1.204,
      4.3100000000000005,
      3.9200000000000004,
      7.566,
      8.349,
      1.204,
      1.6280000000000001
    ],
    [
      10000.0,
      10000.0,
      10000.0,
      5.220000000000001,
      2.154,
      2.3770000000000002,
      10000.0,
      2.6170000000000004,
      7.066,
      5.1240000000000006,
      6.053000000000001,
      3.444,
      2.022,
      1.8870000000000002,
      6.665000000000001,
      7.513,
      3.4930000000000003,
      3.847
    ],
    [
      10000.0,
      10000.0,
      10000.0,
      7.354000000000001,
      0.781,
      4.909000000000001,
      2.6170000000000004,
      10000.0,
      6.03,
      5.239000000000001,
      6.6370000000000005,
      5.825,
      0.6000000000000001,
      1.221,
      5.622,
      6.45,
      5.9030000000000005,
      6.1850000000000005
    ],
    [
      10000.0,
      10000.0,
      10000.0,
      8.062000000000001,
      5.6290000000000004,
      7.920999999999999,
      7.066,
      6.03,
      10000.0,
      2.955,
      4.011,
      7.920000000000001,
      6.119,
      5.5360000000000005,
      0.41200000000000003,
      0.447,
      8.06,
      7.9879999999999995
    ],
    [
      10000.0,
      10000.0,
      10000.0,
      5.1080000000000005,
      4.554,
      5.300000000000001,
      5.1240000000000006,
      5.239000000000001,
      2.955,
      10000.0,
      1.5810000000000002,
      5.091,
      5.029,
      4.245,
      2.72,
      3.312,
      5.2330000000000005,
      5.109000000000001
    ],
    [
      10000.0,
      10000.0,
      10000.0,
      4.469,
      5.906000000000001,
      5.604,
      6.053000000000001,
      6.6370000000000005,
      4.011,
      1.5810000000000002,
      10000.0,
      5.054,
      6.351,
      5.546,
      3.901,
      4.258,
      5.188000000000001,
      4.94
    ],
    [
      10000.0,
      10000.0,
      10000.0,
      1.9420000000000002,
      5.148,
      1.204,
      3.444,
      5.825,
      7.920000000000001,
      5.091,
      5.054,
      10000.0,
      5.239000000000001,
      4.727,
      7.603000000000001,
      8.324,
      0.141,
      0.42400000000000004
    ],
    [
      10000.0,
      10000.0,
      10000.0,
      6.803000000000001,
      0.5,
      4.3100000000000005,
      2.022,
      0.6000000000000001,
      6.119,
      5.029,
      6.351,
      5.239000000000001,
      10000.0,
      0.806,
      5.707000000000001,
      6.551000000000001,
      5.315,
      5.604
    ],
    [
      10000.0,
      10000.0,
      10000.0,
      6.168,
      0.447,
      3.9200000000000004,
      1.8870000000000002,
      1.221,
      5.5360000000000005,
      4.245,
      5.546,
      4.727,
      0.806,
      10000.0,
      5.1240000000000006,
      5.977,
      4.817,
      5.064
    ],
    [
      10000.0,
      10000.0,
      10000.0,
      7.819,
      5.2170000000000005,
      7.566,
      6.665000000000001,
      5.622,
      0.41200000000000003,
      2.72,
      3.901,
      7.603000000000001,
      5.707000000000001,
      5.1240000000000006,
      10000.0,
      0.854,
      7.742000000000001,
      7.685
    ],
    [
      10000.0,
      10000.0,
      10000.0,
      8.41,
      6.064,
      8.349,
      7.513,
      6.45,
      0.447,
      3.312,
      4.258,
      8.324,
      6.551000000000001,
      5.977,
      0.854,
      10000.0,
      8.465000000000002,
      8.382
    ],
    [
      10000.0,
      10000.0,
      10000.0,
      1.972,
      5.235,
      1.204,
      3.4930000000000003,
      5.9030000000000005,
      8.06,
      5.2330000000000005,
      5.188000000000001,
      0.141,
      5.315,
      4.817,
      7.742000000000001,
      8.465000000000002,
      10000.0,
      0.447
    ],
    [
      10000.0,
      10000.0,
      10000.0,
      1.526,
      5.492000000000001,
      1.6280000000000001,
      3.847,
      6.1850000000000005,
      7.9879999999999995,
      5.109000000000001,
      4.94,
      0.42400000000000004,
      5.604,
      5.064,
      7.685,
      8.382,
      0.447,
      10000.0
    ]
  ],
  "vehicle_cost_matrix": [
    [
      100000.0,
      104.02,
      102.8,
      93.72,
      100000.0,
      31.12,
      26.0,
      77.66,
      100000.0,
      117.04,
      130.24,
      100000.0,
      65.96,
      63.52,
      154.2,
      170.88,
      55.18,
      63.66
    ],
    [
      104.02,
      100000.0,
      126.0,
      124.4,
      100000.0,
      104.86,
      82.36,
      67.08,
      100000.0,
      42.42,
      73.76,
      100000.0,
      66.0,
      52.62,
      51.0,
      68.02,
      112.92,
      113.84
    ],
    [
      102.8,
      126.0,
      100000.0,
      10.2,
      100000.0,
      72.12,
      112.16,
      152.98,
      100000.0,
      100.58,
      84.88,
      100000.0,
      142.24,
      128.94,
      154.98,
      166.02,
      49.2,
      40.24
    ],
    [
      93.72,
      124.4,
      10.2,
      100000.0,
      100000.0,
      62.8,
      104.4,
      147.08,
      100000.0,
      102.16,
      89.38,
      100000.0,
      136.06,
      123.36,
      156.38,
      168.2,
      39.44,
      30.52
    ],
    [
      100000.0,
      100000.0,
      100000.0,
      100000.0,
      100000.0,
      100000.0,
      100000.0,
      100000.0,
      100000.0,
      100000.0,
      100000.0,
      100000.0,
      100000.0,
      100000.0,
      100000.0,
      100000.0,
      100000.0,
      100000.0
    ],
    [
      31.12,
      104.86,
      72.12,
      62.8,
      100000.0,
      100000.0,
      47.54,
      98.18,
      100000.0,
      106.0,
      112.08,
      100000.0,
      86.2,
      78.4,
      151.32,
      166.98,
      24.08,
      32.56
    ],
    [
      26.0,
      82.36,
      112.16,
      104.4,
      100000.0,
      47.54,
      100000.0,
      52.34,
      100000.0,
      102.48,
      121.06,
      100000.0,
      40.44,
      37.74,
      133.3,
      150.26,
      69.86,
      76.94
    ],
    [
      77.66,
      67.08,
      152.98,
      147.08,
      100000.0,
      98.18,
      52.34,
      100000.0,
      100000.0,
      104.78,
      132.74,
      100000.0,
      12.0,
      24.42,
      112.44,
      129.0,
      118.06,
      123.7
    ],
    [
      100000.0,
      100000.0,
      100000.0,
      100000.0,
      100000.0,
      100000.0,
      100000.0,
      100000.0,
      100000.0,
      100000.0,
      100000.0,
      100000.0,
      100000.0,
      100000.0,
      100000.0,
      100000.0,
      100000.0,
      100000.0
    ],
    [
      117.04,
      42.42,
      100.58,
      102.16,
      100000.0,
      106.0,
      102.48,
      104.78,
      100000.0,
      100000.0,
      31.62,
      100000.0,
      100.58,
      84.9,
      54.4,
      66.24,
      104.66,
      102.18
    ],
    [
      130.24,
      73.76,
      84.88,
      89.38,
      100000.0,
      112.08,
      121.06,
      132.74,
      100000.0,
      31.62,
      100000.0,
      100000.0,
      127.02,
      110.92,
      78.02,
      85.16,
      103.76,
      98.8
    ],
    [
      100000.0,
      100000.0,
      100000.0,
      100000.0,
      100000.0,
      100000.0,
      100000.0,
      100000.0,
      100000.0,
      100000.0,
      100000.0,
      100000.0,
      100000.0,
      100000.0,
      100000.0,
      100000.0,
      100000.0,
      100000.0
    ],
    [
      65.96,
      66.0,
      142.24,
      136.06,
      100000.0,
      86.2,
      40.44,
      12.0,
      100000.0,
      100.58,
      127.02,
      100000.0,
      100000.0,
      16.12,
      114.14,
      131.02,
      106.3,
      112.08
    ],
    [
      63.52,
      52.62,
      128.94,
      123.36,
      100000.0,
      78.4,
      37.74,
      24.42,
      100000.0,
      84.9,
      110.92,
      100000.0,
      16.12,
      100000.0,
      102.48,
      119.54,
      96.34,
      101.28
    ],
    [
      154.2,
      51.0,
      154.98,
      156.38,
      100000.0,
      151.32,
      133.3,
      112.44,
      100000.0,
      54.4,
      78.02,
      100000.0,
      114.14,
      102.48,
      100000.0,
      17.08,
      154.84,
      153.7
    ],
    [
      170.88,
      68.02,
      166.02,
      168.2,
      100000.0,
      166.98,
      150.26,
      129.0,
      100000.0,
      66.24,
      85.16,
      100000.0,
      131.02,
      119.54,
      17.08,
      100000.0,
      169.3,
      167.64
    ],
    [
      55.18,
      112.92,
      49.2,
      39.44,
      100000.0,
      24.08,
      69.86,
      118.06,
      100000.0,
      104.66,
      103.76,
      100000.0,
      106.3,
      96.34,
      154.84,
      169.3,
      100000.0,
      8.94
    ],
    [
      63.66,
      113.84,
      40.24,
      30.52,
      100000.0,
      32.56,
      76.94,
      123.7,
      100000.0,
      102.18,
      98.8,
      100000.0,
      112.08,
      101.28,
      153.7,
      167.64,
      8.94,
      100000.0
    ]
  ],
  "robot_cost_matrix": [
    [
      100000.0,
      100000.0,
      100000.0,
      100000.0,
      100000.0,
      100000.0,
      100000.0,
      100000.0,
      100000.0,
      100000.0,
      100000.0,
      100000.0,
      100000.0,
      100000.0,
      100000.0,
      100000.0,
      100000.0,
      100000.0
    ],
    [
      100000.0,
      100000.0,
      100000.0,
      100000.0,
      100000.0,
      100000.0,
      100000.0,
      100000.0,
      100000.0,
      100000.0,
      100000.0,
      100000.0,
      100000.0,
      100000.0,
      100000.0,
      100000.0,
      100000.0,
      100000.0
    ],
    [
      100000.0,
      100000.0,
      100000.0,
      100000.0,
      100000.0,
      100000.0,
      100000.0,
      100000.0,
      100000.0,
      100000.0,
      100000.0,
      100000.0,
      100000.0,
      100000.0,
      100000.0,
      100000.0,
      100000.0,
      100000.0
    ],
    [
      100000.0,
      100000.0,
      100000.0,
      100000.0,
      66.13,
      31.4,
      52.2,
      73.54,
      80.62,
      51.08,
      44.69,
      19.42,
      68.03,
      61.68,
      78.19,
      84.1,
      19.72,
      15.26
    ],
    [
      100000.0,
      100000.0,
      100000.0,
      66.13,
      100000.0,
      43.05,
      21.54,
      7.81,
      56.29,
      45.54,
      59.06,
      51.48,
      5.0,
      4.47,
      52.17,
      60.64,
      52.35,
      54.92
    ],
    [
      100000.0,
      100000.0,
      100000.0,
      31.4,
      43.05,
      100000.0,
      23.77,
      49.09,
      79.21,
      53.0,
      56.04,
      12.04,
      43.1,
      39.2,
      75.66,
      83.49,
      12.04,
      16.28
    ],
    [
      100000.0,
      100000.0,
      100000.0,
      52.2,
      21.54,
      23.77,
      100000.0,
      26.17,
      70.66,
      51.24,
      60.53,
      34.44,
      20.22,
      18.87,
      66.65,
      75.13,
      34.93,
      38.47
    ],
    [
      100000.0,
      100000.0,
      100000.0,
      73.54,
      7.81,
      49.09,
      26.17,
      100000.0,
      60.3,
      52.39,
      66.37,
      58.25,
      6.0,
      12.21,
      56.22,
      64.5,
      59.03,
      61.85
    ],
    [
      100000.0,
      100000.0,
      100000.0,
      80.62,
      56.29,
      79.21,
      70.66,
      60.3,
      100000.0,
      29.55,
      40.11,
      79.2,
      61.19,
      55.36,
      4.12,
      4.47,
      80.6,
      79.88
    ],
    [
      100000.0,
      100000.0,
      100000.0,
      51.08,
      45.54,
      53.0,
      51.24,
      52.39,
      29.55,
      100000.0,
      15.81,
      50.91,
      50.29,
      42.45,
      27.2,
      33.12,
      52.33,
      51.09
    ],
    [
      100000.0,
      100000.0,
      100000.0,
      44.69,
      59.06,
      56.04,
      60.53,
      66.37,
      40.11,
      15.81,
      100000.0,
      50.54,
      63.51,
      55.46,
      39.01,
      42.58,
      51.88,
      49.4
    ],
    [
      100000.0,
      100000.0,
      100000.0,
      19.42,
      51.48,
      12.04,
      34.44,
      58.25,
      79.2,
      50.91,
      50.54,
      100000.0,
      52.39,
      47.27,
      76.03,
      83.24,
      1.41,
      4.24
    ],
    [
      100000.0,
      100000.0,
      100000.0,
      68.03,
      5.0,
      43.1,
      20.22,
      6.0,
      61.19,
      50.29,
      63.51,
      52.39,
      100000.0,
      8.06,
      57.07,
      65.51,
      53.15,
      56.04
    ],
    [
      100000.0,
      100000.0,
      100000.0,
      61.68,
      4.47,
      39.2,
      18.87,
      12.21,
      55.36,
      42.45,
      55.46,
      47.27,
      8.06,
      100000.0,
      51.24,
      59.77,
      48.17,
      50.64
    ],
    [
      100000.0,
      100000.0,
      100000.0,
      78.19,
      52.17,
      75.66,
      66.65,
      56.22,
      4.12,
      27.2,
      39.01,
      76.03,
      57.07,
      51.24,
      100000.0,
      8.54,
      77.42,
      76.85
    ],
    [
      100000.0,
      100000.0,
      100000.0,
      84.1,
      60.64,
      83.49,
      75.13,
      64.5,
      4.47,
      33.12,
      42.58,
      83.24,
      65.51,
      59.77,
      8.54,
      100000.0,
      84.65,
      83.82
    ],
    [
      100000.0,
      100000.0,
      100000.0,
      19.72,
      52.35,
      12.04,
      34.93,
      59.03,
      80.6,
      52.33,
      51.88,
      1.41,
      53.15,
      48.17,
      77.42,
      84.65,
      100000.0,
      4.47
    ],
    [
      100000.0,
      100000.0,
      100000.0,
      15.26,
      54.92,
      16.28,
      38.47,
      61.85,
      79.88,
      51.09,
      49.4,
      4.24,
      56.04,
      50.64,
      76.85,
      83.82,
      4.47,
      100000.0
    ]
  ],
  "vehicle_time_matrix": [
    [
      100000.0,
      1.63,
      1.61,
      1.46,
      100000.0,
      0.49,
      0.41,
      1.21,
      100000.0,
      1.83,
      2.04,
      100000.0,
      1.03,
      0.99,
      2.41,
      2.67,
      0.86,
      0.99
    ],
    [
      1.63,
      100000.0,
      1.97,
      1.94,
      100000.0,
      1.64,
      1.29,
      1.05,
      100000.0,
      0.66,
      1.15,
      100000.0,
      1.03,
      0.82,
      0.8,
      1.06,
      1.76,
      1.78
    ],
    [
      1.61,
      1.97,
      100000.0,
      0.16,
      100000.0,
      1.13,
      1.75,
      2.39,
      100000.0,
      1.57,
      1.33,
      100000.0,
      2.22,
      2.01,
      2.42,
      2.59,
      0.77,
      0.63
    ],
    [
      1.46,
      1.94,
      0.16,
      100000.0,
      100000.0,
      0.98,
      1.63,
      2.3,
      100000.0,
      1.6,
      1.4,
      100000.0,
      2.13,
      1.93,
      2.44,
      2.63,
      0.62,
      0.48
    ],
    [
      100000.0,
      100000.0,
      100000.0,
      100000.0,
      100000.0,
      100000.0,
      100000.0,
      100000.0,
      100000.0,
      100000.0,
      100000.0,
      100000.0,
      100000.0,
      100000.0,
      100000.0,
      100000.0,
      100000.0,
      100000.0
    ],
    [
      0.49,
      1.64,
      1.13,
      0.98,
      100000.0,
      100000.0,
      0.74,
      1.53,
      100000.0,
      1.66,
      1.75,
      100000.0,
      1.35,
      1.23,
      2.36,
      2.61,
      0.38,
      0.51
    ],
    [
      0.41,
      1.29,
      1.75,
      1.63,
      100000.0,
      0.74,
      100000.0,
      0.82,
      100000.0,
      1.6,
      1.89,
      100000.0,
      0.63,
      0.59,
      2.08,
      2.35,
      1.09,
      1.2
    ],
    [
      1.21,
      1.05,
      2.39,
      2.3,
      100000.0,
      1.53,
      0.82,
      100000.0,
      100000.0,
      1.64,
      2.07,
      100000.0,
      0.19,
      0.38,
      1.76,
      2.02,
      1.84,
      1.93
    ],
    [
      100000.0,
      100000.0,
      100000.0,
      100000.0,
      100000.0,
      100000.0,
      100000.0,
      100000.0,
      100000.0,
      100000.0,
      100000.0,
      100000.0,
      100000.0,
      100000.0,
      100000.0,
      100000.0,
      100000.0,
      100000.0
    ],
    [
      1.83,
      0.66,
      1.57,
      1.6,
      100000.0,
      1.66,
      1.6,
      1.64,
      100000.0,
      100000.0,
      0.49,
      100000.0,
      1.57,
      1.33,
      0.85,
      1.03,
      1.64,
      1.6
    ],
    [
      2.04,
      1.15,
      1.33,
      1.4,
      100000.0,
      1.75,
      1.89,
      2.07,
      100000.0,
      0.49,
      100000.0,
      100000.0,
      1.98,
      1.73,
      1.22,
      1.33,
      1.62,
      1.54
    ],
    [
      100000.0,
      100000.0,
      100000.0,
      100000.0,
      100000.0,
      100000.0,
      100000.0,
      100000.0,
      100000.0,
      100000.0,
      100000.0,
      100000.0,
      100000.0,
      100000.0,
      100000.0,
      100000.0,
      100000.0,
      100000.0
    ],
    [
      1.03,
      1.03,
      2.22,
      2.13,
      100000.0,
      1.35,
      0.63,
      0.19,
      100000.0,
      1.57,
      1.98,
      100000.0,
      100000.0,
      0.25,
      1.78,
      2.05,
      1.66,
      1.75
    ],
    [
      0.99,
      0.82,
      2.01,
      1.93,
      100000.0,
      1.23,
      0.59,
      0.38,
      100000.0,
      1.33,
      1.73,
      100000.0,
      0.25,
      100000.0,
      1.6,
      1.87,
      1.51,
      1.58
    ],
    [
      2.41,
      0.8,
      2.42,
      2.44,
      100000.0,
      2.36,
      2.08,
      1.76,
      100000.0,
      0.85,
      1.22,
      100000.0,
      1.78,
      1.6,
      100000.0,
      0.27,
      2.42,
      2.4
    ],
    [
      2.67,
      1.06,
      2.59,
      2.63,
      100000.0,
      2.61,
      2.35,
      2.02,
      100000.0,
      1.03,
      1.33,
      100000.0,
      2.05,
      1.87,
      0.27,
      100000.0,
      2.65,
      2.62
    ],
    [
      0.86,
      1.76,
      0.77,
      0.62,
      100000.0,
      0.38,
      1.09,
      1.84,
      100000.0,
      1.64,
      1.62,
      100000.0,
      1.66,
      1.51,
      2.42,
      2.65,
      100000.0,
      0.14
    ],
    [
      0.99,
      1.78,
      0.63,
      0.48,
      100000.0,
      0.51,
      1.2,
      1.93,
      100000.0,
      1.6,
      1.54,
      100000.0,
      1.75,
      1.58,
      2.4,
      2.62,
      0.14,
      100000.0
    ]
  ],
  "robot_time_matrix": [
    [
      100000.0,
      100000.0,
      100000.0,
      100000.0,
      100000.0,
      100000.0,
      100000.0,
      100000.0,
      100000.0,
      100000.0,
      100000.0,
      100000.0,
      100000.0,
      100000.0,
      100000.0,
      100000.0,
      100000.0,
      100000.0
    ],
    [
      100000.0,
      100000.0,
      100000.0,
      100000.0,
      100000.0,
      100000.0,
      100000.0,
      100000.0,
      100000.0,
      100000.0,
      100000.0,
      100000.0,
      100000.0,
      100000.0,
      100000.0,
      100000.0,
      100000.0,
      100000.0
    ],
    [
      100000.0,
      100000.0,
      100000.0,
      100000.0,
      100000.0,
      100000.0,
      100000.0,
      100000.0,
      100000.0,
      100000.0,
      100000.0,
      100000.0,
      100000.0,
      100000.0,
      100000.0,
      100000.0,
      100000.0,
      100000.0
    ],
    [
      100000.0,
      100000.0,
      100000.0,
      100000.0,
      6.61,
      3.14,
      5.22,
      7.35,
      8.06,
      5.11,
      4.47,
      1.94,
      6.8,
      6.17,
      7.82,
      8.41,
      1.97,
      1.53
    ],
    [
      100000.0,
      100000.0,
      100000.0,
      6.61,
      100000.0,
      4.3,
      2.15,
      0.78,
      5.63,
      4.55,
      5.91,
      5.15,
      0.5,
      0.45,
      5.22,
      6.06,
      5.24,
      5.49
    ],
    [
      100000.0,
      100000.0,
      100000.0,
      3.14,
      4.3,
      100000.0,
      2.38,
      4.91,
      7.92,
      5.3,
      5.6,
      1.2,
      4.31,
      3.92,
      7.57,
      8.35,
      1.2,
      1.63
    ],
    [
      100000.0,
      100000.0,
      100000.0,
      5.22,
      2.15,
      2.38,
      100000.0,
      2.62,
      7.07,
      5.12,
      6.05,
      3.44,
      2.02,
      1.89,
      6.67,
      7.51,
      3.49,
      3.85
    ],
    [
      100000.0,
      100000.0,
      100000.0,
      7.35,
      0.78,
      4.91,
      2.62,
      100000.0,
      6.03,
      5.24,
      6.64,
      5.83,
      0.6,
      1.22,
      5.62,
      6.45,
      5.9,
      6.19
    ],
    [
      100000.0,
      100000.0,
      100000.0,
      8.06,
      5.63,
      7.92,
      7.07,
      6.03,
      100000.0,
      2.96,
      4.01,
      7.92,
      6.12,
      5.54,
      0.41,
      0.45,
      8.06,
      7.99
    ],
    [
      100000.0,
      100000.0,
      100000.0,
      5.11,
      4.55,
      5.3,
      5.12,
      5.24,
      2.96,
      100000.0,
      1.58,
      5.09,
      5.03,
      4.25,
      2.72,
      3.31,
      5.23,
      5.11
    ],
    [
      100000.0,
      100000.0,
      100000.0,
      4.47,
      5.91,
      5.6,
      6.05,
      6.64,
      4.01,
      1.58,
      100000.0,
      5.05,
      6.35,
      5.55,
      3.9,
      4.26,
      5.19,
      4.94
    ],
    [
      100000.0,
      100000.0,
      100000.0,
      1.94,
      5.15,
      1.2,
      3.44,
      5.83,
      7.92,
      5.09,
      5.05,
      100000.0,
      5.24,
      4.73,
      7.6,
      8.32,
      0.14,
      0.42
    ],
    [
      100000.0,
      100000.0,
      100000.0,
      6.8,
      0.5,
      4.31,
      2.02,
      0.6,
      6.12,
      5.03,
      6.35,
      5.24,
      100000.0,
      0.81,
      5.71,
      6.55,
      5.31,
      5.6
    ],
    [
      100000.0,
      100000.0,
      100000.0,
      6.17,
      0.45,
      3.92,
      1.89,
      1.22,
      5.54,
      4.25,
      5.55,
      4.73,
      0.81,
      100000.0,
      5.12,
      5.98,
      4.82,
      5.06
    ],
    [
      100000.0,
      100000.0,
      100000.0,
      7.82,
      5.22,
      7.57,
      6.67,
      5.62,
      0.41,
      2.72,
      3.9,
      7.6,
      5.71,
      5.12,
      100000.0,
      0.85,
      7.74,
      7.68
    ],
    [
      100000.0,
      100000.0,
      100000.0,
      8.41,
      6.06,
      8.35,
      7.51,
      6.45,
      0.45,
      3.31,
      4.26,
      8.32,
      6.55,
      5.98,
      0.85,
      100000.0,
      8.46,
      8.38
    ],
    [
      100000.0,
      100000.0,
      100000.0,
      1.97,
      5.24,
      1.2,
      3.49,
      5.9,
      8.06,
      5.23,
      5.19,
      0.14,
      5.31,
      4.82,
      7.74,
      8.46,
      100000.0,
      0.45
    ],
    [
      100000.0,
      100000.0,
      100000.0,
      1.53,
      5.49,
      1.63,
      3.85,
      6.19,
      7.99,
      5.11,
      4.94,
      0.42,
      5.6,
      5.06,
      7.68,
      8.38,
      0.45,
      100000.0
    ]
  ],
  "cus_with_depot": {
    "0": [
      3,
      4,
      5
    ],
    "1": [
      6,
      7,
      8
    ],
    "2": [
      9,
      10,
      11
    ]
  },
  "veh_with_depot": {
    "0": [
      0
    ],
    "1": [
      1
    ],
    "2": [
      2
    ]
  },
  "veh_depot_dict": {
    "0": 0,
    "1": 1,
    "2": 2
  },
  "depot_with_node": {
    "0": [
      3,
      4,
      5,
      12,
      13,
      0
    ],
    "1": [
      6,
      7,
      8,
      14,
      15,
      1
    ],
    "2": [
      9,
      10,
      11,
      16,
      17,
      2
    ]
  },
  "VC2_with_VP": {
    "4": [
      12,
      13
    ],
    "8": [
      14,
      15
    ],
    "11": [
      16,
      17
    ]
  },
  "max_travel_time": 154.37,
  "cf": 50,
  "vehicle_speed": 32,
  "robot_speed": 10,
  "vehicle_cost": 2,
  "robot_cost": 1,
  "very_big": 100000.0,
  "veh_cap": 300,
  "rob_cap": 30,
  "rob_weight": 30,
  "operation_time": 5,
  "veh_dist_ub": 300,
  "robot_ub": 3,
  "robot_unit_consumption": 0.1
}