{
  "name": "M-d3-n12-k1-p2",
  "V_coordinates": [
    [
      73,
      50
    ],
    [
      32,
      82
    ],
    [
      32,
      19
    ],
    [
      69,
      59
    ],
    [
      17,
      67
    ],
    [
      33,
      63
    ],
    [
      97,
      96
    ],
    [
      28,
      85
    ],
    [
      20,
      47
    ],
    [
      59,
      97
    ],
    [
      68,
      69
    ],
    [
      68,
      75
    ],
    [
      34,
      49
    ],
    [
      65,
      88
    ],
    [
      8,
      54
    ],
    [
      55,
      80
    ],
    [
      80,
      18
    ],
    [
      97,
      34
    ],
    [
      42,
      7
    ],
    [
      53,
      31
    ],
    [
      58,
      76
    ],
    [
      37,
      20
    ],
    [
      29,
      43
    ],
    [
      60,
      82
    ],
    [
      92,
      32
    ],
    [
      8,
      72
    ],
    [
      68,
      62
    ],
    [
      34,
      91
    ],
    [
      5,
      94
    ],
    [
      88,
      74
    ],
    [
      6,
      53
    ],
    [
      45,
      8
    ],
    [
      87,
      17
    ],
    [
      62,
      39
    ],
    [
      33,
      61
    ],
    [
      97,
      42
    ],
    [
      69,
      90
    ],
    [
      41,
      80
    ],
    [
      7,
      8
    ],
    [
      32,
      64
    ],
    [
      28,
      63
    ],
    [
      63,
      36
    ],
    [
      59,
      38
    ],
    [
      46,
      9
    ],
    [
      40,
      6
    ],
    [
      5,
      98
    ],
    [
      4,
      93
    ],
    [
      91,
      76
    ],
    [
      87,
      75
    ],
    [
      7,
      51
    ],
    [
      7,
      57
    ],
    [
      10,
      8
    ],
    [
      5,
      9
    ],
    [
      24,
      50
    ],
    [
      18,
      47
    ],
    [
      42,
      5
    ],
    [
      46,
      8
    ],
    [
      96,
      39
    ],
    [
      98,
      47
    ],
    [
      60,
      94
    ],
    [
      56,
      99
    ],
    [
      63,
      91
    ],
    [
      67,
      89
    ]
  ],
  "V": [
    0,
    1,
    2,
    3,
    4,
    5,
    6,
    7,
    8,
    9,
    10,
    11,
    12,
    13,
    14,
    15,
    16,
    17,
    18,
    19,
    20,
    21,
    22,
    23,
    24,
    25,
    26,
    27,
    28,
    29,
    30,
    31,
    32,
    33,
    34,
    35,
    36,
    37,
    38,
    39,
    40,
    41,
    42,
    43,
    44,
    45,
    46,
    47,
    48,
    49,
    50,
    51,
    52,
    53,
    54,
    55,
    56,
    57,
    58,
    59,
    60,
    61,
    62
  ],
  "VD": [
    0,
    1,
    2
  ],
  "VC": [
    3,
    4,
    5,
    6,
    7,
    8,
    9,
    10,
    11,
    12,
    13,
    14,
    15,
    16,
    17,
    18,
    19,
    20,
    21,
    22,
    23,
    24,
    25,
    26,
    27,
    28,
    29,
    30,
    31,
    32,
    33,
    34,
    35,
    36,
    37,
    38
  ],
  "VP": [
    39,
    40,
    41,
    42,
    43,
    44,
    45,
    46,
    47,
    48,
    49,
    50,
    51,
    52,
    53,
    54,
    55,
    56,
    57,
    58,
    59,
    60,
    61,
    62
  ],
  "VC1": [
    3,
    4,
    6,
    7,
    10,
    11,
    12,
    15,
    16,
    17,
    19,
    20,
    21,
    22,
    23,
    24,
    25,
    26,
    27,
    30,
    32,
    34,
    36,
    37
  ],
  "VC2": [
    5,
    33,
    18,
    28,
    29,
    14,
    38,
    8,
    31,
    35,
    9,
    13
  ],
  "demand": [
    0,
    0,
    0,
    16,
    11,
    19,
    12,
    12,
    19,
    19,
    15,
    23,
    28,
    18,
    14,
    10,
    27,
    11,
    28,
    16,
    28,
    24,
    15,
    29,
    26,
    11,
    22,
    16,
    21,
    13,
    16,
    28,
    23,
    28,
    16,
    25,
    13,
    22,
    19,
    0,
    0,
    0,
    0,
    0,
    0,
    0,
    0,
    0,
    0,
    0,
    0,
    0,
    0,
    0,
    0,
    0,
    0,
    0,
    0,
    0,
    0,
    0,
    0
  ],
  "service_time": [
    0,
    0,
    0,
    18,
    17,
    10,
    15,
    19,
    16,
    14,
    10,
    12,
    13,
    15,
    19,
    12,
    15,
    16,
    13,
    14,
    20,
    11,
    16,
    18,
    15,
    20,
    18,
    17,
    18,
    13,
    11,
    10,
    11,
    12,
    12,
    12,
    18,
    13,
    14,
    0,
    0,
    0,
    0,
    0,
    0,
    0,
    0,
    0,
    0,
    0,
    0,
    0,
    0,
    0,
    0,
    0,
    0,
    0,
    0,
    0,
    0,
    0,
    0
  ],
  "K": [
    0,
    1,
    2
  ],
  "veh_dist_matrix": [
    [
      100000.0,
      52.01,
      51.4,
      9.85,
      58.52,
      100000.0,
      51.88,
      57.01,
      100000.0,
      100000.0,
      19.65,
      25.5,
      39.01,
      100000.0,
      100000.0,
      34.99,
      32.76,
      28.84,
      100000.0,
      27.59,
      30.02,
      46.86,
      44.55,
      34.54,
      26.17,
      68.62,
      13.0,
      56.59,
      100000.0,
      100000.0,
      67.07,
      100000.0,
      35.85,
      100000.0,
      41.48,
      100000.0,
      40.2,
      43.86,
      100000.0,
      43.32,
      46.84,
      17.2,
      18.44,
      49.09,
      55.0,
      83.23,
      81.3,
      31.62,
      28.65,
      66.01,
      66.37,
      75.72,
      79.4,
      49.0,
      55.08,
      54.64,
      49.93,
      25.5,
      25.18,
      45.88,
      51.87,
      42.2,
      39.46
    ],
    [
      52.01,
      100000.0,
      63.0,
      43.57,
      21.21,
      100000.0,
      66.49,
      5.0,
      100000.0,
      100000.0,
      38.28,
      36.67,
      33.06,
      100000.0,
      100000.0,
      23.09,
      80.0,
      80.8,
      100000.0,
      55.15,
      26.68,
      62.2,
      39.12,
      28.0,
      78.1,
      26.0,
      41.18,
      9.22,
      100000.0,
      100000.0,
      38.95,
      100000.0,
      85.15,
      100000.0,
      21.02,
      100000.0,
      37.85,
      9.22,
      100000.0,
      18.0,
      19.42,
      55.47,
      51.62,
      74.33,
      76.42,
      31.38,
      30.08,
      59.3,
      55.44,
      39.82,
      35.36,
      77.2,
      77.83,
      32.98,
      37.7,
      77.65,
      75.31,
      77.1,
      74.71,
      30.46,
      29.41,
      32.28,
      35.69
    ],
    [
      51.4,
      63.0,
      100000.0,
      54.49,
      50.29,
      100000.0,
      100.77,
      66.12,
      100000.0,
      100000.0,
      61.61,
      66.57,
      30.07,
      100000.0,
      100000.0,
      65.19,
      48.01,
      66.71,
      100000.0,
      24.19,
      62.65,
      5.1,
      24.19,
      68.94,
      61.39,
      58.18,
      56.08,
      72.03,
      100000.0,
      100000.0,
      42.8,
      100000.0,
      55.04,
      100000.0,
      42.01,
      100000.0,
      80.06,
      61.66,
      100000.0,
      45.0,
      44.18,
      35.36,
      33.02,
      17.2,
      15.26,
      83.49,
      79.12,
      82.04,
      78.49,
      40.61,
      45.49,
      24.6,
      28.79,
      32.02,
      31.3,
      17.2,
      17.8,
      67.05,
      71.69,
      80.06,
      83.52,
      78.39,
      78.26
    ],
    [
      9.85,
      43.57,
      54.49,
      100000.0,
      52.61,
      100000.0,
      46.4,
      48.55,
      100000.0,
      100000.0,
      10.05,
      16.03,
      36.4,
      100000.0,
      100000.0,
      25.24,
      42.45,
      37.54,
      100000.0,
      32.25,
      20.25,
      50.45,
      43.08,
      24.7,
      35.47,
      62.37,
      3.16,
      47.42,
      100000.0,
      100000.0,
      63.29,
      100000.0,
      45.69,
      100000.0,
      36.06,
      100000.0,
      31.0,
      35.0,
      100000.0,
      37.34,
      41.19,
      23.77,
      23.26,
      55.04,
      60.42,
      74.95,
      73.36,
      27.8,
      24.08,
      62.51,
      62.03,
      77.99,
      81.22,
      45.89,
      52.39,
      60.37,
      55.95,
      33.6,
      31.38,
      36.14,
      42.06,
      32.56,
      30.07
    ],
    [
      58.52,
      21.21,
      50.29,
      52.61,
      100000.0,
      100000.0,
      85.09,
      21.1,
      100000.0,
      100000.0,
      51.04,
      51.62,
      24.76,
      100000.0,
      100000.0,
      40.16,
      79.81,
      86.54,
      100000.0,
      50.91,
      41.98,
      51.08,
      26.83,
      45.54,
      82.76,
      10.3,
      51.24,
      29.41,
      100000.0,
      100000.0,
      17.8,
      100000.0,
      86.02,
      100000.0,
      17.09,
      100000.0,
      56.86,
      27.29,
      100000.0,
      15.3,
      11.7,
      55.47,
      51.04,
      64.85,
      65.19,
      33.24,
      29.07,
      74.55,
      70.46,
      18.87,
      14.14,
      59.41,
      59.23,
      18.38,
      20.02,
      66.85,
      65.74,
      83.82,
      83.43,
      50.77,
      50.45,
      51.88,
      54.63
    ],
    [
      100000.0,
      100000.0,
      100000.0,
      100000.0,
      100000.0,
      100000.0,
      100000.0,
      100000.0,
      100000.0,
      100000.0,
      100000.0,
      100000.0,
      100000.0,
      100000.0,
      100000.0,
      100000.0,
      100000.0,
      100000.0,
      100000.0,
      100000.0,
      100000.0,
      100000.0,
      100000.0,
      100000.0,
      100000.0,
      100000.0,
      100000.0,
      100000.0,
      100000.0,
      100000.0,
      100000.0,
      100000.0,
      100000.0,
      100000.0,
      100000.0,
      100000.0,
      100000.0,
      100000.0,
      100000.0,
      100000.0,
      100000.0,
      100000.0,
      100000.0,
      100000.0,
      100000.0,
      100000.0,
      100000.0,
      100000.0,
      100000.0,
      100000.0,
      100000.0,
      100000.0,
      100000.0,
      100000.0,
      100000.0,
      100000.0,
      100000.0,
      100000.0,
      100000.0,
      100000.0,
      100000.0,
      100000.0,
      100000.0
    ],
    [
      51.88,
      66.49,
      100.77,
      46.4,
      85.09,
      100000.0,
      100000.0,
      69.87,
      100000.0,
      100000.0,
      39.62,
      35.81,
      78.6,
      100000.0,
      100000.0,
      44.94,
      79.83,
      62.0,
      100000.0,
      78.49,
      43.83,
      96.83,
      86.21,
      39.56,
      64.2,
      92.18,
      44.69,
      63.2,
      100000.0,
      100000.0,
      100.65,
      100000.0,
      79.63,
      100000.0,
      72.95,
      100000.0,
      28.64,
      58.24,
      100000.0,
      72.45,
      76.49,
      68.96,
      69.34,
      100.85,
      106.53,
      92.02,
      93.05,
      20.88,
      23.26,
      100.62,
      98.09,
      123.75,
      126.62,
      86.28,
      92.96,
      106.33,
      101.71,
      57.01,
      49.01,
      37.05,
      41.11,
      34.37,
      30.81
    ],
    [
      57.01,
      5.0,
      66.12,
      48.55,
      21.1,
      100000.0,
      69.87,
      100000.0,
      100000.0,
      100000.0,
      43.08,
      41.23,
      36.5,
      100000.0,
      100000.0,
      27.46,
      84.81,
      85.8,
      100000.0,
      59.51,
      31.32,
      65.62,
      42.01,
      32.14,
      83.1,
      23.85,
      46.14,
      8.49,
      100000.0,
      100000.0,
      38.83,
      100000.0,
      90.03,
      100000.0,
      24.52,
      100000.0,
      41.3,
      13.93,
      100000.0,
      21.38,
      22.0,
      60.22,
      56.3,
      78.1,
      79.91,
      26.42,
      25.3,
      63.64,
      59.84,
      39.96,
      35.0,
      79.08,
      79.4,
      35.23,
      39.29,
      81.22,
      79.08,
      82.1,
      79.65,
      33.24,
      31.3,
      35.51,
      39.2
    ],
    [
      100000.0,
      100000.0,
      100000.0,
      100000.0,
      100000.0,
      100000.0,
      100000.0,
      100000.0,
      100000.0,
      100000.0,
      100000.0,
      100000.0,
      100000.0,
      100000.0,
      100000.0,
      100000.0,
      100000.0,
      100000.0,
      100000.0,
      100000.0,
      100000.0,
      100000.0,
      100000.0,
      100000.0,
      100000.0,
      100000.0,
      100000.0,
      100000.0,
      100000.0,
      100000.0,
      100000.0,
      100000.0,
      100000.0,
      100000.0,
      100000.0,
      100000.0,
      100000.0,
      100000.0,
      100000.0,
      100000.0,
      100000.0,
      100000.0,
      100000.0,
      100000.0,
      100000.0,
      100000.0,
      100000.0,
      100000.0,
      100000.0,
      100000.0,
      100000.0,
      100000.0,
      100000.0,
      100000.0,
      100000.0,
      100000.0,
      100000.0,
      100000.0,
      100000.0,
      100000.0,
      100000.0,
      100000.0,
      100000.0
    ],
    [
      100000.0,
      100000.0,
      100000.0,
      100000.0,
      100000.0,
      100000.0,
      100000.0,
      100000.0,
      100000.0,
      100000.0,
      100000.0,
      100000.0,
      100000.0,
      100000.0,
      100000.0,
      100000.0,
      100000.0,
      100000.0,
      100000.0,
      100000.0,
      100000.0,
      100000.0,
      100000.0,
      100000.0,
      100000.0,
      100000.0,
      100000.0,
      100000.0,
      100000.0,
      100000.0,
      100000.0,
      100000.0,
      100000.0,
      100000.0,
      100000.0,
      100000.0,
      100000.0,
      100000.0,
      100000.0,
      100000.0,
      100000.0,
      100000.0,
      100000.0,
      100000.0,
      100000.0,
      100000.0,
      100000.0,
      100000.0,
      100000.0,
      100000.0,
      100000.0,
      100000.0,
      100000.0,
      100000.0,
      100000.0,
      100000.0,
      100000.0,
      100000.0,
      100000.0,
      100000.0,
      100000.0,
      100000.0,
      100000.0
    ],
    [
      19.65,
      38.28,
      61.61,
      10.05,
      51.04,
      100000.0,
      39.62,
      43.08,
      100000.0,
      100000.0,
      100000.0,
      6.0,
      39.45,
      100000.0,
      100000.0,
      17.03,
      52.39,
      45.45,
      100000.0,
      40.85,
      12.21,
      57.98,
      46.87,
      15.26,
      44.1,
      60.07,
      7.0,
      40.5,
      100000.0,
      100000.0,
      64.03,
      100000.0,
      55.36,
      100000.0,
      35.9,
      100000.0,
      21.02,
      29.15,
      100000.0,
      36.35,
      40.45,
      33.38,
      32.28,
      63.91,
      68.94,
      69.35,
      68.35,
      24.04,
      19.92,
      63.6,
      62.17,
      84.17,
      87.0,
      47.93,
      54.63,
      69.08,
      64.85,
      41.04,
      37.2,
      26.25,
      32.31,
      22.56,
      20.02
    ],
    [
      25.5,
      36.67,
      66.57,
      16.03,
      51.62,
      100000.0,
      35.81,
      41.23,
      100000.0,
      100000.0,
      6.0,
      100000.0,
      42.8,
      100000.0,
      100000.0,
      13.93,
      58.25,
      50.22,
      100000.0,
      46.49,
      10.05,
      63.13,
      50.45,
      10.63,
      49.24,
      60.07,
      13.0,
      37.58,
      100000.0,
      100000.0,
      65.79,
      100000.0,
      61.03,
      100000.0,
      37.7,
      100000.0,
      15.03,
      27.46,
      100000.0,
      37.64,
      41.76,
      39.32,
      38.08,
      69.57,
      74.46,
      67.07,
      66.48,
      23.02,
      19.0,
      65.55,
      63.6,
      88.62,
      91.24,
      50.61,
      57.31,
      74.67,
      70.52,
      45.61,
      41.04,
      20.62,
      26.83,
      16.76,
      14.04
    ],
    [
      39.01,
      33.06,
      30.07,
      36.4,
      24.76,
      100000.0,
      78.6,
      36.5,
      100000.0,
      100000.0,
      39.45,
      42.8,
      100000.0,
      100000.0,
      100000.0,
      37.44,
      55.47,
      64.76,
      100000.0,
      26.17,
      36.12,
      29.15,
      7.81,
      42.01,
      60.44,
      34.71,
      36.4,
      42.0,
      100000.0,
      100000.0,
      28.28,
      100000.0,
      61.91,
      100000.0,
      12.04,
      100000.0,
      53.91,
      31.78,
      100000.0,
      15.13,
      15.23,
      31.78,
      27.31,
      41.76,
      43.42,
      56.94,
      53.25,
      63.07,
      59.03,
      27.07,
      28.16,
      47.51,
      49.41,
      10.05,
      16.12,
      44.72,
      42.72,
      62.8,
      64.03,
      51.97,
      54.63,
      51.04,
      51.86
    ],
    [
      100000.0,
      100000.0,
      100000.0,
      100000.0,
      100000.0,
      100000.0,
      100000.0,
      100000.0,
      100000.0,
      100000.0,
      100000.0,
      100000.0,
      100000.0,
      100000.0,
      100000.0,
      100000.0,
      100000.0,
      100000.0,
      100000.0,
      100000.0,
      100000.0,
      100000.0,
      100000.0,
      100000.0,
      100000.0,
      100000.0,
      100000.0,
      100000.0,
      100000.0,
      100000.0,
      100000.0,
      100000.0,
      100000.0,
      100000.0,
      100000.0,
      100000.0,
      100000.0,
      100000.0,
      100000.0,
      100000.0,
      100000.0,
      100000.0,
      100000.0,
      100000.0,
      100000.0,
      100000.0,
      100000.0,
      100000.0,
      100000.0,
      100000.0,
      100000.0,
      100000.0,
      100000.0,
      100000.0,
      100000.0,
      100000.0,
      100000.0,
      100000.0,
      100000.0,
      100000.0,
      100000.0,
      100000.0,
      100000.0
    ],
    [
      100000.0,
      100000.0,
      100000.0,
      100000.0,
      100000.0,
      100000.0,
      100000.0,
      100000.0,
      100000.0,
      100000.0,
      100000.0,
      100000.0,
      100000.0,
      100000.0,
      100000.0,
      100000.0,
      100000.0,
      100000.0,
      100000.0,
      100000.0,
      100000.0,
      100000.0,
      100000.0,
      100000.0,
      100000.0,
      100000.0,
      100000.0,
      100000.0,
      100000.0,
      100000.0,
      100000.0,
      100000.0,
      100000.0,
      100000.0,
      100000.0,
      100000.0,
      100000.0,
      100000.0,
      100000.0,
      100000.0,
      100000.0,
      100000.0,
      100000.0,
      100000.0,
      100000.0,
      100000.0,
      100000.0,
      100000.0,
      100000.0,
      100000.0,
      100000.0,
      100000.0,
      100000.0,
      100000.0,
      100000.0,
      100000.0,
      100000.0,
      100000.0,
      100000.0,
      100000.0,
      100000.0,
      100000.0,
      100000.0
    ],
    [
      34.99,
      23.09,
      65.19,
      25.24,
      40.16,
      100000.0,
      44.94,
      27.46,
      100000.0,
      100000.0,
      17.03,
      13.93,
      37.44,
      100000.0,
      100000.0,
      100000.0,
      66.85,
      62.29,
      100000.0,
      49.04,
      5.0,
      62.64,
      45.22,
      5.39,
      60.61,
      47.68,
      22.2,
      23.71,
      100000.0,
      100000.0,
      55.95,
      100000.0,
      70.66,
      100000.0,
      29.07,
      100000.0,
      17.2,
      14.0,
      100000.0,
      28.02,
      31.91,
      44.72,
      42.19,
      71.57,
      75.5,
      53.14,
      52.63,
      36.22,
      32.39,
      56.08,
      53.23,
      84.91,
      86.84,
      43.14,
      49.58,
      76.12,
      72.56,
      57.98,
      54.2,
      14.87,
      19.03,
      13.6,
      15.0
    ],
    [
      32.76,
      80.0,
      48.01,
      42.45,
      79.81,
      100000.0,
      79.83,
      84.81,
      100000.0,
      100000.0,
      52.39,
      58.25,
      55.47,
      100000.0,
      100000.0,
      66.85,
      100000.0,
      23.35,
      100000.0,
      29.97,
      62.03,
      43.05,
      56.8,
      67.05,
      18.44,
      90.0,
      45.61,
      86.28,
      100000.0,
      100000.0,
      81.86,
      100000.0,
      7.07,
      100000.0,
      63.7,
      100000.0,
      72.84,
      73.25,
      100000.0,
      66.48,
      68.77,
      24.76,
      29.0,
      35.17,
      41.76,
      109.66,
      106.78,
      59.03,
      57.43,
      80.11,
      82.76,
      70.71,
      75.54,
      64.5,
      68.45,
      40.16,
      35.44,
      26.4,
      34.13,
      78.59,
      84.48,
      74.95,
      72.18
    ],
    [
      28.84,
      80.8,
      66.71,
      37.54,
      86.54,
      100000.0,
      62.0,
      85.8,
      100000.0,
      100000.0,
      45.45,
      50.22,
      64.76,
      100000.0,
      100000.0,
      62.29,
      23.35,
      100000.0,
      100000.0,
      44.1,
      57.31,
      61.61,
      68.59,
      60.61,
      5.39,
      96.77,
      40.31,
      84.96,
      100000.0,
      100000.0,
      92.96,
      100000.0,
      19.72,
      100000.0,
      69.46,
      100000.0,
      62.61,
      72.47,
      100000.0,
      71.59,
      74.85,
      34.06,
      38.21,
      56.8,
      63.51,
      112.07,
      110.14,
      42.43,
      42.2,
      91.59,
      92.89,
      90.8,
      95.34,
      74.73,
      80.06,
      62.18,
      57.25,
      5.1,
      13.04,
      70.49,
      76.85,
      66.37,
      62.65
    ],
    [
      100000.0,
      100000.0,
      100000.0,
      100000.0,
      100000.0,
      100000.0,
      100000.0,
      100000.0,
      100000.0,
      100000.0,
      100000.0,
      100000.0,
      100000.0,
      100000.0,
      100000.0,
      100000.0,
      100000.0,
      100000.0,
      100000.0,
      100000.0,
      100000.0,
      100000.0,
      100000.0,
      100000.0,
      100000.0,
      100000.0,
      100000.0,
      100000.0,
      100000.0,
      100000.0,
      100000.0,
      100000.0,
      100000.0,
      100000.0,
      100000.0,
      100000.0,
      100000.0,
      100000.0,
      100000.0,
      100000.0,
      100000.0,
      100000.0,
      100000.0,
      100000.0,
      100000.0,
      100000.0,
      100000.0,
      100000.0,
      100000.0,
      100000.0,
      100000.0,
      100000.0,
      100000.0,
      100000.0,
      100000.0,
      100000.0,
      100000.0,
      100000.0,
      100000.0,
      100000.0,
      100000.0,
      100000.0,
      100000.0
    ],
    [
      27.59,
      55.15,
      24.19,
      32.25,
      50.91,
      100000.0,
      78.49,
      59.51,
      100000.0,
      100000.0,
      40.85,
      46.49,
      26.17,
      100000.0,
      100000.0,
      49.04,
      29.97,
      44.1,
      100000.0,
      100000.0,
      45.28,
      19.42,
      26.83,
      51.48,
      39.01,
      60.88,
      34.44,
      62.94,
      100000.0,
      100000.0,
      51.89,
      100000.0,
      36.77,
      100000.0,
      36.06,
      100000.0,
      61.13,
      50.45,
      100000.0,
      39.12,
      40.61,
      11.18,
      9.22,
      23.09,
      28.18,
      82.42,
      79.03,
      58.9,
      55.61,
      50.16,
      52.84,
      48.76,
      52.8,
      34.67,
      38.48,
      28.23,
      24.04,
      43.74,
      47.76,
      63.39,
      68.07,
      60.83,
      59.67
    ],
    [
      30.02,
      26.68,
      62.65,
      20.25,
      41.98,
      100000.0,
      43.83,
      31.32,
      100000.0,
      100000.0,
      12.21,
      10.05,
      36.12,
      100000.0,
      100000.0,
      5.0,
      62.03,
      57.31,
      100000.0,
      45.28,
      100000.0,
      59.81,
      43.93,
      6.32,
      55.61,
      50.16,
      17.2,
      28.3,
      100000.0,
      100000.0,
      56.86,
      100000.0,
      65.74,
      100000.0,
      29.15,
      100000.0,
      17.8,
      17.46,
      100000.0,
      28.64,
      32.7,
      40.31,
      38.01,
      68.07,
      72.28,
      57.38,
      56.61,
      33.0,
      29.02,
      56.8,
      54.42,
      83.23,
      85.43,
      42.8,
      49.41,
      72.78,
      69.05,
      53.04,
      49.41,
      18.11,
      23.09,
      15.81,
      15.81
    ],
    [
      46.86,
      62.2,
      5.1,
      50.45,
      51.08,
      100000.0,
      96.83,
      65.62,
      100000.0,
      100000.0,
      57.98,
      63.13,
      29.15,
      100000.0,
      100000.0,
      62.64,
      43.05,
      61.61,
      100000.0,
      19.42,
      59.81,
      100000.0,
      24.35,
      66.13,
      56.29,
      59.54,
      52.2,
      71.06,
      100000.0,
      100000.0,
      45.28,
      100000.0,
      50.09,
      100000.0,
      41.19,
      100000.0,
      76.97,
      60.13,
      100000.0,
      44.28,
      43.93,
      30.53,
      28.43,
      14.21,
      14.32,
      84.31,
      80.11,
      77.79,
      74.33,
      43.14,
      47.63,
      29.55,
      33.84,
      32.7,
      33.02,
      15.81,
      15.0,
      61.98,
      66.71,
      77.49,
      81.25,
      75.61,
      75.24
    ],
    [
      44.55,
      39.12,
      24.19,
      43.08,
      26.83,
      100000.0,
      86.21,
      42.01,
      100000.0,
      100000.0,
      46.87,
      50.45,
      7.81,
      100000.0,
      100000.0,
      45.22,
      56.8,
      68.59,
      100000.0,
      26.83,
      43.93,
      24.35,
      100000.0,
      49.82,
      63.95,
      35.81,
      43.38,
      48.26,
      100000.0,
      100000.0,
      25.08,
      100000.0,
      63.56,
      100000.0,
      18.44,
      100000.0,
      61.72,
      38.9,
      100000.0,
      21.21,
      20.02,
      34.71,
      30.41,
      38.01,
      38.6,
      60.01,
      55.9,
      70.24,
      66.24,
      23.41,
      26.08,
      39.82,
      41.62,
      8.6,
      11.7,
      40.16,
      38.91,
      67.12,
      69.12,
      59.68,
      62.17,
      58.82,
      59.67
    ],
    [
      34.54,
      28.0,
      68.94,
      24.7,
      45.54,
      100000.0,
      39.56,
      32.14,
      100000.0,
      100000.0,
      15.26,
      10.63,
      42.01,
      100000.0,
      100000.0,
      5.39,
      67.05,
      60.61,
      100000.0,
      51.48,
      6.32,
      66.13,
      49.82,
      100000.0,
      59.36,
      52.95,
      21.54,
      27.51,
      100000.0,
      100000.0,
      61.29,
      100000.0,
      70.38,
      100000.0,
      34.21,
      100000.0,
      12.04,
      19.1,
      100000.0,
      33.29,
      37.22,
      46.1,
      44.01,
      74.33,
      78.59,
      57.28,
      57.07,
      31.58,
      27.89,
      61.4,
      58.6,
      89.31,
      91.4,
      48.17,
      54.67,
      79.08,
      75.31,
      56.08,
      51.66,
      12.0,
      17.46,
      9.49,
      9.9
    ],
    [
      26.17,
      78.1,
      61.39,
      35.47,
      82.76,
      100000.0,
      64.2,
      83.1,
      100000.0,
      100000.0,
      44.1,
      49.24,
      60.44,
      100000.0,
      100000.0,
      60.61,
      18.44,
      5.39,
      100000.0,
      39.01,
      55.61,
      56.29,
      63.95,
      59.36,
      100000.0,
      93.04,
      38.42,
      82.73,
      100000.0,
      100000.0,
      88.53,
      100000.0,
      15.81,
      100000.0,
      65.74,
      100000.0,
      62.39,
      70.04,
      100000.0,
      68.0,
      71.11,
      29.27,
      33.54,
      51.43,
      58.14,
      109.2,
      107.07,
      44.01,
      43.29,
      87.1,
      88.6,
      85.44,
      89.99,
      70.34,
      75.5,
      56.82,
      51.88,
      8.06,
      16.16,
      69.77,
      76.06,
      65.74,
      62.24
    ],
    [
      68.62,
      26.0,
      58.18,
      62.37,
      10.3,
      100000.0,
      92.18,
      23.85,
      100000.0,
      100000.0,
      60.07,
      60.07,
      34.71,
      100000.0,
      100000.0,
      47.68,
      90.0,
      96.77,
      100000.0,
      60.88,
      50.16,
      59.54,
      35.81,
      52.95,
      93.04,
      100000.0,
      60.83,
      32.2,
      100000.0,
      100000.0,
      19.1,
      100000.0,
      96.26,
      100000.0,
      27.31,
      100000.0,
      63.6,
      33.96,
      100000.0,
      25.3,
      21.93,
      65.73,
      61.29,
      73.57,
      73.35,
      26.17,
      21.38,
      83.1,
      79.06,
      21.02,
      15.03,
      64.03,
      63.07,
      27.2,
      26.93,
      75.13,
      74.43,
      93.98,
      93.41,
      56.46,
      55.07,
      58.19,
      61.4
    ],
    [
      13.0,
      41.18,
      56.08,
      3.16,
      51.24,
      100000.0,
      44.69,
      46.14,
      100000.0,
      100000.0,
      7.0,
      13.0,
      36.4,
      100000.0,
      100000.0,
      22.2,
      45.61,
      40.31,
      100000.0,
      34.44,
      17.2,
      52.2,
      43.38,
      21.54,
      38.42,
      60.83,
      100000.0,
      44.69,
      100000.0,
      100000.0,
      62.65,
      100000.0,
      48.85,
      100000.0,
      35.01,
      100000.0,
      28.02,
      32.45,
      100000.0,
      36.06,
      40.01,
      26.48,
      25.63,
      57.38,
      62.61,
      72.56,
      71.11,
      26.93,
      23.02,
      61.98,
      61.2,
      79.25,
      82.33,
      45.61,
      52.2,
      62.65,
      58.31,
      36.24,
      33.54,
      32.98,
      38.9,
      29.43,
      27.02
    ],
    [
      56.59,
      9.22,
      72.03,
      47.42,
      29.41,
      100000.0,
      63.2,
      8.49,
      100000.0,
      100000.0,
      40.5,
      37.58,
      42.0,
      100000.0,
      100000.0,
      23.71,
      86.28,
      84.96,
      100000.0,
      62.94,
      28.3,
      71.06,
      48.26,
      27.51,
      82.73,
      32.2,
      44.69,
      100000.0,
      100000.0,
      100000.0,
      47.2,
      100000.0,
      91.02,
      100000.0,
      30.02,
      100000.0,
      35.01,
      13.04,
      100000.0,
      27.07,
      28.64,
      62.18,
      58.6,
      82.87,
      85.21,
      29.83,
      30.07,
      58.94,
      55.36,
      48.26,
      43.42,
      86.4,
      86.98,
      42.2,
      46.82,
      86.37,
      83.86,
      80.92,
      77.67,
      26.17,
      23.41,
      29.0,
      33.06
    ],
    [
      100000.0,
      100000.0,
      100000.0,
      100000.0,
      100000.0,
      100000.0,
      100000.0,
      100000.0,
      100000.0,
      100000.0,
      100000.0,
      100000.0,
      100000.0,
      100000.0,
      100000.0,
      100000.0,
      100000.0,
      100000.0,
      100000.0,
      100000.0,
      100000.0,
      100000.0,
      100000.0,
      100000.0,
      100000.0,
      100000.0,
      100000.0,
      100000.0,
      100000.0,
      100000.0,
      100000.0,
      100000.0,
      100000.0,
      100000.0,
      100000.0,
      100000.0,
      100000.0,
      100000.0,
      100000.0,
      100000.0,
      100000.0,
      100000.0,
      100000.0,
      100000.0,
      100000.0,
      100000.0,
      100000.0,
      100000.0,
      100000.0,
      100000.0,
      100000.0,
      100000.0,
      100000.0,
      100000.0,
      100000.0,
      100000.0,
      100000.0,
      100000.0,
      100000.0,
      100000.0,
      100000.0,
      100000.0,
      100000.0
    ],
    [
      100000.0,
      100000.0,
      100000.0,
      100000.0,
      100000.0,
      100000.0,
      100000.0,
      100000.0,
      100000.0,
      100000.0,
      100000.0,
      100000.0,
      100000.0,
      100000.0,
      100000.0,
      100000.0,
      100000.0,
      100000.0,
      100000.0,
      100000.0,
      100000.0,
      100000.0,
      100000.0,
      100000.0,
      100000.0,
      100000.0,
      100000.0,
      100000.0,
      100000.0,
      100000.0,
      100000.0,
      100000.0,
      100000.0,
      100000.0,
      100000.0,
      100000.0,
      100000.0,
      100000.0,
      100000.0,
      100000.0,
      100000.0,
      100000.0,
      100000.0,
      100000.0,
      100000.0,
      100000.0,
      100000.0,
      100000.0,
      100000.0,
      100000.0,
      100000.0,
      100000.0,
      100000.0,
      100000.0,
      100000.0,
      100000.0,
      100000.0,
      100000.0,
      100000.0,
      100000.0,
      100000.0,
      100000.0,
      100000.0
    ],
    [
      67.07,
      38.95,
      42.8,
      63.29,
      17.8,
      100000.0,
      100.65,
      38.83,
      100000.0,
      100000.0,
      64.03,
      65.79,
      28.28,
      100000.0,
      100000.0,
      55.95,
      81.86,
      92.96,
      100000.0,
      51.89,
      56.86,
      45.28,
      25.08,
      61.29,
      88.53,
      19.1,
      62.65,
      47.2,
      100000.0,
      100000.0,
      100000.0,
      100000.0,
      88.64,
      100000.0,
      28.16,
      100000.0,
      73.06,
      44.2,
      100000.0,
      28.23,
      24.17,
      59.48,
      55.08,
      59.46,
      58.01,
      45.01,
      40.05,
      88.06,
      83.93,
      2.24,
      4.12,
      45.18,
      44.01,
      18.25,
      13.42,
      60.0,
      60.21,
      91.08,
      92.2,
      67.8,
      67.94,
      68.51,
      70.83
    ],
    [
      100000.0,
      100000.0,
      100000.0,
      100000.0,
      100000.0,
      100000.0,
      100000.0,
      100000.0,
      100000.0,
      100000.0,
      100000.0,
      100000.0,
      100000.0,
      100000.0,
      100000.0,
      100000.0,
      100000.0,
      100000.0,
      100000.0,
      100000.0,
      100000.0,
      100000.0,
      100000.0,
      100000.0,
      100000.0,
      100000.0,
      100000.0,
      100000.0,
      100000.0,
      100000.0,
      100000.0,
      100000.0,
      100000.0,
      100000.0,
      100000.0,
      100000.0,
      100000.0,
      100000.0,
      100000.0,
      100000.0,
      100000.0,
      100000.0,
      100000.0,
      100000.0,
      100000.0,
      100000.0,
      100000.0,
      100000.0,
      100000.0,
      100000.0,
      100000.0,
      100000.0,
      100000.0,
      100000.0,
      100000.0,
      100000.0,
      100000.0,
      100000.0,
      100000.0,
      100000.0,
      100000.0,
      100000.0,
      100000.0
    ],
    [
      35.85,
      85.15,
      55.04,
      45.69,
      86.02,
      100000.0,
      79.63,
      90.03,
      100000.0,
      100000.0,
      55.36,
      61.03,
      61.91,
      100000.0,
      100000.0,
      70.66,
      7.07,
      19.72,
      100000.0,
      36.77,
      65.74,
      50.09,
      63.56,
      70.38,
      15.81,
      96.26,
      48.85,
      91.02,
      100000.0,
      100000.0,
      88.64,
      100000.0,
      100000.0,
      100000.0,
      69.66,
      100000.0,
      75.19,
      78.01,
      100000.0,
      72.35,
      74.81,
      30.61,
      35.0,
      41.77,
      48.27,
      115.26,
      112.54,
      59.14,
      58.0,
      86.93,
      89.44,
      77.52,
      82.39,
      71.12,
      75.24,
      46.57,
      41.98,
      23.77,
      31.95,
      81.6,
      87.66,
      77.79,
      74.73
    ],
    [
      100000.0,
      100000.0,
      100000.0,
      100000.0,
      100000.0,
      100000.0,
      100000.0,
      100000.0,
      100000.0,
      100000.0,
      100000.0,
      100000.0,
      100000.0,
      100000.0,
      100000.0,
      100000.0,
      100000.0,
      100000.0,
      100000.0,
      100000.0,
      100000.0,
      100000.0,
      100000.0,
      100000.0,
      100000.0,
      100000.0,
      100000.0,
      100000.0,
      100000.0,
      100000.0,
      100000.0,
      100000.0,
      100000.0,
      100000.0,
      100000.0,
      100000.0,
      100000.0,
      100000.0,
      100000.0,
      100000.0,
      100000.0,
      100000.0,
      100000.0,
      100000.0,
      100000.0,
      100000.0,
      100000.0,
      100000.0,
      100000.0,
      100000.0,
      100000.0,
      100000.0,
      100000.0,
      100000.0,
      100000.0,
      100000.0,
      100000.0,
      100000.0,
      100000.0,
      100000.0,
      100000.0,
      100000.0,
      100000.0
    ],
    [
      41.48,
      21.02,
      42.01,
      36.06,
      17.09,
      100000.0,
      72.95,
      24.52,
      100000.0,
      100000.0,
      35.9,
      37.7,
      12.04,
      100000.0,
      100000.0,
      29.07,
      63.7,
      69.46,
      100000.0,
      36.06,
      29.15,
      41.19,
      18.44,
      34.21,
      65.74,
      27.31,
      35.01,
      30.02,
      100000.0,
      100000.0,
      28.16,
      100000.0,
      69.66,
      100000.0,
      100000.0,
      100000.0,
      46.23,
      20.62,
      100000.0,
      3.16,
      5.39,
      39.05,
      34.71,
      53.6,
      55.44,
      46.4,
      43.19,
      59.91,
      55.79,
      27.86,
      26.31,
      57.78,
      59.06,
      14.21,
      20.52,
      56.72,
      54.57,
      66.73,
      66.49,
      42.64,
      44.42,
      42.43,
      44.05
    ],
    [
      100000.0,
      100000.0,
      100000.0,
      100000.0,
      100000.0,
      100000.0,
      100000.0,
      100000.0,
      100000.0,
      100000.0,
      100000.0,
      100000.0,
      100000.0,
      100000.0,
      100000.0,
      100000.0,
      100000.0,
      100000.0,
      100000.0,
      100000.0,
      100000.0,
      100000.0,
      100000.0,
      100000.0,
      100000.0,
      100000.0,
      100000.0,
      100000.0,
      100000.0,
      100000.0,
      100000.0,
      100000.0,
      100000.0,
      100000.0,
      100000.0,
      100000.0,
      100000.0,
      100000.0,
      100000.0,
      100000.0,
      100000.0,
      100000.0,
      100000.0,
      100000.0,
      100000.0,
      100000.0,
      100000.0,
      100000.0,
      100000.0,
      100000.0,
      100000.0,
      100000.0,
      100000.0,
      100000.0,
      100000.0,
      100000.0,
      100000.0,
      100000.0,
      100000.0,
      100000.0,
      100000.0,
      100000.0,
      100000.0
    ],
    [
      40.2,
      37.85,
      80.06,
      31.0,
      56.86,
      100000.0,
      28.64,
      41.3,
      100000.0,
      100000.0,
      21.02,
      15.03,
      53.91,
      100000.0,
      100000.0,
      17.2,
      72.84,
      62.61,
      100000.0,
      61.13,
      17.8,
      76.97,
      61.72,
      12.04,
      62.39,
      63.6,
      28.02,
      35.01,
      100000.0,
      100000.0,
      73.06,
      100000.0,
      75.19,
      100000.0,
      46.23,
      100000.0,
      100000.0,
      29.73,
      100000.0,
      45.22,
      49.09,
      54.33,
      52.95,
      84.2,
      88.87,
      64.5,
      65.07,
      26.08,
      23.43,
      73.25,
      70.24,
      101.02,
      103.23,
      60.21,
      66.71,
      89.19,
      85.16,
      57.71,
      51.87,
      9.85,
      15.81,
      6.08,
      2.24
    ],
    [
      43.86,
      9.22,
      61.66,
      35.0,
      27.29,
      100000.0,
      58.24,
      13.93,
      100000.0,
      100000.0,
      29.15,
      27.46,
      31.78,
      100000.0,
      100000.0,
      14.0,
      73.25,
      72.47,
      100000.0,
      50.45,
      17.46,
      60.13,
      38.9,
      19.1,
      70.04,
      33.96,
      32.45,
      13.04,
      100000.0,
      100000.0,
      44.2,
      100000.0,
      78.01,
      100000.0,
      20.62,
      100000.0,
      29.73,
      100000.0,
      100000.0,
      18.36,
      21.4,
      49.19,
      45.69,
      71.18,
      74.01,
      40.25,
      39.22,
      50.16,
      46.27,
      44.69,
      41.05,
      78.39,
      79.61,
      34.48,
      40.22,
      75.01,
      72.17,
      68.6,
      65.86,
      23.6,
      24.21,
      24.6,
      27.51
    ],
    [
      100000.0,
      100000.0,
      100000.0,
      100000.0,
      100000.0,
      100000.0,
      100000.0,
      100000.0,
      100000.0,
      100000.0,
      100000.0,
      100000.0,
      100000.0,
      100000.0,
      100000.0,
      100000.0,
      100000.0,
      100000.0,
      100000.0,
      100000.0,
      100000.0,
      100000.0,
      100000.0,
      100000.0,
      100000.0,
      100000.0,
      100000.0,
      100000.0,
      100000.0,
      100000.0,
      100000.0,
      100000.0,
      100000.0,
      100000.0,
      100000.0,
      100000.0,
      100000.0,
      100000.0,
      100000.0,
      100000.0,
      100000.0,
      100000.0,
      100000.0,
      100000.0,
      100000.0,
      100000.0,
      100000.0,
      100000.0,
      100000.0,
      100000.0,
      100000.0,
      100000.0,
      100000.0,
      100000.0,
      100000.0,
      100000.0,
      100000.0,
      100000.0,
      100000.0,
      100000.0,
      100000.0,
      100000.0,
      100000.0
    ],
    [
      43.32,
      18.0,
      45.0,
