{
  "name": "M-d3-n8-k1-p2",
  "V_coordinates": [
    [
      73,
      50
    ],
    [
      32,
      82
    ],
    [
      32,
      19
    ],
    [
      17,
      67
    ],
    [
      33,
      63
    ],
    [
      59,
      97
    ],
    [
      68,
      75
    ],
    [
      34,
      49
    ],
    [
      65,
      88
    ],
    [
      8,
      54
    ],
    [
      80,
      18
    ],
    [
      97,
      34
    ],
    [
      42,
      7
    ],
    [
      53,
      31
    ],
    [
      37,
      20
    ],
    [
      60,
      82
    ],
    [
      92,
      32
    ],
    [
      8,
      72
    ],
    [
      68,
      62
    ],
    [
      34,
      91
    ],
    [
      5,
      94
    ],
    [
      88,
      74
    ],
    [
      6,
      53
    ],
    [
      45,
      8
    ],
    [
      62,
      39
    ],
    [
      33,
      61
    ],
    [
      7,
      8
    ],
    [
      96,
      29
    ],
    [
      87,
      32
    ],
    [
      4,
      93
    ],
    [
      7,
      98
    ],
    [
      47,
      5
    ],
    [
      42,
      6
    ],
    [
      71,
      73
    ],
    [
      66,
      76
    ],
    [
      62,
      86
    ],
    [
      62,
      91
    ],
    [
      12,
      7
    ],
    [
      5,
      8
    ],
    [
      40,
      9
    ],
    [
      44,
      6
    ],
    [
      54,
      29
    ],
    [
      50,
      29
    ]
  ],
  "V": [
    0,
    1,
    2,
    3,
    4,
    5,
    6,
    7,
    8,
    9,
    10,
    11,
    12,
    13,
    14,
    15,
    16,
    17,
    18,
    19,
    20,
    21,
    22,
    23,
    24,
    25,
    26,
    27,
    28,
    29,
    30,
    31,
    32,
    33,
    34,
    35,
    36,
    37,
    38,
    39,
    40,
    41,
    42
  ],
  "VD": [
    0,
    1,
    2
  ],
  "VC": [
    3,
    4,
    5,
    6,
    7,
    8,
    9,
    10,
    11,
    12,
    13,
    14,
    15,
    16,
    17,
    18,
    19,
    20,
    21,
    22,
    23,
    24,
    25,
    26
  ],
  "VP": [
    27,
    28,
    29,
    30,
    31,
    32,
    33,
    34,
    35,
    36,
    37,
    38,
    39,
    40,
    41,
    42
  ],
  "VC1": [
    3,
    4,
    5,
    7,
    9,
    10,
    11,
    14,
    15,
    17,
    18,
    19,
    21,
    22,
    24,
    25
  ],
  "VC2": [
    16,
    20,
    23,
    6,
    8,
    26,
    12,
    13
  ],
  "demand": [
    0,
    0,
    0,
    30,
    15,
    27,
    28,
    15,
    12,
    27,
    18,
    11,
    12,
    12,
    10,
    24,
    10,
    18,
    17,
    18,
    13,
    29,
    15,
    21,
    19,
    12,
    15,
    0,
    0,
    0,
    0,
    0,
    0,
    0,
    0,
    0,
    0,
    0,
    0,
    0,
    0,
    0,
    0
  ],
  "service_time": [
    0,
    0,
    0,
    12,
    14,
    18,
    12,
    20,
    14,
    20,
    14,
    17,
    15,
    17,
    17,
    11,
    10,
    14,
    16,
    15,
    16,
    13,
    14,
    11,
    14,
    18,
    13,
    0,
    0,
    0,
    0,
    0,
    0,
    0,
    0,
    0,
    0,
    0,
    0,
    0,
    0,
    0,
    0
  ],
  "K": [
    0,
    1,
    2
  ],
  "veh_dist_matrix": [
    [
      100000.0,
      52.01,
      51.4,
      58.52,
      42.06,
      49.04,
      100000.0,
      39.01,
      100000.0,
      65.12,
      32.76,
      28.84,
      100000.0,
      100000.0,
      46.86,
      34.54,
      100000.0,
      68.62,
      13.0,
      56.59,
      100000.0,
      28.3,
      67.07,
      100000.0,
      15.56,
      41.48,
      100000.0,
      31.14,
      22.8,
      81.3,
      81.61,
      51.97,
      53.82,
      23.09,
      26.93,
      37.64,
      42.45,
      74.63,
      79.92,
      52.63,
      52.7,
      28.32,
      31.14
    ],
    [
      52.01,
      100000.0,
      63.0,
      21.21,
      19.03,
      30.89,
      100000.0,
      33.06,
      100000.0,
      36.88,
      80.0,
      80.8,
      100000.0,
      100000.0,
      62.2,
      28.0,
      100000.0,
      26.0,
      41.18,
      9.22,
      100000.0,
      56.57,
      38.95,
      100000.0,
      52.43,
      21.02,
      100000.0,
      83.1,
      74.33,
      30.08,
      29.68,
      78.45,
      76.66,
      40.02,
      34.53,
      30.27,
      31.32,
      77.62,
      78.77,
      73.44,
      76.94,
      57.38,
      55.97
    ],
    [
      51.4,
      63.0,
      100000.0,
      50.29,
      44.01,
      82.54,
      100000.0,
      30.07,
      100000.0,
      42.44,
      48.01,
      66.71,
      100000.0,
      100000.0,
      5.1,
      68.94,
      100000.0,
      58.18,
      56.08,
      72.03,
      100000.0,
      78.49,
      42.8,
      100000.0,
      36.06,
      42.01,
      100000.0,
      64.78,
      56.52,
      79.12,
      82.86,
      20.52,
      16.4,
      66.61,
      66.37,
      73.41,
      78.0,
      23.32,
      29.15,
      12.81,
      17.69,
      24.17,
      20.59
    ],
    [
      58.52,
      21.21,
      50.29,
      100000.0,
      16.49,
      51.61,
      100000.0,
      24.76,
      100000.0,
      15.81,
      79.81,
      86.54,
      100000.0,
      100000.0,
      51.08,
      45.54,
      100000.0,
      10.3,
      51.24,
      29.41,
      100000.0,
      71.34,
      17.8,
      100000.0,
      53.0,
      17.09,
      100000.0,
      87.66,
      78.26,
      29.07,
      32.57,
      68.88,
      65.92,
      54.33,
      49.82,
      48.85,
      51.0,
      60.21,
      60.21,
      62.39,
      66.71,
      53.04,
      50.33
    ],
    [
      42.06,
      19.03,
      44.01,
      16.49,
      100000.0,
      42.8,
      100000.0,
      14.04,
      100000.0,
      26.57,
      65.07,
      70.26,
      100000.0,
      100000.0,
      43.19,
      33.02,
      100000.0,
      26.57,
      35.01,
      28.02,
      100000.0,
      56.09,
      28.79,
      100000.0,
      37.64,
      2.0,
      100000.0,
      71.59,
      62.27,
      41.73,
      43.6,
      59.67,
      57.71,
      39.29,
      35.47,
      37.01,
      40.31,
      59.81,
      61.72,
      54.45,
      58.05,
      39.96,
      38.01
    ],
    [
      49.04,
      30.89,
      82.54,
      51.61,
      42.8,
      100000.0,
      100000.0,
      54.12,
      100000.0,
      66.71,
      81.74,
      73.57,
      100000.0,
      100000.0,
      80.08,
      15.03,
      100000.0,
      56.8,
      36.14,
      25.71,
      100000.0,
      37.01,
      68.88,
      100000.0,
      58.08,
      44.41,
      100000.0,
      77.41,
      70.77,
      55.15,
      52.01,
      92.78,
      92.57,
      26.83,
      22.14,
      11.4,
      6.71,
      101.53,
      104.1,
      90.03,
      92.23,
      68.18,
      68.59
    ],
    [
      100000.0,
      100000.0,
      100000.0,
      100000.0,
      100000.0,
      100000.0,
      100000.0,
      100000.0,
      100000.0,
      100000.0,
      100000.0,
      100000.0,
      100000.0,
      100000.0,
      100000.0,
      100000.0,
      100000.0,
      100000.0,
      100000.0,
      100000.0,
      100000.0,
      100000.0,
      100000.0,
      100000.0,
      100000.0,
      100000.0,
      100000.0,
      100000.0,
      100000.0,
      100000.0,
      100000.0,
      100000.0,
      100000.0,
      100000.0,
      100000.0,
      100000.0,
      100000.0,
      100000.0,
      100000.0,
      100000.0,
      100000.0,
      100000.0,
      100000.0
    ],
    [
      39.01,
      33.06,
      30.07,
      24.76,
      14.04,
      54.12,
      100000.0,
      100000.0,
      100000.0,
      26.48,
      55.47,
      64.76,
      100000.0,
      100000.0,
      29.15,
      42.01,
      100000.0,
      34.71,
      36.4,
      42.0,
      100000.0,
      59.51,
      28.28,
      100000.0,
      29.73,
      12.04,
      100000.0,
      65.15,
      55.66,
      53.25,
      55.95,
      45.88,
      43.74,
      44.1,
      41.87,
      46.4,
      50.48,
      47.41,
      50.22,
      40.45,
      44.15,
      28.28,
      25.61
    ],
    [
      100000.0,
      100000.0,
      100000.0,
      100000.0,
      100000.0,
      100000.0,
      100000.0,
      100000.0,
      100000.0,
      100000.0,
      100000.0,
      100000.0,
      100000.0,
      100000.0,
      100000.0,
      100000.0,
      100000.0,
      100000.0,
      100000.0,
      100000.0,
      100000.0,
      100000.0,
      100000.0,
      100000.0,
      100000.0,
      100000.0,
      100000.0,
      100000.0,
      100000.0,
      100000.0,
      100000.0,
      100000.0,
      100000.0,
      100000.0,
      100000.0,
      100000.0,
      100000.0,
      100000.0,
      100000.0,
      100000.0,
      100000.0,
      100000.0,
      100000.0
    ],
    [
      65.12,
      36.88,
      42.44,
      15.81,
      26.57,
      66.71,
      100000.0,
      26.48,
      100000.0,
      100000.0,
      80.5,
      91.22,
      100000.0,
      100000.0,
      44.69,
      59.06,
      100000.0,
      18.0,
      60.53,
      45.22,
      100000.0,
      82.46,
      2.24,
      100000.0,
      56.04,
      25.96,
      100000.0,
      91.48,
      82.01,
      39.2,
      44.01,
      62.63,
      58.82,
      65.8,
      62.03,
      62.77,
      65.46,
      47.17,
      46.1,
      55.22,
      60.0,
      52.35,
      48.88
    ],
    [
      32.76,
      80.0,
      48.01,
      79.81,
      65.07,
      81.74,
      100000.0,
      55.47,
      100000.0,
      80.5,
      100000.0,
      23.35,
      100000.0,
      100000.0,
      43.05,
      67.05,
      100000.0,
      90.0,
      45.61,
      86.28,
      100000.0,
      56.57,
      81.86,
      100000.0,
      27.66,
      63.7,
      100000.0,
      19.42,
      15.65,
      106.78,
      108.3,
      35.47,
      39.85,
      55.73,
      59.67,
      70.34,
      75.19,
      68.88,
      75.66,
      41.0,
      37.95,
      28.23,
      31.95
    ],
    [
      28.84,
      80.8,
      66.71,
      86.54,
      70.26,
      73.57,
      100000.0,
      64.76,
      100000.0,
      91.22,
      23.35,
      100000.0,
      100000.0,
      100000.0,
      61.61,
      60.61,
      100000.0,
      96.77,
      40.31,
      84.96,
      100000.0,
      41.0,
      92.96,
      100000.0,
      35.36,
      69.46,
      100000.0,
      5.1,
      10.2,
      110.14,
      110.44,
      57.8,
      61.72,
      46.87,
      52.2,
      62.68,
      66.89,
      89.19,
      95.6,
      62.24,
      59.94,
      43.29,
      47.27
    ],
    [
      100000.0,
      100000.0,
      100000.0,
      100000.0,
      100000.0,
      100000.0,
      100000.0,
      100000.0,
      100000.0,
      100000.0,
      100000.0,
      100000.0,
      100000.0,
      100000.0,
      100000.0,
      100000.0,
      100000.0,
      100000.0,
      100000.0,
      100000.0,
      100000.0,
      100000.0,
      100000.0,
      100000.0,
      100000.0,
      100000.0,
      100000.0,
      100000.0,
      100000.0,
      100000.0,
      100000.0,
      100000.0,
      100000.0,
      100000.0,
      100000.0,
      100000.0,
      100000.0,
      100000.0,
      100000.0,
      100000.0,
      100000.0,
      100000.0,
      100000.0
    ],
    [
      100000.0,
      100000.0,
      100000.0,
      100000.0,
      100000.0,
      100000.0,
      100000.0,
      100000.0,
      100000.0,
      100000.0,
      100000.0,
      100000.0,
      100000.0,
      100000.0,
      100000.0,
      100000.0,
      100000.0,
      100000.0,
      100000.0,
      100000.0,
      100000.0,
      100000.0,
      100000.0,
      100000.0,
      100000.0,
      100000.0,
      100000.0,
      100000.0,
      100000.0,
      100000.0,
      100000.0,
      100000.0,
      100000.0,
      100000.0,
      100000.0,
      100000.0,
      100000.0,
      100000.0,
      100000.0,
      100000.0,
      100000.0,
      100000.0,
      100000.0
    ],
    [
      46.86,
      62.2,
      5.1,
      51.08,
      43.19,
      80.08,
      100000.0,
      29.15,
      100000.0,
      44.69,
      43.05,
      61.61,
      100000.0,
      100000.0,
      100000.0,
      66.13,
      100000.0,
      59.54,
      52.2,
      71.06,
      100000.0,
      74.28,
      45.28,
      100000.0,
      31.4,
      41.19,
      100000.0,
      59.68,
      51.42,
      80.11,
      83.57,
      18.03,
      14.87,
      62.97,
      63.06,
      70.58,
      75.27,
      28.18,
      34.18,
      11.4,
      15.65,
      19.24,
      15.81
    ],
    [
      34.54,
      28.0,
      68.94,
      45.54,
      33.02,
      15.03,
      100000.0,
      42.01,
      100000.0,
      59.06,
      67.05,
      60.61,
      100000.0,
      100000.0,
      66.13,
      100000.0,
      100000.0,
      52.95,
      21.54,
      27.51,
      100000.0,
      29.12,
      61.29,
      100000.0,
      43.05,
      34.21,
      100000.0,
      64.07,
      56.82,
      57.07,
      55.36,
      78.09,
      78.1,
      14.21,
      8.49,
      4.47,
      9.22,
      89.04,
      92.2,
      75.69,
      77.67,
      53.34,
      53.94
    ],
    [
      100000.0,
      100000.0,
      100000.0,
      100000.0,
      100000.0,
      100000.0,
      100000.0,
      100000.0,
      100000.0,
      100000.0,
      100000.0,
      100000.0,
      100000.0,
      100000.0,
      100000.0,
      100000.0,
      100000.0,
      100000.0,
      100000.0,
      100000.0,
      100000.0,
      100000.0,
      100000.0,
      100000.0,
      100000.0,
      100000.0,
      100000.0,
      100000.0,
      100000.0,
      100000.0,
      100000.0,
      100000.0,
      100000.0,
      100000.0,
      100000.0,
      100000.0,
      100000.0,
      100000.0,
      100000.0,
      100000.0,
      100000.0,
      100000.0,
      100000.0
    ],
    [
      68.62,
      26.0,
      58.18,
      10.3,
      26.57,
      56.8,
      100000.0,
      34.71,
      100000.0,
      18.0,
      90.0,
      96.77,
      100000.0,
      100000.0,
      59.54,
      52.95,
      100000.0,
      100000.0,
      60.83,
      32.2,
      100000.0,
      80.02,
      19.1,
      100000.0,
      63.29,
      27.31,
      100000.0,
      97.94,
      88.55,
      21.38,
      26.02,
      77.52,
      74.24,
      63.01,
      58.14,
      55.79,
      57.25,
      65.12,
      64.07,
      70.66,
      75.18,
      62.97,
      60.11
    ],
    [
      13.0,
      41.18,
      56.08,
      51.24,
      35.01,
      36.14,
      100000.0,
      36.4,
      100000.0,
      60.53,
      45.61,
      40.31,
      100000.0,
      100000.0,
      52.2,
      21.54,
      100000.0,
      60.83,
      100000.0,
      44.69,
      100000.0,
      23.32,
      62.65,
      100000.0,
      23.77,
      35.01,
      100000.0,
      43.28,
      35.51,
      71.11,
      70.83,
      60.75,
      61.74,
      11.4,
      14.14,
      24.74,
      29.61,
      78.49,
      82.98,
      59.94,
      60.93,
      35.85,
      37.59
    ],
    [
      56.59,
      9.22,
      72.03,
      29.41,
      28.02,
      25.71,
      100000.0,
      42.0,
      100000.0,
      45.22,
      86.28,
      84.96,
      100000.0,
      100000.0,
      71.06,
      27.51,
      100000.0,
      32.2,
      44.69,
      100000.0,
      100000.0,
      56.61,
      47.2,
      100000.0,
      59.06,
      30.02,
      100000.0,
      87.68,
      79.31,
      30.07,
      27.89,
      86.98,
      85.38,
      41.15,
      35.34,
      28.44,
      28.0,
      86.83,
      87.92,
      82.22,
      85.59,
      65.15,
      64.03
    ],
    [
      100000.0,
      100000.0,
      100000.0,
      100000.0,
      100000.0,
      100000.0,
      100000.0,
      100000.0,
      100000.0,
      100000.0,
      100000.0,
      100000.0,
      100000.0,
      100000.0,
      100000.0,
      100000.0,
      100000.0,
      100000.0,
      100000.0,
      100000.0,
      100000.0,
      100000.0,
      100000.0,
      100000.0,
      100000.0,
      100000.0,
      100000.0,
      100000.0,
      100000.0,
      100000.0,
      100000.0,
      100000.0,
      100000.0,
      100000.0,
      100000.0,
      100000.0,
      100000.0,
      100000.0,
      100000.0,
      100000.0,
      100000.0,
      100000.0,
      100000.0
    ],
    [
      28.3,
      56.57,
      78.49,
      71.34,
      56.09,
      37.01,
      100000.0,
      59.51,
      100000.0,
      82.46,
      56.57,
      41.0,
      100000.0,
      100000.0,
      74.28,
      29.12,
      100000.0,
      80.02,
      23.32,
      56.61,
      100000.0,
      100000.0,
      84.65,
      100000.0,
      43.6,
      56.52,
      100000.0,
      45.71,
      42.01,
      86.12,
      84.48,
      80.26,
      82.1,
      17.03,
      22.09,
      28.64,
      31.06,
      101.32,
      106.04,
      80.8,
      80.99,
      56.4,
      58.9
    ],
    [
      67.07,
      38.95,
      42.8,
      17.8,
      28.79,
      68.88,
      100000.0,
      28.28,
      100000.0,
      2.24,
      81.86,
      92.96,
      100000.0,
      100000.0,
      45.28,
      61.29,
      100000.0,
      19.1,
      62.65,
      47.2,
      100000.0,
      84.65,
      100000.0,
      100000.0,
      57.72,
      28.16,
      100000.0,
      93.15,
      83.68,
      40.05,
      45.01,
      63.13,
      59.2,
      68.01,
      64.26,
      65.0,
      67.68,
      46.39,
      45.01,
      55.61,
      60.44,
      53.67,
      50.12
    ],
    [
      100000.0,
      100000.0,
      100000.0,
      100000.0,
      100000.0,
      100000.0,
      100000.0,
      100000.0,
      100000.0,
      100000.0,
      100000.0,
      100000.0,
      100000.0,
      100000.0,
      100000.0,
      100000.0,
      100000.0,
      100000.0,
      100000.0,
      100000.0,
      100000.0,
      100000.0,
      100000.0,
      100000.0,
      100000.0,
      100000.0,
      100000.0,
      100000.0,
      100000.0,
      100000.0,
      100000.0,
      100000.0,
      100000.0,
      100000.0,
      100000.0,
      100000.0,
      100000.0,
      100000.0,
      100000.0,
      100000.0,
      100000.0,
      100000.0,
      100000.0
    ],
    [
      15.56,
      52.43,
      36.06,
      53.0,
      37.64,
      58.08,
      100000.0,
      29.73,
      100000.0,
      56.04,
      27.66,
      35.36,
      100000.0,
      100000.0,
      31.4,
      43.05,
      100000.0,
      63.29,
      23.77,
      59.06,
      100000.0,
      43.6,
      57.72,
      100000.0,
      100000.0,
      36.4,
      100000.0,
      35.44,
      25.96,
      79.25,
      80.66,
      37.16,
      38.59,
      35.17,
      37.22,
      47.0,
      52.0,
      59.36,
      64.88,
      37.2,
      37.59,
      12.81,
      15.62
    ],
    [
      41.48,
      21.02,
      42.01,
      17.09,
      2.0,
      44.41,
      100000.0,
      12.04,
      100000.0,
      25.96,
      63.7,
      69.46,
      100000.0,
      100000.0,
      41.19,
      34.21,
      100000.0,
      27.31,
      35.01,
      30.02,
      100000.0,
      56.52,
      28.16,
      100000.0,
      36.4,
      100000.0,
      100000.0,
      70.66,
      61.29,
      43.19,
      45.22,
      57.72,
      55.73,
      39.85,
      36.25,
      38.29,
      41.73,
      57.94,
      59.94,
      52.47,
      56.09,
      38.28,
      36.24
    ],
    [
      100000.0,
      100000.0,
      100000.0,
      100000.0,
      100000.0,
      100000.0,
      100000.0,
      100000.0,
      100000.0,
      100000.0,
      100000.0,
      100000.0,
      100000.0,
      100000.0,
      100000.0,
      100000.0,
      100000.0,
      100000.0,
      100000.0,
      100000.0,
      100000.0,
      100000.0,
      100000.0,
      100000.0,
      100000.0,
      100000.0,
      100000.0,
      100000.0,
      100000.0,
      100000.0,
      100000.0,
      100000.0,
      100000.0,
      100000.0,
      100000.0,
      100000.0,
      100000.0,
      100000.0,
      100000.0,
      100000.0,
      100000.0,
      100000.0,
      100000.0
    ],
    [
      31.14,
      83.1,
      64.78,
      87.66,
      71.59,
      77.41,
      100000.0,
      65.15,
      100000.0,
      91.48,
      19.42,
      5.1,
      100000.0,
      100000.0,
      59.68,
      64.07,
      100000.0,
      97.94,
      43.28,
      87.68,
      100000.0,
      45.71,
      93.15,
      100000.0,
      35.44,
      70.66,
      100000.0,
      100000.0,
      9.49,
      112.07,
      112.61,
      54.56,
      58.69,
      50.61,
      55.76,
      66.37,
      70.71,
      86.83,
      93.39,
      59.46,
      56.86,
      42.0,
      46.0
    ],
    [
      22.8,
      74.33,
      56.52,
      78.26,
      62.27,
      70.77,
      100000.0,
      55.66,
      100000.0,
      82.01,
      15.65,
      10.2,
      100000.0,
      100000.0,
      51.42,
      56.82,
      100000.0,
      88.55,
      35.51,
      79.31,
      100000.0,
      42.01,
      83.68,
      100000.0,
      25.96,
      61.29,
      100000.0,
      9.49,
      100000.0,
      103.0,
      103.71,
      48.26,
      51.97,
      44.01,
      48.75,
      59.51,
      64.08,
      79.06,
      85.44,
      52.33,
      50.25,
      33.14,
      37.12
    ],
    [
      81.3,
      30.08,
      79.12,
      29.07,
      41.73,
      55.15,
      100000.0,
      53.25,
      100000.0,
      39.2,
      106.78,
      110.14,
      100000.0,
      100000.0,
      80.11,
      57.07,
      100000.0,
      21.38,
      71.11,
      30.07,
      100000.0,
      86.12,
      40.05,
      100000.0,
      79.25,
      43.19,
      100000.0,
      112.07,
      103.0,
      100000.0,
      5.83,
      97.94,
      94.94,
      69.92,
      64.29,
      58.42,
      58.03,
      86.37,
      85.01,
      91.39,
      95.75,
      81.22,
      78.82
    ],
    [
      81.61,
      29.68,
      82.86,
      32.57,
      43.6,
      52.01,
      100000.0,
      55.95,
      100000.0,
      44.01,
      108.3,
      110.44,
      100000.0,
      100000.0,
      83.57,
      55.36,
      100000.0,
      26.02,
      70.83,
      27.89,
      100000.0,
      84.48,
      45.01,
      100000.0,
      80.66,
      45.22,
      100000.0,
      112.61,
      103.71,
      5.83,
      100000.0,
      101.24,
      98.43,
      68.71,
      62.97,
      56.29,
      55.44,
      91.14,
      90.02,
      94.92,
      99.16,
      83.49,
      81.3
    ],
    [
      51.97,
      78.45,
      20.52,
      68.88,
      59.67,
      92.78,
      100000.0,
      45.88,
      100000.0,
      62.63,
      35.47,
      57.8,
      100000.0,
      100000.0,
      18.03,
      78.09,
      100000.0,
      77.52,
      60.75,
      86.98,
      100000.0,
      80.26,
      63.13,
      100000.0,
      37.16,
      57.72,
      100000.0,
      54.56,
      48.26,
      97.94,
      101.24,
      100000.0,
      5.1,
      72.11,
      73.5,
      82.38,
      87.3,
      35.06,
      42.11,
      8.06,
      3.16,
      25.0,
      24.19
    ],
    [
      53.82,
      76.66,
      16.4,
      65.92,
      57.71,
      92.57,
      100000.0,
      43.74,
      100000.0,
      58.82,
      39.85,
      61.72,
      100000.0,
      100000.0,
      14.87,
      78.1,
      100000.0,
      74.24,
      61.74,
      85.38,
      100000.0,
      82.1,
      59.2,
      100000.0,
      38.59,
      55.73,
      100000.0,
      58.69,
      51.97,
      94.94,
      98.43,
      5.1,
      100000.0,
      73.01,
      74.0,
      82.46,
      87.32,
      30.02,
      37.05,
      3.61,
      2.0,
      25.94,
      24.35
    ],
    [
      23.09,
      40.02,
      66.61,
      54.33,
      39.29,
      26.83,
      100000.0,
      44.1,
      100000.0,
      65.8,
      55.73,
      46.87,
      100000.0,
      100000.0,
      62.97,
      14.21,
      100000.0,
      63.01,
      11.4,
      41.15,
      100000.0,
      17.03,
      68.01,
      100000.0,
      35.17,
      39.85,
      100000.0,
      50.61,
      44.01,
      69.92,
      68.71,
      72.11,
      73.01,
      100000.0,
      5.83,
      15.81,
      20.12,
      88.53,
      92.63,
      71.11,
      72.24,
      47.17,
      48.75
    ],
    [
      26.93,
      34.53,
      66.37,
      49.82,
      35.47,
      22.14,
      100000.0,
      41.87,
      100000.0,
      62.03,
      59.67,
      52.2,
      100000.0,
      100000.0,
      63.06,
      8.49,
      100000.0,
      58.14,
      14.14,
      35.34,
      100000.0,
      22.09,
      64.26,
      100000.0,
      37.22,
      36.25,
      100000.0,
      55.76,
      48.75,
      64.29,
      62.97,
      73.5,
      74.0,
      5.83,
      100000.0,
      10.77,
      15.52,
      87.62,
      91.35,
      71.87,
      73.38,
      48.51,
      49.65
    ],
    [
      37.64,
      30.27,
      73.41,
      48.85,
      37.01,
      11.4,
      100000.0,
      46.4,
      100000.0,
      62.77,
      70.34,
      62.68,
      100000.0,
      100000.0,
      70.58,
      4.47,
      100000.0,
      55.79,
      24.74,
      28.44,
      100000.0,
      28.64,
      65.0,
      100000.0,
      47.0,
      38.29,
      100000.0,
      66.37,
      59.51,
      58.42,
      56.29,
      82.38,
      82.46,
      15.81,
      10.77,
      100000.0,
      5.0,
      93.49,
      96.61,
      80.08,
      82.0,
      57.56,
      58.25
    ],
    [
      42.45,
      31.32,
      78.0,
      51.0,
      40.31,
      6.71,
      100000.0,
      50.48,
      100000.0,
      65.46,
      75.19,
      66.89,
      100000.0,
      100000.0,
      75.27,
      9.22,
      100000.0,
      57.25,
      29.61,
      28.0,
      100000.0,
      31.06,
      67.68,
      100000.0,
      52.0,
      41.73,
      100000.0,
      70.71,
      64.08,
      58.03,
      55.44,
      87.3,
      87.32,
      20.12,
      15.52,
      5.0,
      100000.0,
      97.75,
      100.69,
      84.9,
      86.88,
      62.51,
      63.15
    ],
    [
      74.63,
      77.62,
      23.32,
      60.21,
      59.81,
      101.53,
      100000.0,
      47.41,
      100000.0,
      47.17,
      68.88,
      89.19,
      100000.0,
      100000.0,
      28.18,
      89.04,
      100000.0,
      65.12,
      78.49,
      86.83,
      100000.0,
      101.32,
      46.39,
      100000.0,
      59.36,
      57.94,
      100000.0,
      86.83,
      79.06,
      86.37,
      91.14,
      35.06,
      30.02,
      88.53,
      87.62,
      93.49,
      97.75,
      100000.0,
      7.07,
      28.07,
      32.02,
      47.41,
      43.91
    ],
    [
      79.92,
      78.77,
      29.15,
      60.21,
      61.72,
      104.1,
      100000.0,
      50.22,
      100000.0,
      46.1,
      75.66,
      95.6,
      100000.0,
      100000.0,
      34.18,
      92.2,
      100000.0,
      64.07,
      82.98,
      87.92,
      100000.0,
      106.04,
      45.01,
      100000.0,
      64.88,
      59.94,
      100000.0,
      93.39,
      85.44,
      85.01,
      90.02,
      42.11,
      37.05,
      92.63,
      91.35,
      96.61,
      100.69,
      7.07,
      100000.0,
      35.01,
      39.05,
      53.31,
      49.66
    ],
    [
      52.63,
      73.44,
      12.81,
      62.39,
      54.45,
      90.03,
      100000.0,
      40.45,
      100000.0,
      55.22,
      41.0,
      62.24,
      100000.0,
      100000.0,
      11.4,
      75.69,
      100000.0,
      70.66,
      59.94,
      82.22,
      100000.0,
      80.8,
      55.61,
      100000.0,
      37.2,
      52.47,
      100000.0,
      59.46,
      52.33,
      91.39,
      94.92,
      8.06,
      3.61,
      71.11,
      71.87,
      80.08,
      84.9,
      28.07,
      35.01,
      100000.0,
      5.0,
      24.41,
      22.36
    ],
    [
      52.7,
      76.94,
      17.69,
      66.71,
      58.05,
      92.23,
      100000.0,
      44.15,
      100000.0,
      60.0,
      37.95,
      59.94,
      100000.0,
      100000.0,
      15.65,
      77.67,
      100000.0,
      75.18,
      60.93,
      85.59,
      100000.0,
      80.99,
      60.44,
      100000.0,
      37.59,
      56.09,
      100000.0,
      56.86,
      50.25,
      95.75,
      99.16,
      3.16,
      2.0,
      72.24,
      73.38,
      82.0,
      86.88,
      32.02,
      39.05,
      5.0,
      100000.0,
      25.08,
      23.77
    ],
    [
      28.32,
      57.38,
      24.17,
      53.04,
      39.96,
      68.18,
      100000.0,
      28.28,
      100000.0,
      52.35,
      28.23,
      43.29,
      100000.0,
      100000.0,
      19.24,
      53.34,
      100000.0,
      62.97,
      35.85,
      65.15,
      100000.0,
      56.4,
      53.67,
      100000.0,
      12.81,
      38.28,
      100000.0,
      42.0,
      33.14,
      81.22,
      83.49,
      25.0,
      25.94,
      47.17,
      48.51,
      57.56,
      62.51,
      47.41,
      53.31,
      24.41,
      25.08,
      100000.0,
      4.0
    ],
    [
      31.14,
      55.97,
      20.59,
      50.33,
      38.01,
      68.59,
      100000.0,
      25.61,
      100000.0,
      48.88,
      31.95,
      47.27,
      100000.0,
      100000.0,
      15.81,
      53.94,
      100000.0,
      60.11,
      37.59,
      64.03,
      100000.0,
      58.9,
      50.12,
      100000.0,
      15.62,
      36.24,
      100000.0,
      46.0,
      37.12,
      78.82,
      81.3,
      24.19,
      24.35,
      48.75,
      49.65,
      58.25,
      63.15,
      43.91,
      49.66,
      22.36,
      23.77,
      4.0,
      100000.0
    ]
  ],
  "rob_power_matrix": [
    [
      10000.0,
      10000.0,
      10000.0,
      10000.0,
      10000.0,
      10000.0,
      10000.0,
      10000.0,
      10000.0,
      10000.0,
      10000.0,
      10000.0,
      10000.0,
      10000.0,
      10000.0,
      10000.0,
      10000.0,
      10000.0,
      10000.0,
      10000.0,
      10000.0,
      10000.0,
      10000.0,
      10000.0,
      10000.0,
      10000.0,
      10000.0,
      10000.0,
      10000.0,
      10000.0,
      10000.0,
      10000.0,
      10000.0,
      10000.0,
      10000.0,
      10000.0,
      10000.0,
      10000.0,
      10000.0,
      10000.0,
      10000.0,
      10000.0,
      10000.0
    ],
    [
      10000.0,
      10000.0,
      10000.0,
      10000.0,
      10000.0,
      10000.0,
      10000.0,
      10000.0,
      10000.0,
      10000.0,
      10000.0,
      10000.0,
      10000.0,
      10000.0,
      10000.0,
      10000.0,
      10000.0,
      10000.0,
      10000.0,
      10000.0,
      10000.0,
      10000.0,
      10000.0,
      10000.0,
      10000.0,
      10000.0,
      10000.0,
      10000.0,
      10000.0,
      10000.0,
      10000.0,
      10000.0,
      10000.0,
      10000.0,
      10000.0,
      10000.0,
      10000.0,
      10000.0,
      10000.0,
      10000.0,
      10000.0,
      10000.0,
      10000.0
    ],
    [
      10000.0,
      10000.0,
      10000.0,
      10000.0,
      10000.0,
      10000.0,
      10000.0,
      10000.0,
      10000.0,
      10000.0,
      10000.0,
      10000.0,
      10000.0,
      10000.0,
      10000.0,
      10000.0,
      10000.0,
      10000.0,
      10000.0,
      10000.0,
      10000.0,
      10000.0,
      10000.0,
      10000.0,
      10000.0,
      10000.0,
      10000.0,
      10000.0,
      10000.0,
      10000.0,
      10000.0,
      10000.0,
      10000.0,
      10000.0,
      10000.0,
      10000.0,
      10000.0,
      10000.0,
      10000.0,
      10000.0,
      10000.0,
      10000.0,
      10000.0
    ],
    [
      10000.0,
      10000.0,
      10000.0,
      10000.0,
      1.649,
      5.1610000000000005,
      5.162,
      2.4760000000000004,
      5.239000000000001,
      1.5810000000000002,
      7.981000000000001,
      8.654000000000002,
      6.5,
      5.091,
      5.1080000000000005,
      4.554,
      8.276000000000002,
      1.03,
      5.1240000000000006,
      2.9410000000000003,
      2.955,
      7.134,
      1.7800000000000002,
      6.531000000000001,
      5.300000000000001,
      1.709,
      5.984000000000001,
      8.766,
      7.8260000000000005,
      2.907,
      3.257,
      6.888,
      6.5920000000000005,
      5.433,
      4.982,
      4.885000000000001,
      5.1000000000000005,
      6.021000000000001,
      6.021000000000001,
      6.239000000000001,
      6.670999999999999,
      5.304,
      5.033
    ],
    [
      10000.0,
      10000.0,
      10000.0,
      1.649,
      10000.0,
      4.28,
      3.7,
      1.404,
      4.061,
      2.657,
      6.507,
      7.026000000000001,
      5.672000000000001,
      3.7740000000000005,
      4.319,
      3.3020000000000005,
      6.665000000000001,
      2.657,
      3.501,
      2.802,
      4.1770000000000005,
      5.609000000000001,
      2.879,
      5.6290000000000004,
      3.7640000000000002,
      0.2,
      6.0840000000000005,
      7.159000000000001,
      6.227,
      4.173,
      4.36,
      5.9670000000000005,
      5.771000000000001,
      3.9290000000000003,
      3.547,
      3.701,
      4.031000000000001,
      5.981000000000001,
      6.172000000000001,
      5.445,
      5.805,
      3.9960000000000004,
      3.801
    ],
    [
      10000.0,
      10000.0,
      10000.0,
      5.1610000000000005,
      4.28,
      10000.0,
      2.3770000000000002,
      5.412,
      1.082,
      6.670999999999999,
      8.174,
      7.356999999999999,
      9.159,
      6.627,
      8.008000000000001,
      1.5030000000000001,
      7.290000000000001,
      5.68,
      3.6140000000000003,
      2.571,
      5.408,
      3.701,
      6.888,
      9.009,
      5.808,
      4.441,
      10.308,
      7.741,
      7.077,
      5.515000000000001,
      5.2010000000000005,
      9.278,
      9.257,
      2.683,
      2.214,
      1.1400000000000001,
      0.671,
      10.153,
      10.41,
      9.003,
      9.223,
      6.818000000000001,
      6.859000000000001
    ],
    [
      10000.0,
      10000.0,
      10000.0,
      5.162,
      3.7,
      2.3770000000000002,
      10000.0,
      4.28,
      1.334,
      6.357,
      5.825,
      5.022,
      7.28,
      4.649,
      6.313000000000001,
      1.0630000000000002,
      4.924,
      6.007000000000001,
      1.3,
      3.758,
      6.58,
      2.0020000000000002,
      6.579000000000001,
      7.0840000000000005,
      3.6500000000000004,
      3.7700000000000005,
      9.061,
      5.385000000000001,
      4.701,
      6.648000000000001,
      6.519,
      7.308,
      7.374,
      0.361,
      0.22400000000000003,
      1.2530000000000001,
      1.709,
      8.809000000000001,
      9.197000000000001,
      7.1690000000000005,
      7.305,
      4.808,
      4.94
    ],
    [
      10000.0,
      10000.0,
      10000.0,
      2.4760000000000004,
      1.404,
      5.412,
      4.28,
      10000.0,
      4.982,
      2.648,
      5.547000000000001,
      6.476000000000001,
      4.276,
      2.6170000000000004,
      2.915,
      4.201,
      6.0440000000000005,
      3.471,
      3.64,
      4.2,
      5.354,
      5.9510000000000005,
      2.8280000000000003,
      4.245,
      2.9730000000000003,
      1.204,
      4.909000000000001,
      6.515000000000001,
      5.566,
      5.325,
      5.595000000000001,
      4.588,
      4.3740000000000006,
      4.41,
      4.187,
      4.64,
      5.048,
      4.741,
      5.022,
      4.045000000000001,
      4.415,
      2.8280000000000003,
      2.561
    ],
    [
      10000.0,
      10000.0,
      10000.0,
      5.239000000000001,
      4.061,
      1.082,
      1.334,
      4.982,
      10000.0,
      6.6370000000000005,
      7.159000000000001,
      6.277000000000001,
      8.42,
      5.825,
      7.354000000000001,
      0.781,
      6.2170000000000005,
      5.920000000000001,
      2.6170000000000004,
      3.1140000000000003,
      6.03,
      2.693,
      6.859999999999999,
      8.246,
      4.909000000000001,
      4.187,
      9.881,
      6.665000000000001,
      6.017,
      6.120000000000001,
      5.886,
      8.493,
      8.516,
      1.616,
      1.204,
      0.361,
      0.42400000000000004,
      9.68,
      10.0,
      8.286,
      8.465000000000002,
      6.002000000000001,
      6.088000000000001
    ],
    [
      10000.0,
      10000.0,
      10000.0,
      1.5810000000000002,
      2.657,
      6.670999999999999,
      6.357,
      2.648,
      6.6370000000000005,
      10000.0,
      8.05,
      9.122,
      5.801,
      5.054,
      4.469,
      5.906000000000001,
      8.683,
      1.8,
      6.053000000000001,
      4.522,
      4.011,
      8.246,
      0.22400000000000003,
      5.9030000000000005,
      5.604,
      2.596,
      4.601,
      9.148000000000001,
      8.201,
      3.9200000000000004,
      4.401,
      6.263000000000001,
      5.882000000000001,
      6.58,
      6.203,
      6.277000000000001,
      6.545999999999999,
      4.7170000000000005,
      4.61,
      5.522,
      6.0,
      5.235,
      4.888000000000001
    ],
    [
      10000.0,
      10000.0,
      10000.0,
      7.981000000000001,
      6.507,
      8.174,
      5.825,
      5.547000000000001,
      7.159000000000001,
      8.05,
      10000.0,
      2.3350000000000004,
      3.9560000000000004,
      2.997,
      4.305,
      6.705,
      1.8440000000000003,
      9.0,
      4.561,
      8.628,
      10.678,
      5.657,
      8.186,
      3.64,
      2.766,
      6.370000000000001,
      7.368000000000001,
      1.9420000000000002,
      1.5650000000000002,
      10.678,
      10.83,
      3.547,
      3.9850000000000003,
      5.573,
      5.9670000000000005,
      7.034000000000001,
      7.519,
      6.888,
      7.566,
      4.1000000000000005,
      3.7950000000000004,
      2.8230000000000004,
      3.1950000000000003
    ],
    [
      10000.0,
      10000.0,
      10000.0,
      8.654000000000002,
      7.026000000000001,
      7.356999999999999,
      5.022,
      6.476000000000001,
      6.277000000000001,
      9.122,
      2.3350000000000004,
      10000.0,
      6.127000000000001,
      4.41,
      6.1610000000000005,
      6.061,
      0.539,
      9.677,
      4.031000000000001,
      8.496,
      10.984000000000002,
      4.1000000000000005,
      9.296,
      5.814,
      3.536,
      6.946,
      9.368,
      0.51,
      1.02,
      11.014000000000001,
      11.044,
      5.78,
      6.172000000000001,
      4.687,
      5.220000000000001,
      6.268000000000001,
      6.689,
      8.919,
      9.56,
      6.224,
      5.994,
      4.329,
      4.727
    ],
    [
      10000.0,
      10000.0,
      10000.0,
      6.5,
      5.672000000000001,
      9.159,
      7.28,
      4.276,
      8.42,
      5.801,
      3.9560000000000004,
      6.127000000000001,
      10000.0,
      2.64,
      1.393,
      7.713,
      5.59,
      7.336,
      6.0840000000000005,
      8.438,
      9.454,
      8.127,
      5.841,
      0.31600000000000006,
      3.7740000000000005,
      5.474,
      3.501,
      5.831,
      5.148,
      9.402,
      9.75,
      0.539,
      0.1,
      7.2090000000000005,
      7.305,
      8.149,
      8.635,
      3.0,
      3.701,
      0.28300000000000003,
      0.22400000000000003,
      2.5060000000000002,
      2.341
    ],
    [
      10000.0,
      10000.0,
      10000.0,
      5.091,
      3.7740000000000005,
      6.627,
      4.649,
      2.6170000000000004,
      5.825,
      5.054,
      2.997,
      4.41,
      2.64,
      10000.0,
      1.9420000000000002,
      5.148,
      3.901,
      6.088000000000001,
      3.444,
      6.2940000000000005,
      7.920000000000001,
      5.5440000000000005,
      5.189,
      2.4350000000000005,
      1.204,
      3.6060000000000003,
      5.143000000000001,
      4.305,
      3.401,
      7.9030000000000005,
      8.127,
      2.668,
      2.731,
      4.569,
      4.684,
      5.573,
      6.067,
      4.751,
      5.323,
      2.555,
      2.657,
      0.22400000000000003,
      0.361
    ],
    [
      10000.0,
      10000.0,
      10000.0,
      5.1080000000000005,
      4.319,
