{
  "name": "M-d3-n5-k1-p2",
  "V_coordinates": [
    [
      73,
      50
    ],
    [
      32,
      82
    ],
    [
      32,
      19
    ],
    [
      37,
      20
    ],
    [
      60,
      82
    ],
    [
      62,
      39
    ],
    [
      68,
      62
    ],
    [
      65,
      88
    ],
    [
      5,
      94
    ],
    [
      88,
      74
    ],
    [
      6,
      53
    ],
    [
      17,
      67
    ],
    [
      8,
      54
    ],
    [
      45,
      8
    ],
    [
      7,
      8
    ],
    [
      80,
      18
    ],
    [
      97,
      34
    ],
    [
      53,
      31
    ],
    [
      44,
      4
    ],
    [
      47,
      7
    ],
    [
      90,
      71
    ],
    [
      87,
      77
    ],
    [
      10,
      5
    ],
    [
      4,
      8
    ],
    [
      18,
      70
    ],
    [
      16,
      63
    ],
    [
      79,
      19
    ],
    [
      75,
      18
    ]
  ],
  "V": [
    0,
    1,
    2,
    3,
    4,
    5,
    6,
    7,
    8,
    9,
    10,
    11,
    12,
    13,
    14,
    15,
    16,
    17,
    18,
    19,
    20,
    21,
    22,
    23,
    24,
    25,
    26,
    27
  ],
  "VD": [
    0,
    1,
    2
  ],
  "VC": [
    3,
    4,
    5,
    6,
    7,
    8,
    9,
    10,
    11,
    12,
    13,
    14,
    15,
    16,
    17
  ],
  "VP": [
    18,
    19,
    20,
    21,
    22,
    23,
    24,
    25,
    26,
    27
  ],
  "VC1": [
    3,
    4,
    5,
    6,
    7,
    8,
    10,
    12,
    16,
    17
  ],
  "VC2": [
    13,
    9,
    14,
    11,
    15
  ],
  "demand": [
    0,
    0,
    0,
    16,
    27,
    27,
    17,
    22,
    26,
    21,
    28,
    21,
    24,
    18,
    27,
    29,
    10,
    22,
    0,
    0,
    0,
    0,
    0,
    0,
    0,
    0,
    0,
    0
  ],
  "service_time": [
    0,
    0,
    0,
    18,
    12,
    18,
    18,
    13,
    16,
    10,
    17,
    15,
    19,
    18,
    13,
    18,
    16,
    17,
    0,
    0,
    0,
    0,
    0,
    0,
    0,
    0,
    0,
    0
  ],
  "K": [
    0,
    1,
    2
  ],
  "veh_dist_matrix": [
    [
      100000.0,
      52.01,
      51.4,
      46.86,
      34.54,
      15.56,
      13.0,
      38.83,
      80.99,
      100000.0,
      67.07,
      100000.0,
      65.12,
      100000.0,
      100000.0,
      100000.0,
      28.84,
      27.59,
      54.38,
      50.25,
      27.02,
      30.41,
      77.42,
      80.78,
      58.52,
      58.46,
      31.58,
      32.06
    ],
    [
      52.01,
      100000.0,
      63.0,
      62.2,
      28.0,
      52.43,
      41.18,
      33.54,
      29.55,
      100000.0,
      38.95,
      100000.0,
      36.88,
      100000.0,
      100000.0,
      100000.0,
      80.8,
      55.15,
      78.92,
      76.49,
      59.03,
      55.23,
      80.08,
      79.12,
      18.44,
      24.84,
      78.6,
      77.1
    ],
    [
      51.4,
      63.0,
      100000.0,
      5.1,
      68.94,
      36.06,
      56.08,
      76.49,
      79.71,
      100000.0,
      42.8,
      100000.0,
      42.44,
      100000.0,
      100000.0,
      100000.0,
      66.71,
      24.19,
      19.21,
      19.21,
      77.9,
      79.93,
      26.08,
      30.08,
      52.89,
      46.82,
      47.0,
      43.01
    ],
    [
      46.86,
      62.2,
      5.1,
      100000.0,
      66.13,
      31.4,
      52.2,
      73.54,
      80.62,
      100000.0,
      45.28,
      100000.0,
      44.69,
      100000.0,
      100000.0,
      100000.0,
      61.61,
      19.42,
      17.46,
      16.4,
      73.55,
      75.82,
      30.89,
      35.11,
      53.49,
      47.85,
      42.01,
      38.05
    ],
    [
      34.54,
      28.0,
      68.94,
      66.13,
      100000.0,
      43.05,
      21.54,
      7.81,
      56.29,
      100000.0,
      61.29,
      100000.0,
      59.06,
      100000.0,
      100000.0,
      100000.0,
      60.61,
      51.48,
      79.62,
      76.12,
      31.95,
      27.46,
      91.81,
      92.8,
      43.68,
      47.93,
      65.8,
      65.73
    ],
    [
      15.56,
      52.43,
      36.06,
      31.4,
      43.05,
      100000.0,
      23.77,
      49.09,
      79.21,
      100000.0,
      57.72,
      100000.0,
      56.04,
      100000.0,
      100000.0,
      100000.0,
      35.36,
      12.04,
      39.36,
      35.34,
      42.52,
      45.49,
      62.13,
      65.76,
      53.82,
      51.88,
      26.25,
      24.7
    ],
    [
      13.0,
      41.18,
      56.08,
      52.2,
      21.54,
      23.77,
      100000.0,
      26.17,
      70.66,
      100000.0,
      62.65,
      100000.0,
      60.53,
      100000.0,
      100000.0,
      100000.0,
      40.31,
      34.44,
      62.77,
      58.87,
      23.77,
      24.21,
      81.32,
      83.74,
      50.64,
      52.01,
      44.38,
      44.55
    ],
    [
      38.83,
      33.54,
      76.49,
      73.54,
      7.81,
      49.09,
      26.17,
      100000.0,
      60.3,
      100000.0,
      68.6,
      100000.0,
      66.37,
      100000.0,
      100000.0,
      100000.0,
      62.77,
      58.25,
      86.59,
      82.98,
      30.23,
      24.6,
      99.57,
      100.6,
      50.33,
      55.01,
      70.41,
      70.71
    ],
    [
      80.99,
      29.55,
      79.71,
      80.62,
      56.29,
      79.21,
      70.66,
      60.3,
      100000.0,
      100000.0,
      41.01,
      100000.0,
      40.11,
      100000.0,
      100000.0,
      100000.0,
      109.84,
      79.2,
      98.09,
      96.61,
      88.06,
      83.74,
      89.14,
      86.01,
      27.29,
      32.89,
      105.36,
      103.32
    ],
    [
      100000.0,
      100000.0,
      100000.0,
      100000.0,
      100000.0,
      100000.0,
      100000.0,
      100000.0,
      100000.0,
      100000.0,
      100000.0,
      100000.0,
      100000.0,
      100000.0,
      100000.0,
      100000.0,
      100000.0,
      100000.0,
      100000.0,
      100000.0,
      100000.0,
      100000.0,
      100000.0,
      100000.0,
      100000.0,
      100000.0,
      100000.0,
      100000.0
    ],
    [
      67.07,
      38.95,
      42.8,
      45.28,
      61.29,
      57.72,
      62.65,
      68.6,
      41.01,
      100000.0,
      100000.0,
      100000.0,
      2.24,
      100000.0,
      100000.0,
      100000.0,
      92.96,
      51.89,
      62.01,
      61.62,
      85.91,
      84.48,
      48.17,
      45.04,
      20.81,
      14.14,
      80.53,
      77.37
    ],
    [
      100000.0,
      100000.0,
      100000.0,
      100000.0,
      100000.0,
      100000.0,
      100000.0,
      100000.0,
      100000.0,
      100000.0,
      100000.0,
      100000.0,
      100000.0,
      100000.0,
      100000.0,
      100000.0,
      100000.0,
      100000.0,
      100000.0,
      100000.0,
      100000.0,
      100000.0,
      100000.0,
      100000.0,
      100000.0,
      100000.0,
      100000.0,
      100000.0
    ],
    [
      65.12,
      36.88,
      42.44,
      44.69,
      59.06,
      56.04,
      60.53,
      66.37,
      40.11,
      100000.0,
      2.24,
      100000.0,
      100000.0,
      100000.0,
      100000.0,
      100000.0,
      91.22,
      50.54,
      61.61,
      61.07,
      83.74,
      82.28,
      49.04,
      46.17,
      18.87,
      12.04,
      79.16,
      76.06
    ],
    [
      100000.0,
      100000.0,
      100000.0,
      100000.0,
      100000.0,
      100000.0,
      100000.0,
      100000.0,
      100000.0,
      100000.0,
      100000.0,
      100000.0,
      100000.0,
      100000.0,
      100000.0,
      100000.0,
      100000.0,
      100000.0,
      100000.0,
      100000.0,
      100000.0,
      100000.0,
      100000.0,
      100000.0,
      100000.0,
      100000.0,
      100000.0,
      100000.0
    ],
    [
      100000.0,
      100000.0,
      100000.0,
      100000.0,
      100000.0,
      100000.0,
      100000.0,
      100000.0,
      100000.0,
      100000.0,
      100000.0,
      100000.0,
      100000.0,
      100000.0,
      100000.0,
      100000.0,
      100000.0,
      100000.0,
      100000.0,
      100000.0,
      100000.0,
      100000.0,
      100000.0,
      100000.0,
      100000.0,
      100000.0,
      100000.0,
      100000.0
    ],
    [
      100000.0,
      100000.0,
      100000.0,
      100000.0,
      100000.0,
      100000.0,
      100000.0,
      100000.0,
      100000.0,
      100000.0,
      100000.0,
      100000.0,
      100000.0,
      100000.0,
      100000.0,
      100000.0,
      100000.0,
      100000.0,
      100000.0,
      100000.0,
      100000.0,
      100000.0,
      100000.0,
      100000.0,
      100000.0,
      100000.0,
      100000.0,
      100000.0
    ],
    [
      28.84,
      80.8,
      66.71,
      61.61,
      60.61,
      35.36,
      40.31,
      62.77,
      109.84,
      100000.0,
      92.96,
      100000.0,
      91.22,
      100000.0,
      100000.0,
      100000.0,
      100000.0,
      44.1,
      60.9,
      56.82,
      37.66,
      44.15,
      91.71,
      96.57,
      86.82,
      86.03,
      23.43,
      27.2
    ],
    [
      27.59,
      55.15,
      24.19,
      19.42,
      51.48,
      12.04,
      34.44,
      58.25,
      79.2,
      100000.0,
      51.89,
      100000.0,
      50.54,
      100000.0,
      100000.0,
      100000.0,
      44.1,
      100000.0,
      28.46,
      24.74,
      54.49,
      57.2,
      50.25,
      54.13,
      52.4,
      48.92,
      28.64,
      25.55
    ],
    [
      54.38,
      78.92,
      19.21,
      17.46,
      79.62,
      39.36,
      62.77,
      86.59,
      98.09,
      100000.0,
      62.01,
      100000.0,
      61.61,
      100000.0,
      100000.0,
      100000.0,
      60.9,
      28.46,
      100000.0,
      4.24,
      81.27,
      84.72,
      34.01,
      40.2,
      70.94,
      65.31,
      38.08,
      34.01
    ],
    [
      50.25,
      76.49,
      19.21,
      16.4,
      76.12,
      35.34,
      58.87,
      82.98,
      96.61,
      100000.0,
      61.62,
      100000.0,
      61.07,
      100000.0,
      100000.0,
      100000.0,
      56.82,
      24.74,
      4.24,
      100000.0,
      77.1,
      80.62,
      37.05,
      43.01,
      69.35,
      64.01,
      34.18,
      30.08
    ],
    [
      27.02,
      59.03,
      77.9,
      73.55,
      31.95,
      42.52,
      23.77,
      30.23,
      88.06,
      100000.0,
      85.91,
      100000.0,
      83.74,
      100000.0,
      100000.0,
      100000.0,
      37.66,
      54.49,
      81.27,
      77.1,
      100000.0,
      6.71,
      103.71,
      106.61,
      72.01,
      74.43,
      53.15,
      55.08
    ],
    [
      30.41,
      55.23,
      79.93,
      75.82,
      27.46,
      45.49,
      24.21,
      24.6,
      83.74,
      100000.0,
      84.48,
      100000.0,
      82.28,
      100000.0,
      100000.0,
      100000.0,
      44.15,
      57.2,
      84.72,
      80.62,
      6.71,
      100000.0,
      105.42,
      107.94,
      69.35,
      72.37,
      58.55,
      60.21
    ],
    [
      77.42,
      80.08,
      26.08,
      30.89,
      91.81,
      62.13,
      81.32,
      99.57,
      89.14,
      100000.0,
      48.17,
      100000.0,
      49.04,
      100000.0,
      100000.0,
      100000.0,
      91.71,
      50.25,
      34.01,
      37.05,
      103.71,
      105.42,
      100000.0,
      6.71,
      65.49,
      58.31,
      70.41,
      66.29
    ],
    [
      80.78,
      79.12,
      30.08,
      35.11,
      92.8,
      65.76,
      83.74,
      100.6,
      86.01,
      100000.0,
      45.04,
      100000.0,
      46.17,
      100000.0,
      100000.0,
      100000.0,
      96.57,
      54.13,
      40.2,
      43.01,
      106.61,
      107.94,
      6.71,
      100000.0,
      63.56,
      56.29,
      75.8,
      71.7
    ],
    [
      58.52,
      18.44,
      52.89,
      53.49,
      43.68,
      53.82,
      50.64,
      50.33,
      27.29,
      100000.0,
      20.81,
      100000.0,
      18.87,
      100000.0,
      100000.0,
      100000.0,
      86.82,
      52.4,
      70.94,
      69.35,
      72.01,
      69.35,
      65.49,
      63.56,
      100000.0,
      7.28,
      79.51,
      77.16
    ],
    [
      58.46,
      24.84,
      46.82,
      47.85,
      47.93,
      51.88,
      52.01,
      55.01,
      32.89,
      100000.0,
      14.14,
      100000.0,
      12.04,
      100000.0,
      100000.0,
      100000.0,
      86.03,
      48.92,
      65.31,
      64.01,
      74.43,
      72.37,
      58.31,
      56.29,
      7.28,
      100000.0,
      76.84,
      74.2
    ],
    [
      31.58,
      78.6,
      47.0,
      42.01,
      65.8,
      26.25,
      44.38,
      70.41,
      105.36,
      100000.0,
      80.53,
      100000.0,
      79.16,
      100000.0,
      100000.0,
      100000.0,
      23.43,
      28.64,
      38.08,
      34.18,
      53.15,
      58.55,
      70.41,
      75.8,
      79.51,
      76.84,
      100000.0,
      4.12
    ],
    [
      32.06,
      77.1,
      43.01,
      38.05,
      65.73,
      24.7,
      44.55,
      70.71,
      103.32,
      100000.0,
      77.37,
      100000.0,
      76.06,
      100000.0,
      100000.0,
      100000.0,
      27.2,
      25.55,
      34.01,
      30.08,
      55.08,
      60.21,
      66.29,
      71.7,
      77.16,
      74.2,
      4.12,
      100000.0
    ]
  ],
  "rob_power_matrix": [
    [
      10000.0,
      10000.0,
      10000.0,
      10000.0,
      10000.0,
      10000.0,
      10000.0,
      10000.0,
      10000.0,
      10000.0,
      10000.0,
      10000.0,
      10000.0,
      10000.0,
      10000.0,
      10000.0,
      10000.0,
      10000.0,
      10000.0,
      10000.0,
      10000.0,
      10000.0,
      10000.0,
      10000.0,
      10000.0,
      10000.0,
      10000.0,
      10000.0
    ],
    [
      10000.0,
      10000.0,
      10000.0,
      10000.0,
      10000.0,
      10000.0,
      10000.0,
      10000.0,
      10000.0,
      10000.0,
      10000.0,
      10000.0,
      10000.0,
      10000.0,
      10000.0,
      10000.0,
      10000.0,
      10000.0,
      10000.0,
      10000.0,
      10000.0,
      10000.0,
      10000.0,
      10000.0,
      10000.0,
      10000.0,
      10000.0,
      10000.0
    ],
    [
      10000.0,
      10000.0,
      10000.0,
      10000.0,
      10000.0,
      10000.0,
      10000.0,
      10000.0,
      10000.0,
      10000.0,
      10000.0,
      10000.0,
      10000.0,
      10000.0,
      10000.0,
      10000.0,
      10000.0,
      10000.0,
      10000.0,
      10000.0,
      10000.0,
      10000.0,
      10000.0,
      10000.0,
      10000.0,
      10000.0,
      10000.0,
      10000.0
    ],
    [
      10000.0,
      10000.0,
      10000.0,
      10000.0,
      6.6129999999999995,
      3.14,
      5.220000000000001,
      7.354000000000001,
      8.062000000000001,
      7.428000000000001,
      4.5280000000000005,
      5.1080000000000005,
      4.469,
      1.4420000000000002,
      3.2310000000000003,
      4.305,
      6.1610000000000005,
      1.9420000000000002,
      1.7460000000000002,
      1.64,
      7.355,
      7.582,
      3.0890000000000004,
      3.511,
      5.349,
      4.785,
      4.201,
      3.8049999999999997
    ],
    [
      10000.0,
      10000.0,
      10000.0,
      6.6129999999999995,
      10000.0,
      4.305,
      2.154,
      0.781,
      5.6290000000000004,
      2.9120000000000004,
      6.1290000000000004,
      4.554,
      5.906000000000001,
      7.550000000000001,
      9.102,
      6.705,
      6.061,
      5.148,
      7.962000000000001,
      7.612000000000001,
      3.1950000000000003,
      2.7460000000000004,
      9.181000000000001,
      9.28,
      4.368,
      4.793,
      6.58,
      6.573
    ],
    [
      10000.0,
      10000.0,
      10000.0,
      3.14,
      4.305,
      10000.0,
      2.3770000000000002,
      4.909000000000001,
      7.920999999999999,
      4.36,
      5.772,
      5.300000000000001,
      5.604,
      3.536,
      6.313000000000001,
      2.766,
      3.536,
      1.204,
      3.936,
      3.5340000000000007,
      4.252000000000001,
      4.549,
      6.213000000000001,
      6.5760000000000005,
      5.382000000000001,
      5.188000000000001,
      2.625,
      2.47
    ],
    [
      10000.0,
      10000.0,
      10000.0,
      5.220000000000001,
      2.154,
      2.3770000000000002,
      10000.0,
      2.6170000000000004,
      7.066,
      2.3320000000000003,
      6.265000000000001,
      5.1240000000000006,
      6.053000000000001,
      5.869,
      8.147,
      4.561,
      4.031000000000001,
      3.444,
      6.277000000000001,
      5.8870000000000005,
      2.3770000000000002,
      2.4210000000000003,
      8.132,
      8.374,
      5.064,
      5.2010000000000005,
      4.438000000000001,
      4.455
    ],
    [
      10000.0,
      10000.0,
      10000.0,
      7.354000000000001,
      0.781,
      4.909000000000001,
      2.6170000000000004,
      10000.0,
      6.03,
      2.693,
      6.859999999999999,
      5.239000000000001,
      6.6370000000000005,
      8.246,
      9.881,
      7.159000000000001,
      6.277000000000001,
      5.825,
      8.659,
      8.298,
      3.023,
      2.4600000000000004,
      9.957,
      10.06,
      5.033,
      5.501,
      7.041,
      7.071
    ],
    [
      10000.0,
      10000.0,
      10000.0,
      8.062000000000001,
      5.6290000000000004,
      7.920999999999999,
      7.066,
      6.03,
      10000.0,
      8.538,
      4.101,
      2.955,
      4.011,
      9.485,
      8.602,
      10.678,
      10.984000000000002,
      7.920000000000001,
      9.809000000000001,
      9.661000000000001,
      8.806000000000001,
      8.374,
      8.914,
      8.601,
      2.729,
      3.289,
      10.536000000000001,
      10.332
    ],
    [
      10000.0,
      10000.0,
      10000.0,
      7.428000000000001,
      2.9120000000000004,
      4.36,
      2.3320000000000003,
      2.693,
      8.538,
      10000.0,
      8.465000000000002,
      7.134,
      8.246,
      7.877,
      10.448,
      5.657,
      4.1000000000000005,
      5.5440000000000005,
      8.268,
      7.855,
      0.361,
      0.31600000000000006,
      10.414000000000001,
      10.683,
      7.011,
      7.284000000000001,
      5.573,
      5.7490000000000006
    ],
    [
      10000.0,
      10000.0,
      10000.0,
      4.5280000000000005,
      6.1290000000000004,
      5.772,
      6.265000000000001,
      6.859999999999999,
      4.101,
      8.465000000000002,
      10000.0,
      1.7800000000000002,
      0.22400000000000003,
      5.955,
      4.501,
      8.186,
      9.296,
      5.189,
      6.2010000000000005,
      6.162,
      8.591,
      8.448,
      4.817,
      4.5040000000000004,
      2.081,
      1.4140000000000001,
      8.053,
      7.737000000000001
    ],
    [
      10000.0,
      10000.0,
      10000.0,
      5.1080000000000005,
      4.554,
      5.300000000000001,
      5.1240000000000006,
      5.239000000000001,
      2.955,
      7.134,
      1.7800000000000002,
      10000.0,
      1.5810000000000002,
      6.531000000000001,
      5.984000000000001,
      7.981000000000001,
      8.654000000000002,
      5.091,
      6.854000000000001,
      6.708,
      7.311,
      7.071,
      6.239000000000001,
      6.042000000000001,
      0.31600000000000006,
      0.41200000000000003,
      7.841,
      7.593000000000001
    ],
    [
      10000.0,
      10000.0,
      10000.0,
      4.469,
      5.906000000000001,
      5.604,
      6.053000000000001,
      6.6370000000000005,
      4.011,
      8.246,
      0.22400000000000003,
      1.5810000000000002,
      10000.0,
      5.9030000000000005,
      4.601,
      8.05,
      9.122,
      5.054,
      6.1610000000000005,
      6.107,
      8.374,
      8.228,
      4.904,
      4.617,
      1.8870000000000002,
      1.204,
      7.916,
      7.606000000000001
    ],
    [
      10000.0,
      10000.0,
      10000.0,
      1.4420000000000002,
      7.550000000000001,
      3.536,
      5.869,
      8.246,
      9.485,
      7.877,
      5.955,
      6.531000000000001,
      5.9030000000000005,
      10000.0,
      3.8000000000000003,
      3.64,
      5.814,
      2.4350000000000005,
      0.41200000000000003,
      0.22400000000000003,
      7.742000000000001,
      8.078000000000001,
      3.5130000000000003,
      4.1000000000000005,
      6.7620000000000005,
      6.218,
      3.5740000000000003,
      3.1620000000000004
    ],
    [
      10000.0,
      10000.0,
      10000.0,
      3.2310000000000003,
      9.102,
      6.313000000000001,
      8.147,
      9.881,
      8.602,
      10.448,
      4.501,
      5.984000000000001,
      4.601,
      3.8000000000000003,
      10000.0,
      7.368000000000001,
      9.368,
      5.143000000000001,
      3.722,
      4.001,
      10.420000000000002,
      10.565000000000001,
      0.42400000000000004,
      0.30000000000000004,
      6.297000000000001,
      5.573,
      7.284000000000001,
      6.873000000000001
    ],
    [
      10000.0,
      10000.0,
      10000.0,
      4.305,
      6.705,
      2.766,
      4.561,
      7.159000000000001,
      10.678,
      5.657,
      8.186,
      7.981000000000001,
      8.05,
      3.64,
      7.368000000000001,
      10000.0,
      2.3350000000000004,
      2.997,
      3.8630000000000004,
      3.479,
      5.394,
      5.941,
      7.120000000000001,
      7.666,
      8.092,
      7.824,
      0.141,
      0.5
    ],
    [
      10000.0,
      10000.0,
      10000.0,
      6.1610000000000005,
      6.061,
      3.536,
      4.031000000000001,
      6.277000000000001,
      10.984000000000002,
      4.1000000000000005,
      9.296,
      8.654000000000002,
      9.122,
      5.814,
      9.368,
      2.3350000000000004,
      10000.0,
      4.41,
      6.09,
      5.682,
      3.766,
      4.415,
      9.171,
      9.657,
      8.682,
      8.603,
      2.343,
      2.72
    ],
    [
      10000.0,
      10000.0,
      10000.0,
      1.9420000000000002,
      5.148,
      1.204,
      3.444,
      5.825,
      7.920000000000001,
      5.5440000000000005,
      5.189,
      5.091,
      5.054,
      2.4350000000000005,
      5.143000000000001,
      2.997,
      4.41,
      10000.0,
      2.846,
      2.474,
      5.449000000000001,
      5.720000000000001,
      5.025,
      5.413,
      5.24,
      4.892,
      2.8640000000000003,
      2.555
    ],
    [
      10000.0,
      10000.0,
      10000.0,
      1.7460000000000002,
      7.962000000000001,
      3.936,
      6.277000000000001,
      8.659,
      9.809000000000001,
      8.268,
      6.2010000000000005,
      6.854000000000001,
      6.1610000000000005,
      0.41200000000000003,
      3.722,
      3.8630000000000004,
      6.09,
      2.846,
      10000.0,
      0.42400000000000004,
      8.127,
      8.472,
      3.401,
      4.0200000000000005,
      7.094,
      6.531000000000001,
      3.808,
      3.401
    ],
    [
      10000.0,
      10000.0,
      10000.0,
      1.64,
      7.612000000000001,
      3.5340000000000007,
      5.8870000000000005,
      8.298,
      9.661000000000001,
      7.855,
      6.162,
      6.708,
      6.107,
      0.22400000000000003,
      4.001,
      3.479,
      5.682,
      2.474,
      0.42400000000000004,
      10000.0,
      7.71,
      8.062000000000001,
      3.705,
      4.301,
      6.935,
      6.401000000000001,
      3.418,
      3.008
    ],
    [
      10000.0,
      10000.0,
      10000.0,
      7.355,
      3.1950000000000003,
      4.252000000000001,
      2.3770000000000002,
      3.023,
      8.806000000000001,
      0.361,
      8.591,
      7.311,
      8.374,
      7.742000000000001,
      10.420000000000002,
      5.394,
      3.766,
      5.449000000000001,
      8.127,
      7.71,
      10000.0,
      0.671,
      10.371,
      10.661000000000001,
      7.2010000000000005,
      7.443000000000001,
      5.315,
      5.508
    ],
    [
      10000.0,
      10000.0,
      10000.0,
      7.582,
      2.7460000000000004,
      4.549,
      2.4210000000000003,
      2.4600000000000004,
      8.374,
      0.31600000000000006,
      8.448,
      7.071,
      8.228,
      8.078000000000001,
      10.565000000000001,
      5.941,
      4.415,
      5.720000000000001,
      8.472,
      8.062000000000001,
      0.671,
      10000.0,
      10.542000000000002,
      10.794,
      6.935,
      7.237000000000001,
      5.855,
      6.021000000000001
    ],
    [
      10000.0,
      10000.0,
      10000.0,
      3.0890000000000004,
      9.181000000000001,
      6.213000000000001,
      8.132,
      9.957,
      8.914,
      10.414000000000001,
      4.817,
      6.239000000000001,
      4.904,
      3.5130000000000003,
      0.42400000000000004,
      7.120000000000001,
      9.171,
      5.025,
      3.401,
      3.705,
      10.371,
      10.542000000000002,
      10000.0,
      0.671,
      6.5489999999999995,
      5.831,
      7.041,
      6.629000000000001
    ],
    [
      10000.0,
      10000.0,
      10000.0,
      3.511,
      9.28,
      6.5760000000000005,
      8.374,
      10.06,
      8.601,
      10.683,
      4.5040000000000004,
      6.042000000000001,
      4.617,
      4.1000000000000005,
      0.30000000000000004,
      7.666,
      9.657,
      5.413,
      4.0200000000000005,
      4.301,
      10.661000000000001,
      10.794,
      0.671,
      10000.0,
      6.356000000000001,
      5.6290000000000004,
      7.58,
      7.170000000000001
    ],
    [
      10000.0,
      10000.0,
      10000.0,
      5.349,
      4.368,
      5.382000000000001,
      5.064,
      5.033,
      2.729,
      7.011,
      2.081,
      0.31600000000000006,
      1.8870000000000002,
      6.7620000000000005,
      6.297000000000001,
      8.092,
      8.682,
      5.24,
      7.094,
      6.935,
      7.2010000000000005,
      6.935,
      6.5489999999999995,
      6.356000000000001,
      10000.0,
      0.7280000000000001,
      7.9510000000000005,
      7.716
    ],
    [
      10000.0,
      10000.0,
      10000.0,
      4.785,
      4.793,
      5.188000000000001,
      5.2010000000000005,
      5.501,
      3.289,
      7.284000000000001,
      1.4140000000000001,
      0.41200000000000003,
      1.204,
      6.218,
      5.573,
      7.824,
      8.603,
      4.892,
      6.531000000000001,
      6.401000000000001,
      7.443000000000001,
      7.237000000000001,
      5.831,
      5.6290000000000004,
      0.7280000000000001,
      10000.0,
      7.684000000000001,
      7.420000000000001
    ],
    [
      10000.0,
      10000.0,
      10000.0,
      4.201,
      6.58,
      2.625,
      4.438000000000001,
      7.041,
      10.536000000000001,
      5.573,
      8.053,
      7.841,
      7.916,
      3.5740000000000003,
      7.284000000000001,
      0.141,
      2.343,
      2.8640000000000003,
      3.808,
      3.418,
      5.315,
      5.855,
      7.041,
      7.58,
      7.9510000000000005,
      7.684000000000001,
      10000.0,
      0.41200000000000003
    ],
    [
      10000.0,
      10000.0,
      10000.0,
      3.8049999999999997,
      6.573,
      2.47,
      4.455,
      7.071,
      10.332,
      5.7490000000000006,
      7.737000000000001,
      7.593000000000001,
      7.606000000000001,
      3.1620000000000004,
      6.873000000000001,
      0.5,
      2.72,
      2.555,
      3.401,
      3.008,
      5.508,
      6.021000000000001,
      6.629000000000001,
      7.170000000000001,
      7.716,
      7.420000000000001,
      0.41200000000000003,
      10000.0
    ]
  ],
  "vehicle_cost_matrix": [
    [
      100000.0,
      104.02,
      102.8,
      93.72,
      69.08,
      31.12,
      26.0,
      77.66,
      161.98,
      100000.0,
      134.14,
      100000.0,
      130.24,
      100000.0,
      100000.0,
      100000.0,
      57.68,
      55.18,
      108.76,
      100.5,
      54.04,
      60.82,
      154.84,
      161.56,
      117.04,
      116.92,
      63.16,
      64.12
    ],
    [
      104.02,
      100000.0,
      126.0,
      124.4,
      56.0,
      104.86,
      82.36,
      67.08,
      59.1,
      100000.0,
      77.9,
      100000.0,
      73.76,
      100000.0,
      100000.0,
      100000.0,
      161.6,
      110.3,
      157.84,
      152.98,
      118.06,
      110.46,
      160.16,
      158.24,
      36.88,
      49.68,
      157.2,
      154.2
    ],
    [
      102.8,
      126.0,
      100000.0,
      10.2,
      137.88,
      72.12,
      112.16,
      152.98,
      159.42,
      100000.0,
      85.6,
      100000.0,
      84.88,
      100000.0,
      100000.0,
      100000.0,
      133.42,
      48.38,
      38.42,
      38.42,
      155.8,
      159.86,
      52.16,
      60.16,
      105.78,
      93.64,
      94.0,
      86.02
    ],
    [
      93.72,
      124.4,
      10.2,
      100000.0,
      132.26,
      62.8,
      104.4,
      147.08,
      161.24,
      100000.0,
      90.56,
      100000.0,
      89.38,
      100000.0,
      100000.0,
      100000.0,
      123.22,
      38.84,
      34.92,
      32.8,
      147.1,
      151.64,
      61.78,
      70.22,
      106.98,
      95.7,
      84.02,
      76.1
    ],
    [
      69.08,
      56.0,
      137.88,
      132.26,
      100000.0,
      86.1,
      43.08,
      15.62,
      112.58,
      100000.0,
      122.58,
      100000.0,
      118.12,
      100000.0,
      100000.0,
      100000.0,
      121.22,
      102.96,
      159.24,
      152.24,
      63.9,
      54.92,
      183.62,
      185.6,
      87.36,
      95.86,
      131.6,
      131.46
    ],
    [
      31.12,
      104.86,
      72.12,
      62.8,
      86.1,
      100000.0,
      47.54,
      98.18,
      158.42,
      100000.0,
      115.44,
      100000.0,
      112.08,
      100000.0,
      100000.0,
      100000.0,
      70.72,
      24.08,
      78.72,
      70.68,
      85.04,
      90.98,
      124.26,
      131.52,
      107.64,
      103.76,
      52.5,
      49.4
    ],
    [
      26.0,
      82.36,
      112.16,
      104.4,
      43.08,
      47.54,
      100000.0,
      52.34,
      141.32,
      100000.0,
      125.3,
      100000.0,
      121.06,
      100000.0,
      100000.0,
      100000.0,
      80.62,
      68.88,
      125.54,
      117.74,
      47.54,
      48.42,
      162.64,
      167.48,
      101.28,
      104.02,
      88.76,
      89.1
    ],
    [
      77.66,
      67.08,
      152.98,
      147.08,
      15.62,
      98.18,
      52.34,
      100000.0,
      120.6,
      100000.0,
      137.2,
      100000.0,
      132.74,
      100000.0,
      100000.0,
      100000.0,
      125.54,
      116.5,
      173.18,
      165.96,
      60.46,
      49.2,
      199.14,
      201.2,
      100.66,
      110.02,
      140.82,
      141.42
    ],
    [
      161.98,
      59.1,
      159.42,
      161.24,
      112.58,
      158.42,
      141.32,
      120.6,
      100000.0,
      100000.0,
      82.02,
      100000.0,
      80.22,
      100000.0,
      100000.0,
      100000.0,
      219.68,
      158.4,
      196.18,
      193.22,
      176.12,
      167.48,
      178.28,
      172.02,
      54.58,
      65.78,
      210.72,
      206.64
    ],
    [
      100000.0,
      100000.0,
      100000.0,
      100000.0,
      100000.0,
      100000.0,
      100000.0,
      100000.0,
      100000.0,
      100000.0,
      100000.0,
      100000.0,
      100000.0,
      100000.0,
      100000.0,
      100000.0,
      100000.0,
      100000.0,
      100000.0,
      100000.0,
      100000.0,
      100000.0,
      100000.0,
      100000.0,
      100000.0,
      100000.0,
      100000.0,
      100000.0
    ],
    [
      134.14,
      77.9,
      85.6,
      90.56,
      122.58,
      115.44,
      125.3,
      137.2,
      82.02,
      100000.0,
      100000.0,
      100000.0,
      4.48,
      100000.0,
      100000.0,
      100000.0,
      185.92,
      103.78,
      124.02,
      123.24,
      171.82,
      168.96,
      96.34,
      90.08,
      41.62,
      28.28,
      161.06,
      154.74
    ],
    [
      100000.0,
      100000.0,
      100000.0,
      100000.0,
      100000.0,
      100000.0,
      100000.0,
      100000.0,
      100000.0,
      100000.0,
      100000.0,
      100000.0,
      100000.0,
      100000.0,
      100000.0,
      100000.0,
      100000.0,
      100000.0,
      100000.0,
      100000.0,
      100000.0,
      100000.0,
      100000.0,
      100000.0,
      100000.0,
      100000.0,
      100000.0,
      100000.0
    ],
    [
      130.24,
      73.76,
      84.88,
      89.38,
      118.12,
      112.08,
      121.06,
      132.74,
      80.22,
      100000.0,
      4.48,
      100000.0,
      100000.0,
      100000.0,
      100000.0,
      100000.0,
      182.44,
      101.08,
      123.22,
      122.14,
      167.48,
      164.56,
      98.08,
      92.34,
      37.74,
      24.08,
      158.32,
      152.12
    ],
    [
      100000.0,
      100000.0,
      100000.0,
      100000.0,
      100000.0,
      100000.0,
      100000.0,
      100000.0,
      100000.0,
      100000.0,
      100000.0,
      100000.0,
      100000.0,
      100000.0,
      100000.0,
      100000.0,
      100000.0,
      100000.0,
      100000.0,
      100000.0,
      100000.0,
      100000.0,
      100000.0,
      100000.0,
      100000.0,
      100000.0,
      100000.0,
      100000.0
    ],
    [
      100000.0,
      100000.0,
      100000.0,
      100000.0,
      100000.0,
      100000.0,
      100000.0,
      100000.0,
      100000.0,
      100000.0,
      100000.0,
      100000.0,
      100000.0,
      100000.0,
      100000.0,
      100000.0,
      100000.0,
      100000.0,
      100000.0,
      100000.0,
      100000.0,
      100000.0,
      100000.0,
      100000.0,
      100000.0,
      100000.0,
      100000.0,
      100000.0
    ],
    [
      100000.0,
      100000.0,
      100000.0,
      100000.0,
      100000.0,
      100000.0,
      100000.0,
      100000.0,
      100000.0,
      100000.0,
      100000.0,
      100000.0,
      100000.0,
      100000.0,
      100000.0,
      100000.0,
      100000.0,
      100000.0,
      100000.0,
      100000.0,
      100000.0,
      100000.0,
      100000.0,
      100000.0,
      100000.0,
      100000.0,
      100000.0,
      100000.0
    ],
    [
      57.68,
      161.6,
      133.42,
      123.22,
      121.22,
      70.72,
      80.62,
      125.54,
      219.68,
      100000.0,
      185.92,
      100000.0,
      182.44,
      100000.0,
      100000.0,
      100000.0,
      100000.0,
      88.2,
      121.8,
      113.64,
      75.32,
      88.3,
      183.42,
      193.14,
      173.64,
      172.06,
      46.86,
      54.4
    ],
    [
      55.18,
      110.3,
      48.38,
      38.84,
      102.96,
      24.08,
      68.88,
      116.5,
      158.4,
      100000.0,
      103.78,
      100000.0,
      101.08,
      100000.0,
      100000.0,
      100000.0,
      88.2,
      100000.0,
      56.92,
      49.48,
      108.98,
      114.4,
      100.5,
      108.26,
      104.8,
      97.84,
      57.28,
      51.1
    ],
    [
      108.76,
      157.84,
      38.42,
      34.92,
      159.24,
      78.72,
      125.54,
      173.18,
      196.18,
      100000.0,
      124.02,
      100000.0,
      123.22,
      100000.0,
      100000.0,
      100000.0,
      121.8,
      56.92,
      100000.0,
      8.48,
      162.54,
      169.44,
      68.02,
      80.4,
      141.88,
      130.62,
      76.16,
      68.02
    ],
    [
      100.5,
      152.98,
      38.42,
      32.8,
      152.24,
      70.68,
      117.74,
      165.96,
      193.22,
      100000.0,
      123.24,
      100000.0,
      122.14,
      100000.0,
      100000.0,
      100000.0,
      113.64,
      49.48,
      8.48,
      100000.0,
      154.2,
      161.24,
      74.1,
      86.02,
      138.7,
      128.02,
      68.36,
      60.16
    ],
    [
      54.04,
      118.06,
      155.8,
      147.1,
      63.9,
      85.04,
      47.54,
      60.46,
      176.12,
      100000.0,
      171.82,
      100000.0,
      167.48,
      100000.0,
      100000.0,
      100000.0,
      75.32,
      108.98,
      162.54,
      154.2,
      100000.0,
      13.42,
      207.42,
      213.22,
      144.02,
      148.86,
      106.3,
      110.16
    ],
    [
      60.82,
      110.46,
      159.86,
      151.64,
      54.92,
      90.98,
      48.42,
      49.2,
      167.48,
      100000.0,
      168.96,
      100000.0,
      164.56,
      100000.0,
      100000.0,
      100000.0,
      88.3,
      114.4,
      169.44,
      161.24,
      13.42,
      100000.0,
      210.84,
      215.88,
      138.7,
      144.74,
      117.1,
      120.42
    ],
    [
      154.84,
      160.16,
      52.16,
      61.78,
      183.62,
      124.26,
      162.64,
      199.14,
      178.28,
      100000.0,
      96.34,
      100000.0,
      98.08,
      100000.0,
      100000.0,
      100000.0,
      183.42,
      100.5,
      68.02,
      74.1,
      207.42,
      210.84,
      100000.0,
      13.42,
      130.98,
      116.62,
      140.82,
      132.58
    ],
    [
      161.56,
      158.24,
      60.16,
      70.22,
      185.6,
      131.52,
      167.48,
      201.2,
      172.02,
      100000.0,
      90.08,
      100000.0,
      92.34,
      100000.0,
      100000.0,
      100000.0,
      193.14,
      108.26,
      80.4,
      86.02,
      213.22,
      215.88,
      13.42,
      100000.0,
      127.12,
      112.58,
      151.6,
      143.4
    ],
    [
      117.04,
      36.88,
      105.78,
      106.98,
      87.36,
      107.64,
      101.28,
      100.66,
      54.58,
      100000.0,
      41.62,
      100000.0,
      37.74,
      100000.0,
      100000.0,
      100000.0,
      173.64,
      104.8,
      141.88,
      138.7,
      144.02,
      138.7,
      130.98,
      127.12,
      100000.0,
      14.56,
      159.02,
      154.32
    ],
    [
      116.92,
      49.68,
      93.64,
      95.7,
      95.86,
      103.76,
      104.02,
      110.02,
      65.78,
      100000.0,
      28.28,
      100000.0,
      24.08,
      100000.0,
      100000.0,
      100000.0,
      172.06,
      97.84,
      130.62,
      128.02,
      148.86,
      144.74,
      116.62,
      112.58,
      14.56,
      100000.0,
      153.68,
      148.4
    ],
    [
      63.16,
      157.2,
      94.0,
      84.02,
      131.6,
      52.5,
      88.76,
      140.82,
      210.72,
      100000.0,
      161.06,
      100000.0,
      158.32,
      100000.0,
      100000.0,
      100000.0,
      46.86,
      57.28,
      76.16,
      68.36,
      106.3,
      117.1,
      140.82,
      151.6,
      159.02,
      153.68,
      100000.0,
      8.24
    ],
    [
      64.12,
      154.2,
      86.02,
      76.1,
      131.46,
      49.4,
      89.1,
      141.42,
      206.64,
      100000.0,
      154.74,
      100000.0,
      152.12,
      100000.0,
      100000.0,
      100000.0,
      54.4,
      51.1,
      68.02,
      60.16,
      110.16,
      120.42,
      132.58,
      143.4,
      154.32,
      148.4,
      8.24,
      100000.0
    ]
  ],
  "robot_cost_matrix": [
    [
      100000.0,
      100000.0,
      100000.0,
      100000.0,
      100000.0,
      100000.0,
      100000.0,
      100000.0,
      100000.0,
      100000.0,
      100000.0,
      100000.0,
      100000.0,
      100000.0,
      100000.0,
      100000.0,
      100000.0,
      100000.0,
      100000.0,
      100000.0,
      100000.0,
      100000.0,
      100000.0,
      100000.0,
      100000.0,
      100000.0,
      100000.0,
      100000.0
    ],
    [
      100000.0,
      100000.0,
      100000.0,
      100000.0,
      100000.0,
      100000.0,
      100000.0,
      100000.0,
      100000.0,
      100000.0,
      100000.0,
      100000.0,
      100000.0,
      100000.0,
      100000.0,
      100000.0,
