{
  "name": "M-d4-n4-k1-p2",
  "V_coordinates": [
    [
      73,
      50
    ],
    [
      50,
      87
    ],
    [
      15,
      50
    ],
    [
      50,
      25
    ],
    [
      60,
      82
    ],
    [
      92,
      32
    ],
    [
      62,
      39
    ],
    [
      68,
      62
    ],
    [
      65,
      88
    ],
    [
      5,
      94
    ],
    [
      88,
      74
    ],
    [
      6,
      53
    ],
    [
      17,
      67
    ],
    [
      8,
      54
    ],
    [
      45,
      8
    ],
    [
      7,
      8
    ],
    [
      80,
      18
    ],
    [
      97,
      34
    ],
    [
      53,
      31
    ],
    [
      59,
      97
    ],
    [
      6,
      11
    ],
    [
      10,
      5
    ],
    [
      94,
      34
    ],
    [
      99,
      34
    ],
    [
      6,
      91
    ],
    [
      6,
      97
    ],
    [
      44,
      4
    ],
    [
      43,
      10
    ],
    [
      87,
      74
    ],
    [
      92,
      75
    ]
  ],
  "V": [
    0,
    1,
    2,
    3,
    4,
    5,
    6,
    7,
    8,
    9,
    10,
    11,
    12,
    13,
    14,
    15,
    16,
    17,
    18,
    19,
    20,
    21,
    22,
    23,
    24,
    25,
    26,
    27,
    28,
    29
  ],
  "VD": [
    0,
    1,
    2,
    3
  ],
  "VC": [
    4,
    5,
    6,
    7,
    8,
    9,
    10,
    11,
    12,
    13,
    14,
    15,
    16,
    17,
    18,
    19
  ],
  "VP": [
    20,
    21,
    22,
    23,
    24,
    25,
    26,
    27,
    28,
    29
  ],
  "VC1": [
    4,
    5,
    6,
    7,
    8,
    11,
    12,
    13,
    16,
    18,
    19
  ],
  "VC2": [
    15,
    17,
    9,
    14,
    10
  ],
  "demand": [
    0,
    0,
    0,
    0,
    29,
    28,
    28,
    22,
    30,
    15,
    15,
    26,
    17,
    10,
    16,
    27,
    27,
    17,
    22,
    26,
    0,
    0,
    0,
    0,
    0,
    0,
    0,
    0,
    0,
    0
  ],
  "service_time": [
    0,
    0,
    0,
    0,
    15,
    19,
    15,
    17,
    14,
    20,
    18,
    19,
    10,
    16,
    18,
    12,
    18,
    18,
    13,
    16,
    0,
    0,
    0,
    0,
    0,
    0,
    0,
    0,
    0,
    0
  ],
  "K": [
    0,
    1,
    2,
    3
  ],
  "veh_dist_matrix": [
    [
      100000.0,
      43.57,
      58.0,
      33.97,
      34.54,
      26.17,
      15.56,
      13.0,
      38.83,
      100000.0,
      100000.0,
      67.07,
      58.52,
      65.12,
      100000.0,
      100000.0,
      32.76,
      100000.0,
      27.59,
      49.04,
      77.52,
      77.42,
      26.4,
      30.53,
      78.55,
      81.84,
      54.38,
      50.0,
      27.78,
      31.4
    ],
    [
      43.57,
      100000.0,
      50.93,
      62.0,
      11.18,
      69.2,
      49.48,
      30.81,
      15.03,
      100000.0,
      100000.0,
      55.61,
      38.59,
      53.41,
      100000.0,
      100000.0,
      75.24,
      100000.0,
      56.08,
      13.45,
      87.82,
      91.24,
      68.88,
      72.18,
      44.18,
      45.12,
      83.22,
      77.32,
      39.22,
      43.68
    ],
    [
      58.0,
      50.93,
      100000.0,
      43.01,
      55.22,
      79.08,
      48.27,
      54.34,
      62.8,
      100000.0,
      100000.0,
      9.49,
      17.12,
      8.06,
      100000.0,
      100000.0,
      72.45,
      100000.0,
      42.49,
      64.38,
      40.02,
      45.28,
      80.6,
      85.51,
      41.98,
      47.85,
      54.38,
      48.83,
      75.89,
      80.96
    ],
    [
      33.97,
      62.0,
      43.01,
      100000.0,
      57.87,
      42.58,
      18.44,
      41.15,
      64.76,
      100000.0,
      100000.0,
      52.15,
      53.41,
      51.04,
      100000.0,
      100000.0,
      30.81,
      100000.0,
      6.71,
      72.56,
      46.17,
      44.72,
      44.91,
      49.82,
      79.32,
      84.38,
      21.84,
      16.55,
      61.4,
      65.3
    ],
    [
      34.54,
      11.18,
      55.22,
      57.87,
      100000.0,
      59.36,
      43.05,
      21.54,
      7.81,
      100000.0,
      100000.0,
      61.29,
      45.54,
      59.06,
      100000.0,
      100000.0,
      67.05,
      100000.0,
      51.48,
      15.03,
      89.2,
      91.81,
      58.82,
      61.85,
      54.74,
      56.04,
      79.62,
      73.98,
      28.16,
      32.76
    ],
    [
      26.17,
      69.2,
      79.08,
      42.58,
      59.36,
      100000.0,
      30.81,
      38.42,
      62.17,
      100000.0,
      100000.0,
      88.53,
      82.76,
      86.83,
      100000.0,
      100000.0,
      18.44,
      100000.0,
      39.01,
      72.9,
      88.53,
      86.33,
      2.83,
      7.28,
      104.29,
      107.8,
      55.57,
      53.71,
      42.3,
      43.0
    ],
    [
      15.56,
      49.48,
      48.27,
      18.44,
      43.05,
      30.81,
      100000.0,
      23.77,
      49.09,
      100000.0,
      100000.0,
      57.72,
      53.0,
      56.04,
      100000.0,
      100000.0,
      27.66,
      100000.0,
      12.04,
      58.08,
      62.61,
      62.13,
      32.39,
      37.34,
      76.42,
      80.62,
      39.36,
      34.67,
      43.01,
      46.86
    ],
    [
      13.0,
      30.81,
      54.34,
      41.15,
      21.54,
      38.42,
      23.77,
      100000.0,
      26.17,
      100000.0,
      100000.0,
      62.65,
      51.24,
      60.53,
      100000.0,
      100000.0,
      45.61,
      100000.0,
      34.44,
      36.14,
      80.28,
      81.32,
      38.21,
      41.77,
      68.45,
      71.2,
      62.77,
      57.7,
      22.47,
      27.29
    ],
    [
      38.83,
      15.03,
      62.8,
      64.76,
      7.81,
      62.17,
      49.09,
      26.17,
      100000.0,
      100000.0,
      100000.0,
      68.6,
      52.39,
      66.37,
      100000.0,
      100000.0,
      71.59,
      100000.0,
      58.25,
      10.82,
      97.01,
      99.57,
      61.29,
      63.81,
      59.08,
      59.68,
      86.59,
      81.04,
      26.08,
      29.97
    ],
    [
      100000.0,
      100000.0,
      100000.0,
      100000.0,
      100000.0,
      100000.0,
      100000.0,
      100000.0,
      100000.0,
      100000.0,
      100000.0,
      100000.0,
      100000.0,
      100000.0,
      100000.0,
      100000.0,
      100000.0,
      100000.0,
      100000.0,
      100000.0,
      100000.0,
      100000.0,
      100000.0,
      100000.0,
      100000.0,
      100000.0,
      100000.0,
      100000.0,
      100000.0,
      100000.0
    ],
    [
      100000.0,
      100000.0,
      100000.0,
      100000.0,
      100000.0,
      100000.0,
      100000.0,
      100000.0,
      100000.0,
      100000.0,
      100000.0,
      100000.0,
      100000.0,
      100000.0,
      100000.0,
      100000.0,
      100000.0,
      100000.0,
      100000.0,
      100000.0,
      100000.0,
      100000.0,
      100000.0,
      100000.0,
      100000.0,
      100000.0,
      100000.0,
      100000.0,
      100000.0,
      100000.0
    ],
    [
      67.07,
      55.61,
      9.49,
      52.15,
      61.29,
      88.53,
      57.72,
      62.65,
      68.6,
      100000.0,
      100000.0,
      100000.0,
      17.8,
      2.24,
      100000.0,
      100000.0,
      81.86,
      100000.0,
      51.89,
      68.88,
      42.0,
      48.17,
      90.03,
      94.92,
      38.0,
      44.0,
      62.01,
      56.73,
      83.68,
      88.77
    ],
    [
      58.52,
      38.59,
      17.12,
      53.41,
      45.54,
      82.76,
      53.0,
      51.24,
      52.39,
      100000.0,
      100000.0,
      17.8,
      100000.0,
      15.81,
      100000.0,
      100000.0,
      79.81,
      100000.0,
      50.91,
      51.61,
      57.07,
      62.39,
      83.77,
      88.39,
      26.4,
      31.95,
      68.54,
      62.65,
      70.35,
      75.43
    ],
    [
      65.12,
      53.41,
      8.06,
      51.04,
      59.06,
      86.83,
      56.04,
      60.53,
      66.37,
      100000.0,
      100000.0,
      2.24,
      15.81,
      100000.0,
      100000.0,
      100000.0,
      80.5,
      100000.0,
      50.54,
      66.71,
      43.05,
      49.04,
      88.29,
      93.17,
      37.05,
      43.05,
      61.61,
      56.22,
      81.49,
      86.59
    ],
    [
      100000.0,
      100000.0,
      100000.0,
      100000.0,
      100000.0,
      100000.0,
      100000.0,
      100000.0,
      100000.0,
      100000.0,
      100000.0,
      100000.0,
      100000.0,
      100000.0,
      100000.0,
      100000.0,
      100000.0,
      100000.0,
      100000.0,
      100000.0,
      100000.0,
      100000.0,
      100000.0,
      100000.0,
      100000.0,
      100000.0,
      100000.0,
      100000.0,
      100000.0,
      100000.0
    ],
    [
      100000.0,
      100000.0,
      100000.0,
      100000.0,
      100000.0,
      100000.0,
      100000.0,
      100000.0,
      100000.0,
      100000.0,
      100000.0,
      100000.0,
      100000.0,
      100000.0,
      100000.0,
      100000.0,
      100000.0,
      100000.0,
      100000.0,
      100000.0,
      100000.0,
      100000.0,
      100000.0,
      100000.0,
      100000.0,
      100000.0,
      100000.0,
      100000.0,
      100000.0,
      100000.0
    ],
    [
      32.76,
      75.24,
      72.45,
      30.81,
      67.05,
      18.44,
      27.66,
      45.61,
      71.59,
      100000.0,
      100000.0,
      81.86,
      79.81,
      80.5,
      100000.0,
      100000.0,
      100000.0,
      100000.0,
      29.97,
      81.74,
      74.33,
      71.2,
      21.26,
      24.84,
      103.95,
      108.25,
      38.63,
      37.85,
      56.44,
      58.25
    ],
    [
      100000.0,
      100000.0,
      100000.0,
      100000.0,
      100000.0,
      100000.0,
      100000.0,
      100000.0,
      100000.0,
      100000.0,
      100000.0,
      100000.0,
      100000.0,
      100000.0,
      100000.0,
      100000.0,
      100000.0,
      100000.0,
      100000.0,
      100000.0,
      100000.0,
      100000.0,
      100000.0,
      100000.0,
      100000.0,
      100000.0,
      100000.0,
      100000.0,
      100000.0,
      100000.0
    ],
    [
      27.59,
      56.08,
      42.49,
      6.71,
      51.48,
      39.01,
      12.04,
      34.44,
      58.25,
      100000.0,
      100000.0,
      51.89,
      50.91,
      50.54,
      100000.0,
      100000.0,
      29.97,
      100000.0,
      100000.0,
      66.27,
      51.08,
      50.25,
      41.11,
      46.1,
      76.22,
      81.02,
      28.46,
      23.26,
      54.82,
      58.8
    ],
    [
      49.04,
      13.45,
      64.38,
      72.56,
      15.03,
      72.9,
      58.08,
      36.14,
      10.82,
      100000.0,
      100000.0,
      68.88,
      51.61,
      66.71,
      100000.0,
      100000.0,
      81.74,
      100000.0,
      66.27,
      100000.0,
      101.02,
      104.24,
      72.07,
      74.63,
      53.34,
      53.0,
      94.2,
      88.46,
      36.24,
      39.66
    ],
    [
      77.52,
      87.82,
      40.02,
      46.17,
      89.2,
      88.53,
      62.61,
      80.28,
      97.01,
      100000.0,
      100000.0,
      42.0,
      57.07,
      43.05,
      100000.0,
      100000.0,
      74.33,
      100000.0,
      51.08,
      101.02,
      100000.0,
      7.21,
      90.96,
      95.8,
      80.0,
      86.0,
      38.64,
      37.01,
      102.62,
      107.2
    ],
    [
      77.42,
      91.24,
      45.28,
      44.72,
      91.81,
      86.33,
      62.13,
      81.32,
      99.57,
      100000.0,
      100000.0,
      48.17,
      62.39,
      49.04,
      100000.0,
      100000.0,
      71.2,
      100000.0,
      50.25,
      104.24,
      7.21,
      100000.0,
      88.87,
      93.61,
      86.09,
      92.09,
      34.01,
      33.38,
      103.39,
      107.81
    ],
    [
      26.4,
      68.88,
      80.6,
      44.91,
      58.82,
      2.83,
      32.39,
      38.21,
      61.29,
      100000.0,
      100000.0,
      90.03,
      83.77,
      88.29,
      100000.0,
      100000.0,
      21.26,
      100000.0,
      41.11,
      72.07,
      90.96,
      88.87,
      100000.0,
      5.0,
      104.85,
      108.23,
      58.31,
      56.36,
      40.61,
      41.05
    ],
    [
      30.53,
      72.18,
      85.51,
      49.82,
      61.85,
      7.28,
      37.34,
      41.77,
      63.81,
      100000.0,
      100000.0,
      94.92,
      88.39,
      93.17,
      100000.0,
      100000.0,
      24.84,
      100000.0,
      46.1,
      74.63,
      95.8,
      93.61,
      5.0,
      100000.0,
      109.08,
      112.33,
      62.65,
      60.93,
      41.76,
      41.59
    ],
    [
      78.55,
      44.18,
      41.98,
      79.32,
      54.74,
      104.29,
      76.42,
      68.45,
      59.08,
      100000.0,
      100000.0,
      38.0,
      26.4,
      37.05,
      100000.0,
      100000.0,
      103.95,
      100000.0,
      76.22,
      53.34,
      80.0,
      86.09,
      104.85,
      109.08,
      100000.0,
      6.0,
      94.94,
      89.05,
      82.76,
      87.48
    ],
    [
      81.84,
      45.12,
      47.85,
      84.38,
      56.04,
      107.8,
      80.62,
      71.2,
      59.68,
      100000.0,
      100000.0,
      44.0,
      31.95,
      43.05,
      100000.0,
      100000.0,
      108.25,
      100000.0,
      81.02,
      53.0,
      86.0,
      92.09,
      108.23,
      112.33,
      6.0,
      100000.0,
      100.46,
      94.54,
      84.2,
      88.77
    ],
    [
      54.38,
      83.22,
      54.38,
      21.84,
      79.62,
      55.57,
      39.36,
      62.77,
      86.59,
      100000.0,
      100000.0,
      62.01,
      68.54,
      61.61,
      100000.0,
      100000.0,
      38.63,
      100000.0,
      28.46,
      94.2,
      38.64,
      34.01,
      58.31,
      62.65,
      94.94,
      100.46,
      100000.0,
      6.08,
      82.15,
      85.7
    ],
    [
      50.0,
      77.32,
      48.83,
      16.55,
      73.98,
      53.71,
      34.67,
      57.7,
      81.04,
      100000.0,
      100000.0,
      56.73,
      62.65,
      56.22,
      100000.0,
      100000.0,
      37.85,
      100000.0,
      23.26,
      88.46,
      37.01,
      33.38,
      56.36,
      60.93,
      89.05,
      94.54,
      6.08,
      100000.0,
      77.67,
      81.4
    ],
    [
      27.78,
      39.22,
      75.89,
      61.4,
      28.16,
      42.3,
      43.01,
      22.47,
      26.08,
      100000.0,
      100000.0,
      83.68,
      70.35,
      81.49,
      100000.0,
      100000.0,
      56.44,
      100000.0,
      54.82,
      36.24,
      102.62,
      103.39,
      40.61,
      41.76,
      82.76,
      84.2,
      82.15,
      77.67,
      100000.0,
      5.1
    ],
    [
      31.4,
      43.68,
      80.96,
      65.3,
      32.76,
      43.0,
      46.86,
      27.29,
      29.97,
      100000.0,
      100000.0,
      88.77,
      75.43,
      86.59,
      100000.0,
      100000.0,
      58.25,
      100000.0,
      58.8,
      39.66,
      107.2,
      107.81,
      41.05,
      41.59,
      87.48,
      88.77,
      85.7,
      81.4,
      5.1,
      100000.0
    ]
  ],
  "rob_power_matrix": [
    [
      10000.0,
      10000.0,
      10000.0,
      10000.0,
      10000.0,
      10000.0,
      10000.0,
      10000.0,
      10000.0,
      10000.0,
      10000.0,
      10000.0,
      10000.0,
      10000.0,
      10000.0,
      10000.0,
      10000.0,
      10000.0,
      10000.0,
      10000.0,
      10000.0,
      10000.0,
      10000.0,
      10000.0,
      10000.0,
      10000.0,
      10000.0,
      10000.0,
      10000.0,
      10000.0
    ],
    [
      10000.0,
      10000.0,
      10000.0,
      10000.0,
      10000.0,
      10000.0,
      10000.0,
      10000.0,
      10000.0,
      10000.0,
      10000.0,
      10000.0,
      10000.0,
      10000.0,
      10000.0,
      10000.0,
      10000.0,
      10000.0,
      10000.0,
      10000.0,
      10000.0,
      10000.0,
      10000.0,
      10000.0,
      10000.0,
      10000.0,
      10000.0,
      10000.0,
      10000.0,
      10000.0
    ],
    [
      10000.0,
      10000.0,
      10000.0,
      10000.0,
      10000.0,
      10000.0,
      10000.0,
      10000.0,
      10000.0,
      10000.0,
      10000.0,
      10000.0,
      10000.0,
      10000.0,
      10000.0,
      10000.0,
      10000.0,
      10000.0,
      10000.0,
      10000.0,
      10000.0,
      10000.0,
      10000.0,
      10000.0,
      10000.0,
      10000.0,
      10000.0,
      10000.0,
      10000.0,
      10000.0
    ],
    [
      10000.0,
      10000.0,
      10000.0,
      10000.0,
      10000.0,
      10000.0,
      10000.0,
      10000.0,
      10000.0,
      10000.0,
      10000.0,
      10000.0,
      10000.0,
      10000.0,
      10000.0,
      10000.0,
      10000.0,
      10000.0,
      10000.0,
      10000.0,
      10000.0,
      10000.0,
      10000.0,
      10000.0,
      10000.0,
      10000.0,
      10000.0,
      10000.0,
      10000.0,
      10000.0
    ],
    [
      10000.0,
      10000.0,
      10000.0,
      10000.0,
      10000.0,
      5.936,
      4.305,
      2.154,
      0.781,
      5.6290000000000004,
      2.9120000000000004,
      6.1290000000000004,
      4.554,
      5.906000000000001,
      7.550000000000001,
      9.102,
      6.705,
      6.061,
      5.148,
      1.5030000000000001,
      8.92,
      9.181000000000001,
      5.882000000000001,
      6.1850000000000005,
      5.474,
      5.604,
      7.962000000000001,
      7.398000000000001,
      2.8160000000000003,
      3.276
    ],
    [
      10000.0,
      10000.0,
      10000.0,
      10000.0,
      5.936,
      10000.0,
      3.081,
      3.8420000000000005,
      6.2170000000000005,
      10.683,
      4.219,
      8.853,
      8.276000000000002,
      8.683,
      5.277000000000001,
      8.831999999999999,
      1.8440000000000003,
      0.539,
      3.901,
      7.290000000000001,
      8.853,
      8.633000000000001,
      0.28300000000000003,
      0.7280000000000001,
      10.429000000000002,
      10.780000000000001,
      5.557,
      5.371,
      4.2299999999999995,
      4.3
    ],
    [
      10000.0,
      10000.0,
      10000.0,
      10000.0,
      4.305,
      3.081,
      10000.0,
      2.3770000000000002,
      4.909000000000001,
      7.920999999999999,
      4.36,
      5.772,
      5.300000000000001,
      5.604,
      3.536,
      6.313000000000001,
      2.766,
      3.536,
      1.204,
      5.808,
      6.261,
      6.213000000000001,
      3.2390000000000003,
      3.7340000000000004,
      7.642,
      8.062000000000001,
      3.936,
      3.4670000000000005,
      4.301,
      4.686
    ],
    [
      10000.0,
      10000.0,
      10000.0,
      10000.0,
      2.154,
      3.8420000000000005,
      2.3770000000000002,
      10000.0,
      2.6170000000000004,
      7.066,
      2.3320000000000003,
      6.265000000000001,
      5.1240000000000006,
      6.053000000000001,
      5.869,
      8.147,
      4.561,
      4.031000000000001,
      3.444,
      3.6140000000000003,
      8.028,
      8.132,
      3.821,
      4.1770000000000005,
      6.845000000000001,
      7.120000000000001,
      6.277000000000001,
      5.7700000000000005,
      2.247,
      2.729
    ],
    [
      10000.0,
      10000.0,
      10000.0,
      10000.0,
      0.781,
      6.2170000000000005,
      4.909000000000001,
      2.6170000000000004,
      10000.0,
      6.03,
      2.693,
      6.859999999999999,
      5.239000000000001,
      6.6370000000000005,
      8.246,
      9.881,
      7.159000000000001,
      6.277000000000001,
      5.825,
      1.082,
      9.701,
      9.957,
      6.1290000000000004,
      6.381,
      5.908,
      5.968,
      8.659,
      8.104000000000001,
      2.608,
      2.997
    ],
    [
      10000.0,
      10000.0,
      10000.0,
      10000.0,
      5.6290000000000004,
      10.683,
      7.920999999999999,
      7.066,
      6.03,
      10000.0,
      8.538,
      4.101,
      2.955,
      4.011,
      9.485,
      8.602,
      10.678,
      10.984000000000002,
      7.920000000000001,
      5.408,
      8.301,
      8.914,
      10.734000000000002,
      11.152000000000001,
      0.31600000000000006,
      0.31600000000000006,
      9.809000000000001,
      9.22,
      8.440000000000001,
      8.905
    ],
    [
      10000.0,
      10000.0,
      10000.0,
      10000.0,
      2.9120000000000004,
      4.219,
      4.36,
      2.3320000000000003,
      2.693,
      8.538,
      10000.0,
      8.465000000000002,
      7.134,
      8.246,
      7.877,
      10.448,
      5.657,
      4.1000000000000005,
      5.5440000000000005,
      3.701,
      10.341000000000001,
      10.414000000000001,
      4.045000000000001,
      4.148,
      8.374,
      8.516,
      8.268,
      7.824,
      0.1,
      0.41200000000000003
    ],
    [
      10000.0,
      10000.0,
      10000.0,
      10000.0,
      6.1290000000000004,
      8.853,
      5.772,
      6.265000000000001,
      6.859999999999999,
      4.101,
      8.465000000000002,
      10000.0,
      1.7800000000000002,
      0.22400000000000003,
      5.955,
      4.501,
      8.186,
      9.296,
      5.189,
      6.888,
      4.2,
      4.817,
      9.003,
      9.492,
      3.8000000000000003,
      4.4,
      6.2010000000000005,
      5.673,
      8.368,
      8.877
    ],
    [
      10000.0,
      10000.0,
      10000.0,
      10000.0,
      4.554,
      8.276000000000002,
      5.300000000000001,
      5.1240000000000006,
      5.239000000000001,
      2.955,
      7.134,
      1.7800000000000002,
      10000.0,
      1.5810000000000002,
      6.531000000000001,
      5.984000000000001,
      7.981000000000001,
      8.654000000000002,
      5.091,
      5.1610000000000005,
      5.707000000000001,
      6.239000000000001,
      8.377,
      8.839,
      2.64,
      3.1950000000000003,
      6.854000000000001,
      6.265000000000001,
      7.035,
      7.543000000000001
    ],
    [
      10000.0,
      10000.0,
      10000.0,
      10000.0,
      5.906000000000001,
      8.683,
      5.604,
      6.053000000000001,
      6.6370000000000005,
      4.011,
      8.246,
      0.22400000000000003,
      1.5810000000000002,
      10000.0,
      5.9030000000000005,
      4.601,
      8.05,
      9.122,
      5.054,
      6.670999999999999,
      4.305,
      4.904,
      8.829,
      9.317,
      3.705,
      4.305,
      6.1610000000000005,
      5.622,
      8.149,
      8.659
    ],
    [
      10000.0,
      10000.0,
      10000.0,
      10000.0,
      7.550000000000001,
      5.277000000000001,
      3.536,
      5.869,
      8.246,
      9.485,
      7.877,
      5.955,
      6.531000000000001,
      5.9030000000000005,
      10000.0,
      3.8000000000000003,
      3.64,
      5.814,
      2.4350000000000005,
      9.009,
      3.912,
      3.5130000000000003,
      5.547000000000001,
      5.993,
      9.171,
      9.717,
      0.41200000000000003,
      0.28300000000000003,
      7.823,
      8.184000000000001
    ],
    [
      10000.0,
      10000.0,
      10000.0,
      10000.0,
      9.102,
      8.831999999999999,
      6.313000000000001,
      8.147,
      9.881,
      8.602,
      10.448,
      4.501,
      5.984000000000001,
      4.601,
      3.8000000000000003,
      10000.0,
      7.368000000000001,
      9.368,
      5.143000000000001,
      10.308,
      0.31600000000000006,
      0.42400000000000004,
      9.08,
      9.56,
      8.301,
      8.901000000000002,
      3.722,
      3.6060000000000003,
      10.371,
      10.823
    ],
    [
      10000.0,
      10000.0,
      10000.0,
      10000.0,
      6.705,
      1.8440000000000003,
      2.766,
      4.561,
      7.159000000000001,
      10.678,
      5.657,
      8.186,
      7.981000000000001,
      8.05,
      3.64,
      7.368000000000001,
      10000.0,
      2.3350000000000004,
      2.997,
      8.174,
      7.433,
      7.120000000000001,
      2.1260000000000003,
      2.484,
      10.395000000000001,
      10.825000000000001,
      3.8630000000000004,
      3.785,
      5.644,
      5.825
    ],
    [
      10000.0,
      10000.0,
      10000.0,
      10000.0,
      6.061,
      0.539,
      3.536,
      4.031000000000001,
      6.277000000000001,
      10.984000000000002,
      4.1000000000000005,
      9.296,
      8.654000000000002,
      9.122,
      5.814,
      9.368,
      2.3350000000000004,
      10000.0,
      4.41,
      7.356999999999999,
      9.386000000000001,
      9.171,
      0.30000000000000004,
      0.2,
      10.738,
      11.068000000000001,
      6.09,
      5.909000000000001,
      4.123,
      4.13
    ],
    [
      10000.0,
      10000.0,
      10000.0,
      10000.0,
      5.148,
      3.901,
      1.204,
      3.444,
      5.825,
      7.920000000000001,
      5.5440000000000005,
      5.189,
      5.091,
      5.054,
      2.4350000000000005,
      5.143000000000001,
      2.997,
      4.41,
      10000.0,
      6.627,
      5.1080000000000005,
      5.025,
      4.111,
      4.61,
      7.622,
      8.102,
      2.846,
      2.326,
      5.482,
      5.88
    ],
    [
      10000.0,
      10000.0,
      10000.0,
      10000.0,
      1.5030000000000001,
      7.290000000000001,
      5.808,
      3.6140000000000003,
      1.082,
      5.408,
      3.701,
      6.888,
      5.1610000000000005,
      6.670999999999999,
      9.009,
      10.308,
      8.174,
      7.356999999999999,
      6.627,
      10000.0,
      10.102,
      10.424,
      7.207,
      7.463,
      5.3340000000000005,
      5.300000000000001,
      9.42,
      8.846,
      3.6240000000000006,
      3.9659999999999997
    ],
    [
      10000.0,
      10000.0,
      10000.0,
      10000.0,
      8.92,
      8.853,
      6.261,
      8.028,
      9.701,
      8.301,
      10.341000000000001,
      4.2,
      5.707000000000001,
      4.305,
      3.912,
      0.31600000000000006,
      7.433,
      9.386000000000001,
      5.1080000000000005,
      10.102,
      10000.0,
      0.7210000000000001,
      9.096,
      9.58,
      8.0,
      8.6,
      3.8640000000000003,
      3.701,
      10.262,
      10.72
    ],
    [
      10000.0,
      10000.0,
      10000.0,
      10000.0,
      9.181000000000001,
      8.633000000000001,
      6.213000000000001,
      8.132,
      9.957,
      8.914,
      10.414000000000001,
      4.817,
      6.239000000000001,
      4.904,
      3.5130000000000003,
      0.42400000000000004,
      7.120000000000001,
      9.171,
      5.025,
      10.424,
      0.7210000000000001,
      10000.0,
      8.887,
      9.361,
      8.609,
      9.209000000000001,
      3.401,
      3.3380000000000005,
      10.339,
      10.781
    ],
    [
      10000.0,
      10000.0,
      10000.0,
      10000.0,
      5.882000000000001,
      0.28300000000000003,
      3.2390000000000003,
      3.821,
      6.1290000000000004,
      10.734000000000002,
      4.045000000000001,
      9.003,
      8.377,
      8.829,
      5.547000000000001,
      9.08,
      2.1260000000000003,
      0.30000000000000004,
      4.111,
      7.207,
      9.096,
      8.887,
      10000.0,
      0.5,
      10.485,
      10.823,
      5.831,
      5.636,
      4.061,
      4.1049999999999995
    ],
    [
      10000.0,
      10000.0,
      10000.0,
      10000.0,
      6.1850000000000005,
      0.7280000000000001,
      3.7340000000000004,
      4.1770000000000005,
      6.381,
      11.152000000000001,
      4.148,
      9.492,
      8.839,
      9.317,
      5.993,
      9.56,
      2.484,
      0.2,
      4.61,
      7.463,
      9.58,
      9.361,
      0.5,
      10000.0,
      10.908000000000001,
      11.233,
      6.265000000000001,
      6.093,
      4.176,
      4.159000000000001
    ],
    [
      10000.0,
      10000.0,
      10000.0,
      10000.0,
      5.474,
      10.429000000000002,
      7.642,
      6.845000000000001,
      5.908,
      0.31600000000000006,
      8.374,
      3.8000000000000003,
      2.64,
      3.705,
      9.171,
      8.301,
      10.395000000000001,
      10.738,
      7.622,
      5.3340000000000005,
      8.0,
      8.609,
      10.485,
      10.908000000000001,
      10000.0,
      0.6000000000000001,
      9.494,
      8.905,
      8.276000000000002,
      8.748000000000001
    ],
    [
      10000.0,
      10000.0,
      10000.0,
      10000.0,
      5.604,
      10.780000000000001,
      8.062000000000001,
      7.120000000000001,
      5.968,
      0.31600000000000006,
      8.516,
      4.4,
      3.1950000000000003,
      4.305,
      9.717,
      8.901000000000002,
      10.825000000000001,
      11.068000000000001,
      8.102,
      5.300000000000001,
      8.6,
      9.209000000000001,
      10.823,
      11.233,
      0.6000000000000001,
      10000.0,
      10.046,
      9.454,
      8.42,
      8.877
    ],
    [
      10000.0,
      10000.0,
      10000.0,
      10000.0,
      7.962000000000001,
      5.557,
      3.936,
      6.277000000000001,
      8.659,
      9.809000000000001,
      8.268,
      6.2010000000000005,
      6.854000000000001,
      6.1610000000000005,
      0.41200000000000003,
      3.722,
      3.8630000000000004,
      6.09,
      2.846,
      9.42,
      3.8640000000000003,
      3.401,
      5.831,
      6.265000000000001,
      9.494,
      10.046,
      10000.0,
      0.6080000000000001,
      8.215000000000002,
      8.57
    ],
    [
      10000.0,
      10000.0,
      10000.0,
      10000.0,
      7.398000000000001,
      5.371,
      3.4670000000000005,
      5.7700000000000005,
      8.104000000000001,
      9.22,
      7.824,
      5.673,
      6.265000000000001,
      5.622,
      0.28300000000000003,
      3.6060000000000003,
      3.785,
      5.909000000000001,
      2.326,
      8.846,
      3.701,
      3.3380000000000005,
      5.636,
      6.093,
      8.905,
      9.454,
      0.6080000000000001,
      10000.0,
      7.767,
      8.14
    ],
    [
      10000.0,
      10000.0,
      10000.0,
      10000.0,
      2.8160000000000003,
      4.2299999999999995,
      4.301,
      2.247,
      2.608,
      8.440000000000001,
      0.1,
      8.368,
      7.035,
      8.149,
      7.823,
      10.371,
      5.644,
      4.123,
      5.482,
      3.6240000000000006,
      10.262,
      10.339,
      4.061,
      4.176,
      8.276000000000002,
      8.42,
      8.215000000000002,
      7.767,
      10000.0,
      0.51
    ],
    [
      10000.0,
      10000.0,
      10000.0,
      10000.0,
      3.276,
      4.3,
      4.686,
      2.729,
      2.997,
      8.905,
      0.41200000000000003,
      8.877,
      7.543000000000001,
      8.659,
      8.184000000000001,
      10.823,
      5.825,
      4.13,
      5.88,
      3.9659999999999997,
      10.72,
      10.781,
      4.1049999999999995,
      4.159000000000001,
      8.748000000000001,
      8.877,
      8.57,
      8.14,
      0.51,
      10000.0
    ]
  ],
  "vehicle_cost_matrix": [
    [
      100000.0,
      87.14,
      116.0,
      67.94,
      69.08,
      52.34,
      31.12,
      26.0,
      77.66,
      100000.0,
      100000.0,
      134.14,
      117.04,
      130.24,
      100000.0,
      100000.0,
      65.52,
      100000.0,
      55.18,
      98.08,
      155.04,
      154.84,
      52.8,
      61.06,
      157.1,
      163.68,
      108.76,
      100.0,
      55.56,
      62.8
    ],
    [
      87.14,
      100000.0,
      101.86,
      124.0,
      22.36,
      138.4,
      98.96,
      61.62,
      30.06,
      100000.0,
      100000.0,
      111.22,
      77.18,
      106.82,
      100000.0,
      100000.0,
      150.48,
      100000.0,
      112.16,
      26.9,
      175.64,
      182.48,
      137.76,
      144.36,
      88.36,
      90.24,
      166.44,
      154.64,
      78.44,
      87.36
    ],
    [
      116.0,
      101.86,
      100000.0,
      86.02,
      110.44,
      158.16,
      96.54,
      108.68,
      125.6,
      100000.0,
      100000.0,
      18.98,
      34.24,
      16.12,
      100000.0,
      100000.0,
      144.9,
      100000.0,
      84.98,
      128.76,
      80.04,
      90.56,
      161.2,
      171.02,
      83.96,
      95.7,
      108.76,
      97.66,
      151.78,
      161.92
    ],
    [
      67.94,
      124.0,
      86.02,
      100000.0,
      115.74,
      85.16,
      36.88,
      82.3,
      129.52,
      100000.0,
      100000.0,
      104.3,
      106.82,
      102.08,
      100000.0,
      100000.0,
      61.62,
      100000.0,
      13.42,
      145.12,
      92.34,
      89.44,
      89.82,
      99.64,
      158.64,
      168.76,
      43.68,
      33.1,
      122.8,
      130.6
    ],
    [
      69.08,
      22.36,
      110.44,
      115.74,
      100000.0,
      118.72,
      86.1,
      43.08,
      15.62,
      100000.0,
      100000.0,
      122.58,
      91.08,
      118.12,
      100000.0,
      100000.0,
      134.1,
      100000.0,
      102.96,
      30.06,
      178.4,
      183.62,
      117.64,
      123.7,
      109.48,
      112.08,
      159.24,
      147.96,
      56.32,
      65.52
    ],
    [
      52.34,
      138.4,
      158.16,
      85.16,
      118.72,
      100000.0,
      61.62,
      76.84,
      124.34,
      100000.0,
      100000.0,
      177.06,
      165.52,
      173.66,
      100000.0,
      100000.0,
      36.88,
      100000.0,
      78.02,
      145.8,
      177.06,
      172.66,
      5.66,
      14.56,
      208.58,
      215.6,
      111.14,
      107.42,
      84.6,
      86.0
    ],
    [
      31.12,
      98.96,
      96.54,
      36.88,
      86.1,
      61.62,
      100000.0,
      47.54,
      98.18,
      100000.0,
      100000.0,
      115.44,
      106.0,
      112.08,
      100000.0,
      100000.0,
      55.32,
      100000.0,
      24.08,
      116.16,
      125.22,
      124.26,
      64.78,
      74.68,
      152.84,
      161.24,
      78.72,
      69.34,
      86.02,
      93.72
    ],
    [
      26.0,
      61.62,
      108.68,
      82.3,
      43.08,
      76.84,
      47.54,
      100000.0,
      52.34,
      100000.0,
      100000.0,
      125.3,
      102.48,
      121.06,
      100000.0,
      100000.0,
      91.22,
      100000.0,
      68.88,
      72.28,
      160.56,
      162.64,
      76.42,
      83.54,
      136.9,
      142.4,
      125.54,
      115.4,
      44.94,
      54.58
    ],
    [
      77.66,
      30.06,
      125.6,
      129.52,
      15.62,
      124.34,
      98.18,
      52.34,
      100000.0,
      100000.0,
      100000.0,
      137.2,
      104.78,
      132.74,
      100000.0,
      100000.0,
      143.18,
      100000.0,
      116.5,
      21.64,
      194.02,
      199.14,
      122.58,
      127.62,
      118.16,
      119.36,
      173.18,
      162.08,
      52.16,
      59.94
    ],
    [
      100000.0,
      100000.0,
      100000.0,
      100000.0,
      100000.0,
      100000.0,
      100000.0,
      100000.0,
      100000.0,
      100000.0,
      100000.0,
      100000.0,
      100000.0,
      100000.0,
      100000.0,
      100000.0,
      100000.0,
      100000.0,
      100000.0,
      100000.0,
      100000.0,
      100000.0,
      100000.0,
      100000.0,
      100000.0,
      100000.0,
      100000.0,
      100000.0,
      100000.0,
      100000.0
    ],
    [
      100000.0,
      100000.0,
      100000.0,
      100000.0,
      100000.0,
      100000.0,
      100000.0,
      100000.0,
      100000.0,
      100000.0,
      100000.0,
      100000.0,
      100000.0,
      100000.0,
      100000.0,
      100000.0,
      100000.0,
      100000.0,
      100000.0,
      100000.0,
      100000.0,
      100000.0,
      100000.0,
      100000.0,
      100000.0,
      100000.0,
      100000.0,
      100000.0,
      100000.0,
      100000.0
    ],
    [
      134.14,
      111.22,
      18.98,
      104.3,
      122.58,
      177.06,
      115.44,
      125.3,
      137.2,
      100000.0,
      100000.0,
      100000.0,
      35.6,
      4.48,
      100000.0,
      100000.0,
      163.72,
      100000.0,
      103.78,
      137.76,
      84.0,
      96.34,
      180.06,
      189.84,
      76.0,
      88.0,
      124.02,
      113.46,
      167.36,
      177.54
    ],
    [
      117.04,
      77.18,
      34.24,
      106.82,
      91.08,
      165.52,
      106.0,
      102.48,
      104.78,
      100000.0,
      100000.0,
      35.6,
      100000.0,
      31.62,
      100000.0,
      100000.0,
      159.62,
      100000.0,
      101.82,
      103.22,
      114.14,
      124.78,
      167.54,
      176.78,
      52.8,
      63.9,
      137.08,
      125.3,
      140.7,
      150.86
    ],
    [
      130.24,
      106.82,
      16.12,
      102.08,
      118.12,
      173.66,
      112.08,
      121.06,
      132.74,
      100000.0,
      100000.0,
      4.48,
      31.62,
      100000.0,
      100000.0,
      100000.0,
      161.0,
      100000.0,
      101.08,
      133.42,
      86.1,
      98.08,
      176.58,
      186.34,
      74.1,
      86.1,
      123.22,
      112.44,
      162.98,
      173.18
    ],
    [
      100000.0,
      100000.0,
      100000.0,
      100000.0,
      100000.0,
      100000.0,
      100000.0,
      100000.0,
      100000.0,
      100000.0,
      100000.0,
      100000.0,
      100000.0,
      100000.0,
      100000.0,
      100000.0,
      100000.0,
      100000.0,
      100000.0,
      100000.0,
      100000.0,
      100000.0,
      100000.0,
      100000.0,
      100000.0,
      100000.0,
      100000.0,
      100000.0,
      100000.0,
      100000.0
    ],
    [
      100000.0,
      100000.0,
      100000.0,
      100000.0,
      100000.0,
      100000.0,
      100000.0,
      100000.0,
      100000.0,
      100000.0,
      100000.0,
      100000.0,
      100000.0,
      100000.0,
      100000.0,
      100000.0,
      100000.0,
      100000.0,
      100000.0,
      100000.0,
      100000.0,
      100000.0,
      100000.0,
      100000.0,
      100000.0,
      100000.0,
      100000.0,
      100000.0,
      100000.0,
      100000.0
    ],
    [
      65.52,
      150.48,
      144.9,
      61.62,
      134.1,
      36.88,
      55.32,
      91.22,
      143.18,
      100000.0,
      100000.0,
      163.72,
      159.62,
      161.0,
      100000.0,
      100000.0,
      100000.0,
      100000.0,
      59.94,
      163.48,
      148.66,
      142.4,
      42.52,
      49.68,
      207.9,
      216.5,
      77.26,
      75.7,
      112.88,
      116.5
    ],
    [
      100000.0,
      100000.0,
      100000.0,
      100000.0,
      100000.0,
      100000.0,
      100000.0,
      100000.0,
      100000.0,
      100000.0,
      100000.0,
      100000.0,
      100000.0,
      100000.0,
      100000.0,
      100000.0,
      100000.0,
      100000.0,
      100000.0,
      100000.0,
      100000.0,
      100000.0,
      100000.0,
      100000.0,
      100000.0,
      100000.0,
      100000.0,
      100000.0,
      100000.0,
      100000.0
    ],
    [
      55.18,
      112.16,
      84.98,
      13.42,
      102.96,
      78.02,
      24.08,
      68.88,
      116.5,
      100000.0,
      100000.0,
      103.78,
      101.82,
      101.08,
      100000.0,
      100000.0,
      59.94,
      100000.0,
      100000.0,
      132.54,
      102.16,
      100.5,
      82.22,
      92.2,
      152.44,
      162.04,
      56.92,
      46.52,
      109.64,
      117.6
    ],
    [
      98.08,
      26.9,
      128.76,
      145.12,
      30.06,
      145.8,
      116.16,
      72.28,
      21.64,
      100000.0,
      100000.0,
      137.76,
      103.22,
      133.42,
      100000.0,
      100000.0,
      163.48,
      100000.0,
      132.54,
      100000.0,
      202.04,
      208.48,
      144.14,
      149.26,
      106.68,
      106.0,
      188.4,
      176.92,
      72.48,
      79.32
    ],
    [
      155.04,
      175.64,
      80.04,
      92.34,
      178.4,
      177.06,
      125.22,
      160.56,
      194.02,
