{
  "name": "M-d4-n12-k1-p2",
  "V_coordinates": [
    [
      73,
      50
    ],
    [
      50,
      87
    ],
    [
      15,
      50
    ],
    [
      50,
      25
    ],
    [
      36,
      56
    ],
    [
      69,
      59
    ],
    [
      70,
      18
    ],
    [
      17,
      67
    ],
    [
      9,
      66
    ],
    [
      33,
      63
    ],
    [
      97,
      96
    ],
    [
      28,
      85
    ],
    [
      20,
      47
    ],
    [
      25,
      71
    ],
    [
      59,
      97
    ],
    [
      68,
      69
    ],
    [
      68,
      75
    ],
    [
      34,
      49
    ],
    [
      67,
      98
    ],
    [
      65,
      88
    ],
    [
      8,
      54
    ],
    [
      55,
      80
    ],
    [
      80,
      18
    ],
    [
      97,
      34
    ],
    [
      42,
      7
    ],
    [
      53,
      31
    ],
    [
      58,
      76
    ],
    [
      29,
      43
    ],
    [
      60,
      82
    ],
    [
      92,
      32
    ],
    [
      8,
      72
    ],
    [
      68,
      62
    ],
    [
      34,
      91
    ],
    [
      5,
      94
    ],
    [
      88,
      74
    ],
    [
      6,
      53
    ],
    [
      55,
      52
    ],
    [
      27,
      51
    ],
    [
      45,
      8
    ],
    [
      87,
      17
    ],
    [
      62,
      39
    ],
    [
      33,
      61
    ],
    [
      8,
      65
    ],
    [
      52,
      16
    ],
    [
      97,
      42
    ],
    [
      69,
      90
    ],
    [
      41,
      80
    ],
    [
      58,
      90
    ],
    [
      61,
      89
    ],
    [
      91,
      99
    ],
    [
      75,
      94
    ],
    [
      7,
      8
    ],
    [
      74,
      18
    ],
    [
      72,
      14
    ],
    [
      97,
      30
    ],
    [
      94,
      34
    ],
    [
      93,
      97
    ],
    [
      89,
      99
    ],
    [
      31,
      64
    ],
    [
      31,
      59
    ],
    [
      88,
      30
    ],
    [
      93,
      28
    ],
    [
      70,
      93
    ],
    [
      69,
      89
    ],
    [
      59,
      51
    ],
    [
      53,
      52
    ],
    [
      65,
      99
    ],
    [
      72,
      98
    ],
    [
      38,
      60
    ],
    [
      40,
      55
    ],
    [
      66,
      79
    ],
    [
      68,
      73
    ],
    [
      46,
      12
    ],
    [
      47,
      4
    ],
    [
      84,
      21
    ],
    [
      86,
      14
    ],
    [
      58,
      36
    ],
    [
      60,
      41
    ],
    [
      4,
      98
    ],
    [
      1,
      91
    ],
    [
      9,
      63
    ],
    [
      5,
      62
    ],
    [
      75,
      99
    ],
    [
      71,
      92
    ]
  ],
  "V": [
    0,
    1,
    2,
    3,
    4,
    5,
    6,
    7,
    8,
    9,
    10,
    11,
    12,
    13,
    14,
    15,
    16,
    17,
    18,
    19,
    20,
    21,
    22,
    23,
    24,
    25,
    26,
    27,
    28,
    29,
    30,
    31,
    32,
    33,
    34,
    35,
    36,
    37,
    38,
    39,
    40,
    41,
    42,
    43,
    44,
    45,
    46,
    47,
    48,
    49,
    50,
    51,
    52,
    53,
    54,
    55,
    56,
    57,
    58,
    59,
    60,
    61,
    62,
    63,
    64,
    65,
    66,
    67,
    68,
    69,
    70,
    71,
    72,
    73,
    74,
    75,
    76,
    77,
    78,
    79,
    80,
    81,
    82,
    83
  ],
  "VD": [
    0,
    1,
    2,
    3
  ],
  "VC": [
    4,
    5,
    6,
    7,
    8,
    9,
    10,
    11,
    12,
    13,
    14,
    15,
    16,
    17,
    18,
    19,
    20,
    21,
    22,
    23,
    24,
    25,
    26,
    27,
    28,
    29,
    30,
    31,
    32,
    33,
    34,
    35,
    36,
    37,
    38,
    39,
    40,
    41,
    42,
    43,
    44,
    45,
    46,
    47,
    48,
    49,
    50,
    51
  ],
  "VP": [
    52,
    53,
    54,
    55,
    56,
    57,
    58,
    59,
    60,
    61,
    62,
    63,
    64,
    65,
    66,
    67,
    68,
    69,
    70,
    71,
    72,
    73,
    74,
    75,
    76,
    77,
    78,
    79,
    80,
    81,
    82,
    83
  ],
  "VC1": [
    5,
    7,
    8,
    9,
    10,
    11,
    12,
    13,
    14,
    15,
    17,
    19,
    20,
    21,
    22,
    24,
    25,
    26,
    27,
    28,
    30,
    31,
    32,
    34,
    35,
    37,
    43,
    44,
    46,
    47,
    48,
    51
  ],
  "VC2": [
    6,
    23,
    49,
    41,
    29,
    45,
    36,
    18,
    4,
    16,
    38,
    39,
    40,
    33,
    42,
    50
  ],
  "demand": [
    0,
    0,
    0,
    0,
    24,
    18,
    13,
    11,
    19,
    10,
    29,
    10,
    12,
    23,
    13,
    11,
    16,
    17,
    28,
    23,
    15,
    13,
    24,
    15,
    17,
    15,
    13,
    23,
    22,
    27,
    19,
    27,
    18,
    25,
    20,
    13,
    16,
    30,
    20,
    11,
    10,
    10,
    19,
    29,
    20,
    24,
    22,
    20,
    22,
    12,
    12,
    20,
    0,
    0,
    0,
    0,
    0,
    0,
    0,
    0,
    0,
    0,
    0,
    0,
    0,
    0,
    0,
    0,
    0,
    0,
    0,
    0,
    0,
    0,
    0,
    0,
    0,
    0,
    0,
    0,
    0,
    0,
    0,
    0
  ],
  "service_time": [
    0,
    0,
    0,
    0,
    19,
    17,
    11,
    14,
    13,
    19,
    18,
    17,
    20,
    15,
    14,
    12,
    18,
    13,
    14,
    13,
    13,
    15,
    11,
    14,
    11,
    17,
    11,
    20,
    19,
    20,
    15,
    13,
    16,
    14,
    10,
    15,
    12,
    15,
    19,
    14,
    13,
    15,
    11,
    18,
    19,
    19,
    19,
    11,
    13,
    13,
    10,
    13,
    0,
    0,
    0,
    0,
    0,
    0,
    0,
    0,
    0,
    0,
    0,
    0,
    0,
    0,
    0,
    0,
    0,
    0,
    0,
    0,
    0,
    0,
    0,
    0,
    0,
    0,
    0,
    0,
    0,
    0,
    0,
    0
  ],
  "K": [
    0,
    1,
    2,
    3
  ],
  "veh_dist_matrix": [
    [
      100000.0,
      43.57,
      58.0,
      33.97,
      100000.0,
      9.85,
      100000.0,
      58.52,
      65.97,
      42.06,
      51.88,
      57.01,
      53.08,
      52.39,
      49.04,
      19.65,
      100000.0,
      39.01,
      100000.0,
      38.83,
      65.12,
      34.99,
      32.76,
      100000.0,
      53.01,
      27.59,
      30.02,
      44.55,
      34.54,
      100000.0,
      68.62,
      13.0,
      56.59,
      100000.0,
      28.3,
      67.07,
      100000.0,
      46.01,
      100000.0,
      100000.0,
      100000.0,
      100000.0,
      100000.0,
      39.96,
      25.3,
      100000.0,
      43.86,
      42.72,
      40.8,
      100000.0,
      100000.0,
      78.23,
      32.02,
      36.01,
      31.24,
      26.4,
      51.08,
      51.55,
      44.27,
      42.95,
      25.0,
      29.73,
      43.1,
      39.2,
      14.04,
      20.1,
      49.65,
      48.01,
      36.4,
      33.38,
      29.83,
      23.54,
      46.62,
      52.84,
      31.02,
      38.28,
      20.52,
      15.81,
      84.05,
      82.86,
      65.31,
      69.05,
      49.04,
      42.05
    ],
    [
      43.57,
      100000.0,
      50.93,
      62.0,
      100000.0,
      33.84,
      100000.0,
      38.59,
      46.07,
      29.41,
      47.85,
      22.09,
      50.0,
      29.68,
      13.45,
      25.46,
      100000.0,
      41.23,
      100000.0,
      15.03,
      53.41,
      8.6,
      75.24,
      100000.0,
      80.4,
      56.08,
      13.6,
      48.75,
      11.18,
      100000.0,
      44.6,
      30.81,
      16.49,
      100000.0,
      40.16,
      55.61,
      100000.0,
      42.72,
      100000.0,
      100000.0,
      100000.0,
      100000.0,
      100000.0,
      71.03,
      65.07,
      100000.0,
      11.4,
      8.54,
      11.18,
      100000.0,
      100000.0,
      89.94,
      73.05,
      76.24,
      73.88,
      68.88,
      44.15,
      40.8,
      29.83,
      33.84,
      68.51,
      73.01,
      20.88,
      19.1,
      37.11,
      35.13,
      19.21,
      24.6,
      29.55,
      33.53,
      17.89,
      22.8,
      75.11,
      83.05,
      74.24,
      81.39,
      51.62,
      47.07,
      47.3,
      49.16,
      47.51,
      51.48,
      27.73,
      21.59
    ],
    [
      58.0,
      50.93,
      100000.0,
      43.01,
      100000.0,
      54.74,
      100000.0,
      17.12,
      17.09,
      22.2,
      94.02,
      37.34,
      5.83,
      23.26,
      64.38,
      56.3,
      100000.0,
      19.03,
      100000.0,
      62.8,
      8.06,
      50.0,
      72.45,
      100000.0,
      50.77,
      42.49,
      50.25,
      15.65,
      55.22,
      100000.0,
      23.09,
      54.34,
      45.19,
      100000.0,
      76.84,
      9.49,
      100000.0,
      12.04,
      100000.0,
      100000.0,
      100000.0,
      100000.0,
      100000.0,
      50.25,
      82.39,
      100000.0,
      39.7,
      58.73,
      60.31,
      100000.0,
      100000.0,
      42.76,
      67.12,
      67.42,
      84.4,
      80.6,
      91.07,
      88.75,
      21.26,
      18.36,
      75.69,
      81.04,
      69.81,
      66.61,
      44.01,
      38.05,
      70.01,
      74.52,
      25.08,
      25.5,
      58.67,
      57.78,
      49.04,
      56.04,
      74.85,
      79.61,
      45.22,
      45.89,
      49.24,
      43.32,
      14.32,
      15.62,
      77.47,
      70.0
    ],
    [
      33.97,
      62.0,
      43.01,
      100000.0,
      100000.0,
      38.95,
      100000.0,
      53.41,
      57.98,
      41.63,
      85.15,
      63.91,
      37.2,
      52.35,
      72.56,
      47.54,
      100000.0,
      28.84,
      100000.0,
      64.76,
      51.04,
      55.23,
      30.81,
      100000.0,
      19.7,
      6.71,
      51.62,
      27.66,
      57.87,
      100000.0,
      63.03,
      41.15,
      67.91,
      100000.0,
      62.01,
      52.15,
      100000.0,
      34.71,
      100000.0,
      100000.0,
      100000.0,
      100000.0,
      100000.0,
      9.22,
      49.98,
      100000.0,
      55.73,
      65.49,
      64.94,
      100000.0,
      100000.0,
      46.24,
      25.0,
      24.6,
      47.27,
      44.91,
      83.86,
      83.65,
      43.38,
      38.95,
      38.33,
      43.1,
      70.88,
      66.76,
      27.51,
      27.17,
      75.5,
      76.24,
      37.0,
      31.62,
      56.32,
      51.26,
      13.6,
      21.21,
      34.23,
      37.64,
      13.6,
      18.87,
      86.28,
      82.2,
      55.9,
      58.26,
      78.11,
      70.21
    ],
    [
      100000.0,
      100000.0,
      100000.0,
      100000.0,
      100000.0,
      100000.0,
      100000.0,
      100000.0,
      100000.0,
      100000.0,
      100000.0,
      100000.0,
      100000.0,
      100000.0,
      100000.0,
      100000.0,
      100000.0,
      100000.0,
      100000.0,
      100000.0,
      100000.0,
      100000.0,
      100000.0,
      100000.0,
      100000.0,
      100000.0,
      100000.0,
      100000.0,
      100000.0,
      100000.0,
      100000.0,
      100000.0,
      100000.0,
      100000.0,
      100000.0,
      100000.0,
      100000.0,
      100000.0,
      100000.0,
      100000.0,
      100000.0,
      100000.0,
      100000.0,
      100000.0,
      100000.0,
      100000.0,
      100000.0,
      100000.0,
      100000.0,
      100000.0,
      100000.0,
      100000.0,
      100000.0,
      100000.0,
      100000.0,
      100000.0,
      100000.0,
      100000.0,
      100000.0,
      100000.0,
      100000.0,
      100000.0,
      100000.0,
      100000.0,
      100000.0,
      100000.0,
      100000.0,
      100000.0,
      100000.0,
      100000.0,
      100000.0,
      100000.0,
      100000.0,
      100000.0,
      100000.0,
      100000.0,
      100000.0,
      100000.0,
      100000.0,
      100000.0,
      100000.0,
      100000.0,
      100000.0,
      100000.0
    ],
    [
      9.85,
      33.84,
      54.74,
      38.95,
      100000.0,
      100000.0,
      100000.0,
      52.61,
      60.41,
      36.22,
      46.4,
      48.55,
      50.45,
      45.61,
      39.29,
      10.05,
      100000.0,
      36.4,
      100000.0,
      29.27,
      61.2,
      25.24,
      42.45,
      100000.0,
      58.59,
      32.25,
      20.25,
      43.08,
      24.7,
      100000.0,
      62.37,
      3.16,
      47.42,
      100000.0,
      24.21,
      63.29,
      100000.0,
      42.76,
      100000.0,
      100000.0,
      100000.0,
      100000.0,
      100000.0,
      46.24,
      32.76,
      100000.0,
      35.0,
      32.89,
      31.05,
      100000.0,
      100000.0,
      80.28,
      41.3,
      45.1,
      40.31,
      35.36,
      44.94,
      44.72,
      38.33,
      38.0,
      34.67,
      39.2,
      34.01,
      30.0,
      12.81,
      17.46,
      40.2,
      39.12,
      31.02,
      29.27,
      20.22,
      14.04,
      52.33,
      59.24,
      40.85,
      48.1,
      25.5,
      20.12,
      75.8,
      75.15,
      60.13,
      64.07,
      40.45,
      33.06
    ],
    [
      100000.0,
      100000.0,
      100000.0,
      100000.0,
      100000.0,
      100000.0,
      100000.0,
      100000.0,
      100000.0,
      100000.0,
      100000.0,
      100000.0,
      100000.0,
      100000.0,
      100000.0,
      100000.0,
      100000.0,
      100000.0,
      100000.0,
      100000.0,
      100000.0,
      100000.0,
      100000.0,
      100000.0,
      100000.0,
      100000.0,
      100000.0,
      100000.0,
      100000.0,
      100000.0,
      100000.0,
      100000.0,
      100000.0,
      100000.0,
      100000.0,
      100000.0,
      100000.0,
      100000.0,
      100000.0,
      100000.0,
      100000.0,
      100000.0,
      100000.0,
      100000.0,
      100000.0,
      100000.0,
      100000.0,
      100000.0,
      100000.0,
      100000.0,
      100000.0,
      100000.0,
      100000.0,
      100000.0,
      100000.0,
      100000.0,
      100000.0,
      100000.0,
      100000.0,
      100000.0,
      100000.0,
      100000.0,
      100000.0,
      100000.0,
      100000.0,
      100000.0,
      100000.0,
      100000.0,
      100000.0,
      100000.0,
      100000.0,
      100000.0,
      100000.0,
      100000.0,
      100000.0,
      100000.0,
      100000.0,
      100000.0,
      100000.0,
      100000.0,
      100000.0,
      100000.0,
      100000.0,
      100000.0
    ],
    [
      58.52,
      38.59,
      17.12,
      53.41,
      100000.0,
      52.61,
      100000.0,
      100000.0,
      8.06,
      16.49,
      85.09,
      21.1,
      20.22,
      8.94,
      51.61,
      51.04,
      100000.0,
      24.76,
      100000.0,
      52.39,
      15.81,
      40.16,
      79.81,
      100000.0,
      65.0,
      50.91,
      41.98,
      26.83,
      45.54,
      100000.0,
      10.3,
      51.24,
      29.41,
      100000.0,
      71.34,
      17.8,
      100000.0,
      18.87,
      100000.0,
      100000.0,
      100000.0,
      100000.0,
      100000.0,
      61.85,
      83.82,
      100000.0,
      27.29,
      47.01,
      49.19,
      100000.0,
      100000.0,
      59.84,
      75.17,
      76.38,
      88.14,
      83.77,
      81.71,
      78.79,
      14.32,
      16.12,
      80.06,
      85.42,
      59.03,
      56.46,
      44.94,
      39.0,
      57.69,
      63.13,
      22.14,
      25.94,
      50.45,
      51.35,
      62.18,
      69.78,
      81.27,
      87.01,
      51.4,
      50.25,
      33.62,
      28.84,
      8.94,
      13.0,
      66.24,
      59.51
    ],
    [
      65.97,
      46.07,
      17.09,
      57.98,
      100000.0,
      60.41,
      100000.0,
      8.06,
      100000.0,
      24.19,
      92.97,
      26.87,
      21.95,
      16.76,
      58.83,
      59.08,
      100000.0,
      30.23,
      100000.0,
      60.17,
      12.04,
      48.08,
      85.7,
      100000.0,
      67.6,
      56.22,
      50.01,
      30.48,
      53.45,
      100000.0,
      6.08,
      59.14,
      35.36,
      100000.0,
      79.4,
      13.34,
      100000.0,
      23.43,
      100000.0,
      100000.0,
      100000.0,
      100000.0,
      100000.0,
      65.95,
      91.21,
      100000.0,
      34.93,
      54.56,
      56.86,
      100000.0,
      100000.0,
      58.03,
      80.8,
      81.69,
      95.08,
      90.82,
      89.54,
      86.54,
      22.09,
      23.09,
      86.82,
      92.2,
      66.71,
      64.26,
      52.2,
      46.17,
      65.0,
      70.66,
      29.61,
      32.89,
      58.46,
      59.41,
      65.46,
      72.72,
      87.46,
      92.91,
      57.45,
      56.8,
      32.39,
      26.25,
      3.0,
      5.66,
      73.79,
      67.23
    ],
    [
      42.06,
      29.41,
      22.2,
      41.63,
      100000.0,
      36.22,
      100000.0,
      16.49,
      24.19,
      100000.0,
      72.01,
      22.56,
      20.62,
      11.31,
      42.8,
      35.51,
      100000.0,
      14.04,
      100000.0,
      40.61,
      26.57,
      27.8,
      65.07,
      100000.0,
      56.72,
      37.74,
      28.18,
      20.4,
      33.02,
      100000.0,
      26.57,
      35.01,
      28.02,
      100000.0,
      56.09,
      28.79,
      100000.0,
      13.42,
      100000.0,
      100000.0,
      100000.0,
      100000.0,
      100000.0,
      50.7,
      67.36,
      100000.0,
      18.79,
      36.8,
      38.21,
      100000.0,
      100000.0,
      60.84,
      60.88,
      62.63,
      72.01,
      67.54,
      68.96,
      66.57,
      2.24,
      4.47,
      64.14,
      69.46,
      47.63,
      44.41,
      28.64,
      22.83,
      48.17,
      52.4,
      5.83,
      10.63,
      36.67,
      36.4,
      52.63,
      60.64,
      66.07,
      72.18,
      36.8,
      34.83,
      45.45,
      42.52,
      24.0,
      28.02,
      55.32,
      47.8
    ],
    [
      51.88,
      47.85,
      94.02,
      85.15,
      100000.0,
      46.4,
      100000.0,
      85.09,
      92.97,
      72.01,
      100000.0,
      69.87,
      91.27,
      76.22,
      38.01,
      39.62,
      100000.0,
      78.6,
      100000.0,
      32.98,
      98.41,
      44.94,
      79.83,
      100000.0,
      104.62,
      78.49,
      43.83,
      86.21,
      39.56,
      100000.0,
      92.18,
      44.69,
      63.2,
      100000.0,
      23.77,
      100.65,
      100000.0,
      83.22,
      100000.0,
      100000.0,
      100000.0,
      100000.0,
      100000.0,
      91.79,
      54.0,
      100000.0,
      58.24,
      39.46,
      36.67,
      100000.0,
      100000.0,
      125.87,
      81.32,
      85.73,
      66.0,
      62.07,
      4.12,
      8.54,
      73.35,
      75.66,
      66.61,
      68.12,
      27.17,
      28.86,
      58.9,
      62.23,
      32.14,
      25.08,
      69.12,
      70.21,
      35.36,
      37.01,
      98.27,
      104.71,
      76.12,
      82.73,
      71.56,
      66.29,
      93.02,
      96.13,
      93.98,
      98.08,
      22.2,
      26.31
    ],
    [
      57.01,
      22.09,
      37.34,
      63.91,
      100000.0,
      48.55,
      100000.0,
      21.1,
      26.87,
      22.56,
      69.87,
      100000.0,
      38.83,
      14.32,
      33.24,
      43.08,
      100000.0,
      36.5,
      100000.0,
      37.12,
      36.89,
      27.46,
      84.81,
      100000.0,
      79.25,
      59.51,
      31.32,
      42.01,
      32.14,
      100000.0,
      23.85,
      46.14,
      8.49,
      100000.0,
      61.0,
      38.83,
      100000.0,
      34.01,
      100000.0,
      100000.0,
      100000.0,
      100000.0,
      100000.0,
      73.05,
      81.3,
      100000.0,
      13.93,
      30.41,
      33.24,
      100000.0,
      100000.0,
      79.81,
      81.27,
      83.53,
      88.24,
      83.41,
      66.1,
      62.59,
      21.21,
      26.17,
      81.39,
      86.45,
      42.76,
      41.19,
      46.01,
      41.4,
      39.56,
      45.88,
      26.93,
      32.31,
      38.47,
      41.76,
      75.19,
      83.2,
      85.04,
      91.68,
      57.45,
      54.41,
      27.29,
      27.66,
      29.07,
      32.53,
      49.04,
      43.57
    ],
    [
      53.08,
      50.0,
      5.83,
      37.2,
      100000.0,
      50.45,
      100000.0,
      20.22,
      21.95,
      20.62,
      91.27,
      38.83,
      100000.0,
      24.52,
      63.41,
      52.8,
      100000.0,
      14.14,
      100000.0,
      60.88,
      13.89,
      48.1,
      66.64,
      100000.0,
      45.65,
      36.67,
      47.8,
      9.85,
      53.15,
      100000.0,
      27.73,
      50.29,
      46.17,
      100000.0,
      73.16,
      15.23,
      100000.0,
      8.06,
      100000.0,
      100000.0,
      100000.0,
      100000.0,
      100000.0,
      44.55,
      77.16,
      100000.0,
      39.12,
      57.38,
      58.69,
      100000.0,
      100000.0,
      41.11,
      61.29,
      61.59,
      78.85,
      75.13,
      88.48,
      86.4,
      20.25,
      16.28,
      70.09,
      75.43,
      67.94,
      64.54,
      39.2,
      33.38,
      68.77,
      72.84,
      22.2,
      21.54,
      56.04,
      54.59,
      43.6,
      50.77,
      69.08,
      73.79,
      39.56,
      40.45,
      53.45,
      47.93,
      19.42,
      21.21,
      75.69,
      68.01
    ],
    [
      52.39,
      29.68,
      23.26,
      52.35,
      100000.0,
      45.61,
      100000.0,
      8.94,
      16.76,
      11.31,
      76.22,
      14.32,
      24.52,
      100000.0,
      42.8,
      43.05,
      100000.0,
      23.77,
      100000.0,
      43.46,
      24.04,
      31.32,
      76.38,
      100000.0,
      66.22,
      48.83,
      33.38,
      28.28,
      36.69,
      100000.0,
      17.03,
      43.93,
      21.93,
      100000.0,
      63.07,
      26.17,
      100000.0,
      20.1,
      100000.0,
      100000.0,
      100000.0,
      100000.0,
      100000.0,
      61.27,
      77.62,
      100000.0,
      18.36,
      38.08,
      40.25,
      100000.0,
      100000.0,
      65.52,
      72.18,
      73.88,
      82.86,
      78.29,
      72.8,
      69.86,
      9.22,
      13.42,
      75.17,
      80.45,
      50.09,
      47.54,
      39.45,
      33.84,
      48.83,
      54.2,
      17.03,
      21.93,
      41.77,
      43.05,
      62.63,
      70.52,
      77.34,
      83.49,
      48.1,
      46.1,
      34.21,
      31.24,
      17.89,
      21.93,
      57.31,
      50.57
    ],
    [
      49.04,
      13.45,
      64.38,
      72.56,
      100000.0,
      39.29,
      100000.0,
      51.61,
      58.83,
      42.8,
      38.01,
      33.24,
      63.41,
      42.8,
      100000.0,
      29.41,
      100000.0,
      54.12,
      100000.0,
      10.82,
      66.71,
      17.46,
      81.74,
      100000.0,
      91.59,
      66.27,
      21.02,
      61.77,
      15.03,
      100000.0,
      56.8,
      36.14,
      25.71,
      100000.0,
      37.01,
      68.88,
      100000.0,
      56.04,
      100000.0,
      100000.0,
      100000.0,
      100000.0,
      100000.0,
      81.3,
      66.85,
      100000.0,
      24.76,
      7.07,
      8.25,
      100000.0,
      100000.0,
      103.08,
      80.41,
      84.01,
      77.03,
      72.07,
      34.0,
      30.07,
      43.28,
      47.2,
      73.01,
      76.92,
      11.7,
      12.81,
      46.0,
      45.4,
      6.32,
      13.04,
      42.54,
      46.1,
      19.31,
      25.63,
      85.99,
      93.77,
      80.01,
      87.28,
      61.01,
      56.01,
      55.01,
      58.31,
      60.46,
      64.35,
      16.12,
      13.0
    ],
    [
      19.65,
      25.46,
      56.3,
      47.54,
      100000.0,
      10.05,
      100000.0,
      51.04,
      59.08,
      35.51,
      39.62,
      43.08,
      52.8,
      43.05,
      29.41,
      100000.0,
      100000.0,
      39.45,
      100000.0,
      19.24,
      61.85,
      17.03,
      52.39,
      100000.0,
      67.23,
      40.85,
      12.21,
      46.87,
      15.26,
      100000.0,
      60.07,
      7.0,
      40.5,
      100000.0,
      20.62,
      64.03,
      100000.0,
      44.78,
      100000.0,
      100000.0,
      100000.0,
      100000.0,
      100000.0,
      55.36,
      39.62,
      100000.0,
      29.15,
      23.26,
      21.19,
      100000.0,
      100000.0,
      86.27,
      51.35,
      55.15,
      48.6,
      43.6,
      37.54,
      36.62,
      37.34,
      38.33,
      43.83,
      48.02,
      24.08,
      20.02,
      20.12,
      22.67,
      30.15,
      29.27,
      31.32,
      31.3,
      10.2,
      4.0,
      61.1,
      68.31,
      50.6,
      57.87,
      34.48,
      29.12,
      70.26,
      70.52,
      59.3,
      63.39,
      30.81,
      23.19
    ],
    [
      100000.0,
      100000.0,
      100000.0,
      100000.0,
      100000.0,
      100000.0,
      100000.0,
      100000.0,
      100000.0,
      100000.0,
      100000.0,
      100000.0,
      100000.0,
      100000.0,
      100000.0,
      100000.0,
      100000.0,
      100000.0,
      100000.0,
      100000.0,
      100000.0,
      100000.0,
      100000.0,
      100000.0,
      100000.0,
      100000.0,
      100000.0,
      100000.0,
      100000.0,
      100000.0,
      100000.0,
      100000.0,
      100000.0,
      100000.0,
      100000.0,
      100000.0,
      100000.0,
      100000.0,
      100000.0,
      100000.0,
      100000.0,
      100000.0,
      100000.0,
      100000.0,
      100000.0,
      100000.0,
      100000.0,
      100000.0,
      100000.0,
      100000.0,
      100000.0,
      100000.0,
      100000.0,
      100000.0,
      100000.0,
      100000.0,
      100000.0,
      100000.0,
      100000.0,
      100000.0,
      100000.0,
      100000.0,
      100000.0,
      100000.0,
      100000.0,
      100000.0,
      100000.0,
      100000.0,
      100000.0,
      100000.0,
      100000.0,
      100000.0,
      100000.0,
      100000.0,
      100000.0,
      100000.0,
      100000.0,
      100000.0,
      100000.0,
      100000.0,
      100000.0,
      100000.0,
      100000.0,
      100000.0
    ],
    [
      39.01,
      41.23,
      19.03,
      28.84,
      100000.0,
      36.4,
      100000.0,
      24.76,
      30.23,
      14.04,
      78.6,
      36.5,
      14.14,
      23.77,
      54.12,
      39.45,
      100000.0,
      100000.0,
      100000.0,
      49.82,
      26.48,
      37.44,
      55.47,
      100000.0,
      42.76,
      26.17,
      36.12,
      7.81,
      42.01,
      100000.0,
      34.71,
      36.4,
      42.0,
      100000.0,
      59.51,
      28.28,
      100000.0,
      7.28,
      100000.0,
      100000.0,
      100000.0,
      100000.0,
      100000.0,
      37.59,
      63.39,
      100000.0,
      31.78,
      47.51,
      48.26,
      100000.0,
      100000.0,
      49.09,
      50.61,
      51.66,
      65.8,
      61.85,
      76.06,
      74.33,
      15.3,
      10.44,
      57.25,
      62.63,
      56.85,
      53.15,
      25.08,
      19.24,
      58.83,
      62.01,
      11.7,
      8.49,
      43.86,
      41.62,
      38.9,
      46.84,
      57.31,
      62.68,
      27.29,
      27.2,
      57.45,
      53.41,
      28.65,
      31.78,
      64.66,
      56.73
    ],
    [
      100000.0,
      100000.0,
      100000.0,
      100000.0,
      100000.0,
      100000.0,
      100000.0,
      100000.0,
      100000.0,
      100000.0,
      100000.0,
      100000.0,
      100000.0,
      100000.0,
      100000.0,
      100000.0,
      100000.0,
      100000.0,
      100000.0,
      100000.0,
      100000.0,
      100000.0,
      100000.0,
      100000.0,
      100000.0,
      100000.0,
      100000.0,
      100000.0,
      100000.0,
      100000.0,
      100000.0,
      100000.0,
      100000.0,
      100000.0,
      100000.0,
      100000.0,
      100000.0,
      100000.0,
      100000.0,
      100000.0,
      100000.0,
      100000.0,
      100000.0,
      100000.0,
      100000.0,
      100000.0,
      100000.0,
      100000.0,
      100000.0,
      100000.0,
      100000.0,
      100000.0,
      100000.0,
      100000.0,
      100000.0,
      100000.0,
      100000.0,
      100000.0,
      100000.0,
      100000.0,
      100000.0,
      100000.0,
      100000.0,
      100000.0,
      100000.0,
      100000.0,
      100000.0,
      100000.0,
      100000.0,
      100000.0,
      100000.0,
      100000.0,
      100000.0,
      100000.0,
      100000.0,
      100000.0,
      100000.0,
      100000.0,
      100000.0,
      100000.0,
      100000.0,
      100000.0,
      100000.0,
      100000.0
    ],
    [
      38.83,
      15.03,
      62.8,
      64.76,
      100000.0,
      29.27,
      100000.0,
      52.39,
      60.17,
      40.61,
      32.98,
      37.12,
      60.88,
      43.46,
      10.82,
      19.24,
      100000.0,
      49.82,
      100000.0,
      100000.0,
      66.37,
      12.81,
      71.59,
      100000.0,
      84.2,
      58.25,
      13.89,
      57.63,
      7.81,
      100000.0,
      59.2,
      26.17,
      31.14,
      100000.0,
      26.93,
      68.6,
      100000.0,
      53.04,
      100000.0,
      100000.0,
      100000.0,
      100000.0,
      100000.0,
      73.16,
      56.04,
      100000.0,
      25.3,
      7.28,
      4.12,
      100000.0,
      100000.0,
      98.81,
      70.58,
      74.33,
      66.24,
      61.29,
      29.41,
      26.4,
      41.62,
      44.69,
      62.39,
      66.21,
      7.07,
      4.12,
      37.48,
      37.95,
      11.0,
      12.21,
      38.9,
      41.4,
      9.06,
      15.3,
      78.34,
      85.91,
      69.64,
      76.92,
      52.47,
      47.27,
      61.81,
      64.07,
      61.33,
      65.39,
      14.87,
      7.21
    ],
    [
      65.12,
      53.41,
      8.06,
      51.04,
      100000.0,
      61.2,
      100000.0,
      15.81,
      12.04,
      26.57,
      98.41,
      36.89,
      13.89,
      24.04,
      66.71,
      61.85,
      100000.0,
      26.48,
      100000.0,
      66.37,
      100000.0,
      53.71,
      80.5,
      100000.0,
      58.01,
      50.54,
      54.63,
      23.71,
      59.06,
      100000.0,
      18.0,
      60.53,
      45.22,
      100000.0,
      82.46,
      2.24,
      100000.0,
      19.24,
      100000.0,
      100000.0,
      100000.0,
      100000.0,
      100000.0,
      58.14,
      89.81,
      100000.0,
      42.01,
      61.61,
      63.51,
      100000.0,
      100000.0,
      46.01,
      75.18,
      75.47,
      92.18,
      88.29,
      95.26,
      92.66,
      25.08,
      23.54,
      83.52,
      88.89,
      73.25,
      70.33,
      51.09,
      45.04,
      72.62,
      77.67,
      30.59,
      32.02,
      63.16,
      62.94,
      56.64,
      63.41,
      82.86,
      87.66,
      53.14,
      53.6,
      44.18,
      37.66,
      9.06,
      8.54,
      80.71,
      73.57
    ],
    [
      34.99,
      8.6,
      50.0,
      55.23,
      100000.0,
      25.24,
      100000.0,
      40.16,
      48.08,
      27.8,
      44.94,
      27.46,
      48.1,
      31.32,
      17.46,
      17.03,
      100000.0,
      37.44,
      100000.0,
      12.81,
      53.71,
      100000.0,
      66.85,
      100000.0,
      74.15,
      49.04,
      5.0,
      45.22,
      5.39,
      100000.0,
      47.68,
      22.2,
      23.71,
      100000.0,
      33.54,
      55.95,
      100000.0,
      40.31,
      100000.0,
      100000.0,
      100000.0,
      100000.0,
      100000.0,
      64.07,
      56.64,
      100000.0,
      14.0,
      10.44,
      10.82,
      100000.0,
      100000.0,
      86.53,
      64.85,
      68.15,
      65.3,
      60.31,
      41.63,
      38.95,
      28.84,
      31.89,
      59.91,
      64.4,
      19.85,
      16.64,
      29.27,
      28.07,
      21.47,
      24.76,
      26.25,
      29.15,
      11.05,
      14.76,
      68.59,
      76.42,
      65.74,
      72.92,
      44.1,
      39.32,
      54.08,
      55.11,
      49.04,
      53.14,
      27.59,
      20.0
    ],
    [
      32.76,
      75.24,
      72.45,
      30.81,
      100000.0,
      42.45,
      100000.0,
      79.81,
      85.7,
      65.07,
      79.83,
      84.81,
      66.64,
      76.38,
      81.74,
      52.39,
      100000.0,
      55.47,
      100000.0,
      71.59,
      80.5,
      66.85,
      100000.0,
      100000.0,
      39.56,
      29.97,
      62.03,
      56.8,
      67.05,
      100000.0,
      90.0,
      45.61,
      86.28,
      100000.0,
      56.57,
      81.86,
      100000.0,
      62.43,
      100000.0,
      100000.0,
      100000.0,
      100000.0,
      100000.0,
      28.07,
      29.41,
      100000.0,
      73.25,
      75.29,
      73.5,
      100000.0,
      100000.0,
      73.68,
      6.0,
      8.94,
      20.81,
      21.26,
      80.06,
      81.5,
      67.21,
      63.89,
      14.42,
      16.4,
      75.66,
      71.85,
      39.12,
      43.42,
      82.38,
      80.4,
      59.4,
      54.49,
      62.59,
      56.29,
      34.53,
      35.85,
      5.0,
      7.21,
      28.43,
      30.48,
      110.34,
      107.56,
      84.06,
      86.95,
      81.15,
      74.55
    ],
    [
      100000.0,
      100000.0,
      100000.0,
      100000.0,
      100000.0,
      100000.0,
      100000.0,
      100000.0,
      100000.0,
      100000.0,
      100000.0,
      100000.0,
      100000.0,
      100000.0,
      100000.0,
      100000.0,
      100000.0,
      100000.0,
      100000.0,
      100000.0,
      100000.0,
      100000.0,
      100000.0,
      100000.0,
      100000.0,
      100000.0,
      100000.0,
      100000.0,
      100000.0,
      100000.0,
      100000.0,
      100000.0,
      100000.0,
      100000.0,
      100000.0,
      100000.0,
      100000.0,
      100000.0,
      100000.0,
      100000.0,
      100000.0,
      100000.0,
      100000.0,
      100000.0,
      100000.0,
      100000.0,
      100000.0,
      100000.0,
      100000.0,
      100000.0,
      100000.0,
      100000.0,
      100000.0,
      100000.0,
      100000.0,
      100000.0,
      100000.0,
      100000.0,
      100000.0,
      100000.0,
      100000.0,
      100000.0,
      100000.0,
      100000.0,
      100000.0,
      100000.0,
      100000.0,
      100000.0,
      100000.0,
      100000.0,
      100000.0,
      100000.0,
      100000.0,
      100000.0,
      100000.0,
      100000.0,
      100000.0,
      100000.0,
      100000.0,
      100000.0,
      100000.0,
      100000.0,
      100000.0,
      100000.0
    ],
    [
      53.01,
      80.4,
      50.77,
      19.7,
      100000.0,
      58.59,
      100000.0,
      65.0,
      67.6,
      56.72,
      104.62,
      79.25,
      45.65,
      66.22,
      91.59,
      67.23,
      100000.0,
      42.76,
      100000.0,
      84.2,
      58.01,
      74.15,
      39.56,
      100000.0,
      100000.0,
      26.4,
      70.83,
      38.28,
      77.13,
      100000.0,
      73.36,
      60.84,
      84.38,
      100000.0,
      81.27,
      58.41,
      100000.0,
      46.49,
      100000.0,
      100000.0,
      100000.0,
      100000.0,
      100000.0,
      13.45,
      65.19,
      100000.0,
      73.01,
      84.53,
      84.17,
      100000.0,
      100000.0,
      35.01,
      33.84,
      30.81,
      59.62,
      58.59,
      103.45,
      103.31,
      58.05,
      53.15,
      51.43,
      55.15,
      90.44,
      86.33,
      47.17,
      46.32,
      94.83,
      95.82,
      53.15,
      48.04,
      75.89,
      70.94,
      6.4,
      5.83,
      44.27,
      44.55,
      33.12,
      38.47,
      98.62,
      93.47,
      65.0,
      66.29,
      97.74,
      89.81
    ],
    [
      27.59,
      56.08,
      42.49,
      6.71,
      100000.0,
      32.25,
      100000.0,
      50.91,
      56.22,
      37.74,
      78.49,
      59.51,
      36.67,
      48.83,
      66.27,
      40.85,
      100000.0,
      26.17,
      100000.0,
      58.25,
      50.54,
      49.04,
      29.97,
      100000.0,
      26.4,
      100000.0,
      45.28,
      26.83,
      51.48,
      100000.0,
      60.88,
      34.44,
      62.94,
      100000.0,
      55.44,
      51.89,
      100000.0,
      32.8,
      100000.0,
      100000.0,
      100000.0,
      100000.0,
      100000.0,
      15.03,
      45.35,
      100000.0,
      50.45,
      59.21,
      58.55,
      100000.0,
      100000.0,
      51.43,
      24.7,
      25.5,
      44.01,
      41.11,
      77.18,
      76.94,
      39.66,
      35.61,
      35.01,
      40.11,
      64.29,
      60.17,
      20.88,
      21.0,
      69.05,
      69.64,
      32.65,
      27.29,
      49.73,
      44.6,
      20.25,
      27.66,
      32.57,
      37.12,
      7.07,
      12.21,
      83.01,
      79.4,
      54.41,
      57.14,
      71.47,
      63.6
    ],
    [
      30.02,
      13.6,
      50.25,
      51.62,
      100000.0,
      20.25,
      100000.0,
      41.98,
      50.01,
      28.18,
      43.83,
      31.32,
      47.8,
      33.38,
      21.02,
      12.21,
      100000.0,
      36.12,
      100000.0,
      13.89,
      54.63,
      5.0,
      62.03,
      100000.0,
      70.83,
      45.28,
      100000.0,
      43.93,
      6.32,
      100000.0,
      50.16,
      17.2,
      28.3,
      100000.0,
      30.07,
      56.86,
      100000.0,
      39.82,
      100000.0,
      100000.0,
      100000.0,
      100000.0,
      100000.0,
      60.3,
      51.74,
      100000.0,
      17.46,
      14.0,
      13.34,
      100000.0,
      100000.0,
      85.0,
      60.17,
      63.56,
      60.31,
      55.32,
      40.82,
      38.6,
      29.55,
      31.91,
      54.92,
      59.41,
      20.81,
      17.03,
      25.02,
      24.52,
      24.04,
      26.08,
      25.61,
      27.66,
      8.54,
      10.44,
      65.12,
      72.84,
      60.84,
      68.03,
      40.0,
      35.06,
      58.31,
      58.94,
      50.7,
      54.82,
      28.6,
      20.62
    ],
    [
      44.55,
      48.75,
      15.65,
      27.66,
      100000.0,
      43.08,
      100000.0,
      26.83,
      30.48,
      20.4,
      86.21,
      42.01,
      9.85,
      28.28,
      61.77,
      46.87,
      100000.0,
      7.81,
      100000.0,
      57.63,
      23.71,
      45.22,
      56.8,
      100000.0,
      38.28,
      26.83,
      43.93,
      100000.0,
      49.82,
      100000.0,
      35.81,
      43.38,
      48.26,
      100000.0,
      66.65,
      25.08,
      100000.0,
      8.25,
      100000.0,
      100000.0,
      100000.0,
      100000.0,
      100000.0,
      35.47,
      68.01,
      100000.0,
      38.9,
      55.23,
      56.04,
      100000.0,
      100000.0,
      41.34,
      51.48,
      51.87,
      69.23,
      65.62,
      83.74,
      82.07,
      21.1,
      16.12,
      60.42,
      65.73,
      64.66,
      60.96,
      31.05,
      25.63,
      66.57,
      69.81,
      19.24,
      16.28,
      51.62,
      49.2,
      35.36,
      42.95,
      59.24,
      63.95,
      29.83,
      31.06,
      60.42,
      55.57,
      28.28,
      30.61,
      72.47,
      64.54
    ],
    [
      34.54,
      11.18,
      55.22,
      57.87,
      100000.0,
      24.7,
      100000.0,
      45.54,
      53.45,
      33.02,
      39.56,
      32.14,
      53.15,
      36.69,
      15.03,
      15.26,
      100000.0,
      42.01,
      100000.0,
      7.81,
      59.06,
      5.39,
      67.05,
      100000.0,
      77.13,
      51.48,
      6.32,
      49.82,
      100000.0,
      100000.0,
      52.95,
      21.54,
      27.51,
      100000.0,
      29.12,
      61.29,
      100000.0,
      45.28,
      100000.0,
      100000.0,
      100000.0,
      100000.0,
      100000.0,
      66.48,
      54.49,
      100000.0,
      19.1,
      8.25,
      7.07,
      100000.0,
      100000.0,
      91.02,
      65.51,
      69.05,
      63.82,
      58.82,
      36.25,
      33.62,
      34.13,
      37.01,
      59.06,
      63.29,
      14.87,
      11.4,
      31.02,
      30.81,
      17.72,
      20.0,
      31.11,
      33.6,
      6.71,
      12.04,
      71.39,
      79.08,
      65.55,
      72.8,
