{
  "name": "M-d4-n5-k1-p2",
  "V_coordinates": [
    [
      73,
      50
    ],
    [
      50,
      87
    ],
    [
      15,
      50
    ],
    [
      50,
      25
    ],
    [
      17,
      67
    ],
    [
      59,
      97
    ],
    [
      68,
      75
    ],
    [
      34,
      49
    ],
    [
      65,
      88
    ],
    [
      8,
      54
    ],
    [
      80,
      18
    ],
    [
      97,
      34
    ],
    [
      53,
      31
    ],
    [
      60,
      82
    ],
    [
      92,
      32
    ],
    [
      8,
      72
    ],
    [
      68,
      62
    ],
    [
      5,
      94
    ],
    [
      88,
      74
    ],
    [
      6,
      53
    ],
    [
      45,
      8
    ],
    [
      62,
      39
    ],
    [
      33,
      61
    ],
    [
      7,
      8
    ],
    [
      99,
      39
    ],
    [
      98,
      33
    ],
    [
      86,
      77
    ],
    [
      87,
      69
    ],
    [
      13,
      69
    ],
    [
      16,
      65
    ],
    [
      1,
      92
    ],
    [
      7,
      92
    ],
    [
      61,
      38
    ],
    [
      62,
      43
    ],
    [
      35,
      46
    ],
    [
      32,
      51
    ]
  ],
  "V": [
    0,
    1,
    2,
    3,
    4,
    5,
    6,
    7,
    8,
    9,
    10,
    11,
    12,
    13,
    14,
    15,
    16,
    17,
    18,
    19,
    20,
    21,
    22,
    23,
    24,
    25,
    26,
    27,
    28,
    29,
    30,
    31,
    32,
    33,
    34,
    35
  ],
  "VD": [
    0,
    1,
    2,
    3
  ],
  "VC": [
    4,
    5,
    6,
    7,
    8,
    9,
    10,
    11,
    12,
    13,
    14,
    15,
    16,
    17,
    18,
    19,
    20,
    21,
    22,
    23
  ],
  "VP": [
    24,
    25,
    26,
    27,
    28,
    29,
    30,
    31,
    32,
    33,
    34,
    35
  ],
  "VC1": [
    5,
    6,
    8,
    9,
    10,
    12,
    13,
    14,
    15,
    16,
    19,
    20,
    22,
    23
  ],
  "VC2": [
    11,
    18,
    4,
    17,
    21,
    7
  ],
  "demand": [
    0,
    0,
    0,
    0,
    10,
    25,
    11,
    19,
    29,
    28,
    28,
    22,
    30,
    15,
    15,
    26,
    17,
    10,
    16,
    27,
    27,
    17,
    22,
    26,
    0,
    0,
    0,
    0,
    0,
    0,
    0,
    0,
    0,
    0,
    0,
    0
  ],
  "service_time": [
    0,
    0,
    0,
    0,
    15,
    19,
    15,
    17,
    14,
    20,
    18,
    19,
    10,
    16,
    18,
    12,
    18,
    18,
    13,
    16,
    10,
    17,
    15,
    19,
    0,
    0,
    0,
    0,
    0,
    0,
    0,
    0,
    0,
    0,
    0,
    0
  ],
  "K": [
    0,
    1,
    2,
    3
  ],
  "veh_dist_matrix": [
    [
      100000.0,
      43.57,
      58.0,
      33.97,
      100000.0,
      49.04,
      25.5,
      100000.0,
      38.83,
      65.12,
      32.76,
      100000.0,
      27.59,
      34.54,
      26.17,
      68.62,
      13.0,
      100000.0,
      100000.0,
      67.07,
      50.48,
      100000.0,
      41.48,
      78.23,
      28.23,
      30.23,
      29.97,
      23.6,
      62.94,
      58.94,
      83.35,
      78.23,
      16.97,
      13.04,
      38.21,
      41.01
    ],
    [
      43.57,
      100000.0,
      50.93,
      62.0,
      100000.0,
      13.45,
      21.63,
      100000.0,
      15.03,
      53.41,
      75.24,
      100000.0,
      56.08,
      11.18,
      69.2,
      44.6,
      30.81,
      100000.0,
      100000.0,
      55.61,
      79.16,
      100000.0,
      31.06,
      89.94,
      68.59,
      72.25,
      37.36,
      41.15,
      41.15,
      40.5,
      49.25,
      43.29,
      50.22,
      45.61,
      43.66,
      40.25
    ],
    [
      58.0,
      50.93,
      100000.0,
      43.01,
      100000.0,
      64.38,
      58.6,
      100000.0,
      62.8,
      8.06,
      72.45,
      100000.0,
      42.49,
      55.22,
      79.08,
      23.09,
      54.34,
      100000.0,
      100000.0,
      9.49,
      51.61,
      100000.0,
      21.1,
      42.76,
      84.72,
      84.72,
      75.96,
      74.46,
      19.1,
      15.03,
      44.27,
      42.76,
      47.54,
      47.52,
      20.4,
      17.03
    ],
    [
      33.97,
      62.0,
      43.01,
      100000.0,
      100000.0,
      72.56,
      53.14,
      100000.0,
      64.76,
      51.04,
      30.81,
      100000.0,
      6.71,
      57.87,
      42.58,
      63.03,
      41.15,
      100000.0,
      100000.0,
      52.15,
      17.72,
      100000.0,
      39.81,
      46.24,
      50.96,
      48.66,
      63.25,
      57.49,
      57.49,
      52.5,
      83.01,
      79.61,
      17.03,
      21.63,
      25.81,
      31.62
    ],
    [
      100000.0,
      100000.0,
      100000.0,
      100000.0,
      100000.0,
      100000.0,
      100000.0,
      100000.0,
      100000.0,
      100000.0,
      100000.0,
      100000.0,
      100000.0,
      100000.0,
      100000.0,
      100000.0,
      100000.0,
      100000.0,
      100000.0,
      100000.0,
      100000.0,
      100000.0,
      100000.0,
      100000.0,
      100000.0,
      100000.0,
      100000.0,
      100000.0,
      100000.0,
      100000.0,
      100000.0,
      100000.0,
      100000.0,
      100000.0,
      100000.0,
      100000.0
    ],
    [
      49.04,
      13.45,
      64.38,
      72.56,
      100000.0,
      100000.0,
      23.77,
      100000.0,
      10.82,
      66.71,
      81.74,
      100000.0,
      66.27,
      15.03,
      72.9,
      56.8,
      36.14,
      100000.0,
      100000.0,
      68.88,
      90.09,
      100000.0,
      44.41,
      103.08,
      70.46,
      74.95,
      33.6,
      39.6,
      53.85,
      53.6,
      58.22,
      52.24,
      59.03,
      54.08,
      56.36,
      53.34
    ],
    [
      25.5,
      21.63,
      58.6,
      53.14,
      100000.0,
      23.77,
      100000.0,
      100000.0,
      13.34,
      63.57,
      58.25,
      100000.0,
      46.49,
      10.63,
      49.24,
      60.07,
      13.0,
      100000.0,
      100000.0,
      65.79,
      70.84,
      100000.0,
      37.7,
      90.61,
      47.51,
      51.61,
      18.11,
      19.92,
      55.33,
      52.95,
      69.12,
      63.32,
      37.66,
      32.56,
      43.93,
      43.27
    ],
    [
      100000.0,
      100000.0,
      100000.0,
      100000.0,
      100000.0,
      100000.0,
      100000.0,
      100000.0,
      100000.0,
      100000.0,
      100000.0,
      100000.0,
      100000.0,
      100000.0,
      100000.0,
      100000.0,
      100000.0,
      100000.0,
      100000.0,
      100000.0,
      100000.0,
      100000.0,
      100000.0,
      100000.0,
      100000.0,
      100000.0,
      100000.0,
      100000.0,
      100000.0,
      100000.0,
      100000.0,
      100000.0,
      100000.0,
      100000.0,
      100000.0,
      100000.0
    ],
    [
      38.83,
      15.03,
      62.8,
      64.76,
      100000.0,
      10.82,
      13.34,
      100000.0,
      100000.0,
      66.37,
      71.59,
      100000.0,
      58.25,
      7.81,
      62.17,
      59.2,
      26.17,
      100000.0,
      100000.0,
      68.6,
      82.46,
      100000.0,
      41.87,
      98.81,
      59.64,
      64.14,
      23.71,
      29.07,
      55.36,
      54.13,
      64.12,
      58.14,
      50.16,
      45.1,
      51.61,
      49.58
    ],
    [
      65.12,
      53.41,
      8.06,
      51.04,
      100000.0,
      66.71,
      63.57,
      100000.0,
      66.37,
      100000.0,
      80.5,
      100000.0,
      50.54,
      59.06,
      86.83,
      18.0,
      60.53,
      100000.0,
      100000.0,
      2.24,
      59.03,
      100000.0,
      25.96,
      46.01,
      92.23,
      92.42,
      81.32,
      80.41,
      15.81,
      13.6,
      38.64,
      38.01,
      55.36,
      55.11,
      28.16,
      24.19
    ],
    [
      32.76,
      75.24,
      72.45,
      30.81,
      100000.0,
      81.74,
      58.25,
      100000.0,
      71.59,
      80.5,
      100000.0,
      100000.0,
      29.97,
      67.05,
      18.44,
      90.0,
      45.61,
      100000.0,
      100000.0,
      81.86,
      36.4,
      100000.0,
      63.7,
      73.68,
      28.32,
      23.43,
      59.3,
      51.48,
      84.2,
      79.4,
      108.25,
      103.95,
      27.59,
      30.81,
      53.0,
      58.25
    ],
    [
      100000.0,
      100000.0,
      100000.0,
      100000.0,
      100000.0,
      100000.0,
      100000.0,
      100000.0,
      100000.0,
      100000.0,
      100000.0,
      100000.0,
      100000.0,
      100000.0,
      100000.0,
      100000.0,
      100000.0,
      100000.0,
      100000.0,
      100000.0,
      100000.0,
      100000.0,
      100000.0,
      100000.0,
      100000.0,
      100000.0,
      100000.0,
      100000.0,
      100000.0,
      100000.0,
      100000.0,
      100000.0,
      100000.0,
      100000.0,
      100000.0,
      100000.0
    ],
    [
      27.59,
      56.08,
      42.49,
      6.71,
      100000.0,
      66.27,
      46.49,
      100000.0,
      58.25,
      50.54,
      29.97,
      100000.0,
      100000.0,
      51.48,
      39.01,
      60.88,
      34.44,
      100000.0,
      100000.0,
      51.89,
      24.35,
      100000.0,
      36.06,
      51.43,
      46.69,
      45.04,
      56.61,
      50.99,
      55.17,
      50.25,
      80.16,
      76.4,
      10.63,
      15.0,
      23.43,
      29.0
    ],
    [
      34.54,
      11.18,
      55.22,
      57.87,
      100000.0,
      15.03,
      10.63,
      100000.0,
      7.81,
      59.06,
      67.05,
      100000.0,
      51.48,
      100000.0,
      59.36,
      52.95,
      21.54,
      100000.0,
      100000.0,
      61.29,
      75.5,
      100000.0,
      34.21,
      91.02,
      58.05,
      62.01,
      26.48,
      29.97,
      48.76,
      47.17,
      59.84,
      53.94,
      44.01,
      39.05,
      43.83,
      41.77
    ],
    [
      26.17,
      69.2,
      79.08,
      42.58,
      100000.0,
      72.9,
      49.24,
      100000.0,
      62.17,
      86.83,
      18.44,
      100000.0,
      39.01,
      59.36,
      100000.0,
      93.04,
      38.42,
      100000.0,
      100000.0,
      88.53,
      52.77,
      100000.0,
      65.74,
      88.32,
      9.9,
      6.08,
      45.4,
      37.34,
      87.24,
      82.86,
      109.0,
      104.04,
      31.58,
      31.95,
      58.69,
      62.94
    ],
    [
      68.62,
      44.6,
      23.09,
      63.03,
      100000.0,
      56.8,
      60.07,
      100000.0,
      59.2,
      18.0,
      90.0,
      100000.0,
      60.88,
      52.95,
      93.04,
      100000.0,
      60.83,
      100000.0,
      100000.0,
      19.1,
      73.93,
      100000.0,
      27.31,
      64.01,
      96.8,
      98.09,
      78.16,
      79.06,
      5.83,
      10.63,
      21.19,
      20.02,
      62.97,
      61.29,
      37.48,
      31.89
    ],
    [
      13.0,
      30.81,
      54.34,
      41.15,
      100000.0,
      36.14,
      13.0,
      100000.0,
      26.17,
      60.53,
      45.61,
      100000.0,
      34.44,
      21.54,
      38.42,
      60.83,
      100000.0,
      100000.0,
      100000.0,
      62.65,
      58.69,
      100000.0,
      35.01,
      81.47,
      38.6,
      41.73,
      23.43,
      20.25,
      55.44,
      52.09,
      73.41,
      67.98,
      25.0,
      19.92,
      36.67,
      37.64
    ],
    [
      100000.0,
      100000.0,
      100000.0,
      100000.0,
      100000.0,
      100000.0,
      100000.0,
      100000.0,
      100000.0,
      100000.0,
      100000.0,
      100000.0,
      100000.0,
      100000.0,
      100000.0,
      100000.0,
      100000.0,
      100000.0,
      100000.0,
      100000.0,
      100000.0,
      100000.0,
      100000.0,
      100000.0,
      100000.0,
      100000.0,
      100000.0,
      100000.0,
      100000.0,
      100000.0,
      100000.0,
      100000.0,
      100000.0,
      100000.0,
      100000.0,
      100000.0
    ],
    [
      100000.0,
      100000.0,
      100000.0,
      100000.0,
      100000.0,
      100000.0,
      100000.0,
      100000.0,
      100000.0,
      100000.0,
      100000.0,
      100000.0,
      100000.0,
      100000.0,
      100000.0,
      100000.0,
      100000.0,
      100000.0,
      100000.0,
      100000.0,
      100000.0,
      100000.0,
      100000.0,
      100000.0,
      100000.0,
      100000.0,
      100000.0,
      100000.0,
      100000.0,
      100000.0,
      100000.0,
      100000.0,
      100000.0,
      100000.0,
      100000.0,
      100000.0
    ],
    [
      67.07,
      55.61,
      9.49,
      52.15,
      100000.0,
      68.88,
      65.79,
      100000.0,
      68.6,
      2.24,
      81.86,
      100000.0,
      51.89,
      61.29,
      88.53,
      19.1,
      62.65,
      100000.0,
      100000.0,
      100000.0,
      59.55,
      100000.0,
      28.16,
      45.01,
      94.05,
      94.15,
      83.52,
      82.57,
      17.46,
      15.62,
      39.32,
      39.01,
      57.01,
      56.89,
      29.83,
      26.08
    ],
    [
      50.48,
      79.16,
      51.61,
      17.72,
      100000.0,
      90.09,
      70.84,
      100000.0,
      82.46,
      59.03,
      36.4,
      100000.0,
      24.35,
      75.5,
      52.77,
      73.93,
      58.69,
      100000.0,
      100000.0,
      59.55,
      100000.0,
      100000.0,
      54.34,
      38.0,
      62.27,
      58.6,
      80.26,
      74.06,
      68.88,
      63.95,
      94.83,
      92.2,
      34.0,
      38.91,
      39.29,
      44.92
    ],
    [
      100000.0,
      100000.0,
      100000.0,
      100000.0,
      100000.0,
      100000.0,
      100000.0,
      100000.0,
      100000.0,
      100000.0,
      100000.0,
      100000.0,
      100000.0,
      100000.0,
      100000.0,
      100000.0,
      100000.0,
      100000.0,
      100000.0,
      100000.0,
      100000.0,
      100000.0,
      100000.0,
      100000.0,
      100000.0,
      100000.0,
      100000.0,
      100000.0,
      100000.0,
      100000.0,
      100000.0,
      100000.0,
      100000.0,
      100000.0,
      100000.0,
      100000.0
    ],
    [
      41.48,
      31.06,
      21.1,
      39.81,
      100000.0,
      44.41,
      37.7,
      100000.0,
      41.87,
      25.96,
      63.7,
      100000.0,
      36.06,
      34.21,
      65.74,
      27.31,
      35.01,
      100000.0,
      100000.0,
      28.16,
      54.34,
      100000.0,
      100000.0,
      59.03,
      69.57,
      70.77,
      55.36,
      54.59,
      21.54,
      17.46,
      44.55,
      40.46,
      36.24,
      34.13,
      15.13,
      10.05
    ],
    [
      78.23,
      89.94,
      42.76,
      46.24,
      100000.0,
      103.08,
      90.61,
      100000.0,
      98.81,
      46.01,
      73.68,
      100000.0,
      51.43,
      91.02,
      88.32,
      64.01,
      81.47,
      100000.0,
      100000.0,
      45.01,
      38.0,
      100000.0,
      59.03,
      100000.0,
      97.08,
      94.37,
      104.89,
      100.6,
      61.29,
      57.71,
      84.21,
      84.0,
      61.77,
      65.19,
      47.2,
      49.74
    ],
    [
      28.23,
      68.59,
      84.72,
      50.96,
      100000.0,
      70.46,
      47.51,
      100000.0,
      59.64,
      92.23,
      28.32,
      100000.0,
      46.69,
      58.05,
      9.9,
      96.8,
      38.6,
      100000.0,
      100000.0,
      94.05,
      62.27,
      100000.0,
      69.57,
      97.08,
      100000.0,
      6.08,
      40.16,
      32.31,
      91.08,
      86.98,
      111.41,
      106.17,
      38.01,
      37.22,
      64.38,
      68.07
    ],
    [
      30.23,
      72.25,
      84.72,
      48.66,
      100000.0,
      74.95,
      51.61,
      100000.0,
      64.14,
      92.42,
      23.43,
      100000.0,
      45.04,
      62.01,
      6.08,
      98.09,
      41.73,
      100000.0,
      100000.0,
      94.15,
      58.6,
      100000.0,
      70.77,
      94.37,
      6.08,
      100000.0,
      45.61,
      37.64,
      92.31,
      88.02,
      113.53,
      108.45,
      37.34,
      37.36,
      64.33,
      68.41
    ],
    [
      29.97,
      37.36,
      75.96,
      63.25,
      100000.0,
      33.6,
      18.11,
      100000.0,
      23.71,
      81.32,
      59.3,
      100000.0,
      56.61,
      26.48,
      45.4,
      78.16,
      23.43,
      100000.0,
      100000.0,
      83.52,
      80.26,
      100000.0,
      55.36,
      104.89,
      40.16,
      45.61,
      100000.0,
      8.06,
      73.44,
      71.02,
      86.31,
      80.41,
      46.32,
      41.62,
      59.68,
      59.93
    ],
    [
      23.6,
      41.15,
      74.46,
      57.49,
      100000.0,
      39.6,
      19.92,
      100000.0,
      29.07,
      80.41,
      51.48,
      100000.0,
      50.99,
      29.97,
      37.34,
      79.06,
      20.25,
      100000.0,
      100000.0,
      82.57,
      74.06,
      100000.0,
      54.59,
      100.6,
      32.31,
      37.64,
      8.06,
      100000.0,
      74.0,
      71.11,
      89.02,
      83.24,
      40.46,
      36.07,
      56.86,
      57.87
    ],
    [
      62.94,
      41.15,
      19.1,
      57.49,
      100000.0,
      53.85,
      55.33,
      100000.0,
      55.36,
      15.81,
      84.2,
      100000.0,
      55.17,
      48.76,
      87.24,
      5.83,
      55.44,
      100000.0,
      100000.0,
      17.46,
      68.88,
      100000.0,
      21.54,
      61.29,
      91.08,
      92.31,
      73.44,
      74.0,
      100000.0,
      5.0,
      25.94,
      23.77,
      57.14,
      55.47,
      31.83,
      26.17
    ],
    [
      58.94,
      40.5,
      15.03,
      52.5,
      100000.0,
      53.6,
      52.95,
      100000.0,
      54.13,
      13.6,
      79.4,
      100000.0,
      50.25,
      47.17,
      82.86,
      10.63,
      52.09,
      100000.0,
      100000.0,
      15.62,
      63.95,
      100000.0,
      17.46,
      57.71,
      86.98,
      88.02,
      71.02,
      71.11,
      5.0,
      100000.0,
      30.89,
      28.46,
      52.48,
      50.99,
      26.87,
      21.26
    ],
    [
      83.35,
      49.25,
      44.27,
      83.01,
      100000.0,
      58.22,
      69.12,
      100000.0,
      64.12,
      38.64,
      108.25,
      100000.0,
      80.16,
      59.84,
      109.0,
      21.19,
      73.41,
      100000.0,
      100000.0,
      39.32,
      94.83,
      100000.0,
      44.55,
      84.21,
      111.41,
      113.53,
      86.31,
      89.02,
      25.94,
      30.89,
      100000.0,
      6.0,
      80.72,
      78.24,
      57.2,
      51.4
    ],
    [
      78.23,
      43.29,
      42.76,
      79.61,
      100000.0,
      52.24,
      63.32,
      100000.0,
      58.14,
      38.01,
      103.95,
      100000.0,
      76.4,
      53.94,
      104.04,
      20.02,
      67.98,
      100000.0,
      100000.0,
      39.01,
      92.2,
      100000.0,
      40.46,
      84.0,
      106.17,
      108.45,
      80.41,
      83.24,
      23.77,
      28.46,
      6.0,
      100000.0,
      76.37,
      73.66,
      53.85,
      48.02
    ],
    [
      16.97,
      50.22,
      47.54,
      17.03,
      100000.0,
      59.03,
      37.66,
      100000.0,
      50.16,
      55.36,
      27.59,
      100000.0,
      10.63,
      44.01,
      31.58,
      62.97,
      25.0,
      100000.0,
      100000.0,
      57.01,
      34.0,
      100000.0,
      36.24,
      61.77,
      38.01,
      37.34,
      46.32,
      40.46,
      57.14,
      52.48,
      80.72,
      76.37,
      100000.0,
      5.1,
      27.2,
      31.78
    ],
    [
      13.04,
      45.61,
      47.52,
      21.63,
      100000.0,
      54.08,
      32.56,
      100000.0,
      45.1,
      55.11,
      30.81,
      100000.0,
      15.0,
      39.05,
      31.95,
      61.29,
      19.92,
      100000.0,
      100000.0,
      56.89,
      38.91,
      100000.0,
      34.13,
      65.19,
      37.22,
      37.36,
      41.62,
      36.07,
      55.47,
      50.99,
      78.24,
      73.66,
      5.1,
      100000.0,
      27.17,
      31.05
    ],
    [
      38.21,
      43.66,
      20.4,
      25.81,
      100000.0,
      56.36,
      43.93,
      100000.0,
      51.61,
      28.16,
      53.0,
      100000.0,
      23.43,
      43.83,
      58.69,
      37.48,
      36.67,
      100000.0,
      100000.0,
      29.83,
      39.29,
      100000.0,
      15.13,
      47.2,
      64.38,
      64.33,
      59.68,
      56.86,
      31.83,
      26.87,
      57.2,
      53.85,
      27.2,
      27.17,
      100000.0,
      5.83
    ],
    [
      41.01,
      40.25,
      17.03,
      31.62,
      100000.0,
      53.34,
      43.27,
      100000.0,
      49.58,
      24.19,
      58.25,
      100000.0,
      29.0,
      41.77,
      62.94,
      31.89,
      37.64,
      100000.0,
      100000.0,
      26.08,
      44.92,
      100000.0,
      10.05,
      49.74,
      68.07,
      68.41,
      59.93,
      57.87,
      26.17,
      21.26,
      51.4,
      48.02,
      31.78,
      31.05,
      5.83,
      100000.0
    ]
  ],
  "rob_power_matrix": [
    [
      10000.0,
      10000.0,
      10000.0,
      10000.0,
      10000.0,
      10000.0,
      10000.0,
      10000.0,
      10000.0,
      10000.0,
      10000.0,
      10000.0,
      10000.0,
      10000.0,
      10000.0,
      10000.0,
      10000.0,
      10000.0,
      10000.0,
      10000.0,
      10000.0,
      10000.0,
      10000.0,
      10000.0,
      10000.0,
      10000.0,
      10000.0,
      10000.0,
      10000.0,
      10000.0,
      10000.0,
      10000.0,
      10000.0,
      10000.0,
      10000.0,
      10000.0
    ],
    [
      10000.0,
      10000.0,
      10000.0,
      10000.0,
      10000.0,
      10000.0,
      10000.0,
      10000.0,
      10000.0,
      10000.0,
      10000.0,
      10000.0,
      10000.0,
      10000.0,
      10000.0,
      10000.0,
      10000.0,
      10000.0,
      10000.0,
      10000.0,
      10000.0,
      10000.0,
      10000.0,
      10000.0,
      10000.0,
      10000.0,
      10000.0,
      10000.0,
      10000.0,
      10000.0,
      10000.0,
      10000.0,
      10000.0,
      10000.0,
      10000.0,
      10000.0
    ],
    [
      10000.0,
      10000.0,
      10000.0,
      10000.0,
      10000.0,
      10000.0,
      10000.0,
      10000.0,
      10000.0,
      10000.0,
      10000.0,
      10000.0,
      10000.0,
      10000.0,
      10000.0,
      10000.0,
      10000.0,
      10000.0,
      10000.0,
      10000.0,
      10000.0,
      10000.0,
      10000.0,
      10000.0,
      10000.0,
      10000.0,
      10000.0,
      10000.0,
      10000.0,
      10000.0,
      10000.0,
      10000.0,
      10000.0,
      10000.0,
      10000.0,
      10000.0
    ],
    [
      10000.0,
      10000.0,
      10000.0,
      10000.0,
      10000.0,
      10000.0,
      10000.0,
      10000.0,
      10000.0,
      10000.0,
      10000.0,
      10000.0,
      10000.0,
      10000.0,
      10000.0,
      10000.0,
      10000.0,
      10000.0,
      10000.0,
      10000.0,
      10000.0,
      10000.0,
      10000.0,
      10000.0,
      10000.0,
      10000.0,
      10000.0,
      10000.0,
      10000.0,
      10000.0,
      10000.0,
      10000.0,
      10000.0,
      10000.0,
      10000.0,
      10000.0
    ],
    [
      10000.0,
      10000.0,
      10000.0,
      10000.0,
      10000.0,
      5.1610000000000005,
      5.162,
      2.4760000000000004,
      5.239000000000001,
      1.5810000000000002,
      7.981000000000001,
      8.654000000000002,
      5.091,
      4.554,
      8.276000000000002,
      1.03,
      5.1240000000000006,
      2.955,
      7.134,
      1.7800000000000002,
      6.531000000000001,
      5.300000000000001,
      1.709,
      5.984000000000001,
      8.665000000000001,
      8.785,
      6.972,
      7.003,
      0.447,
      0.22400000000000003,
      2.968,
      2.693,
      5.2700000000000005,
      5.1000000000000005,
      2.766,
      2.193
    ],
    [
      10000.0,
      10000.0,
      10000.0,
      10000.0,
      5.1610000000000005,
      10000.0,
      2.3770000000000002,
      5.412,
      1.082,
      6.670999999999999,
      8.174,
      7.356999999999999,
      6.627,
      1.5030000000000001,
      7.290000000000001,
      5.68,
      3.6140000000000003,
      5.408,
      3.701,
      6.888,
      9.009,
      5.808,
      4.441,
      10.308,
      7.045999999999999,
      7.495000000000001,
      3.3600000000000003,
      3.9600000000000004,
      5.385000000000001,
      5.36,
      5.822,
      5.224,
      5.9030000000000005,
      5.408,
      5.636,
      5.3340000000000005
    ],
    [
      10000.0,
      10000.0,
      10000.0,
      10000.0,
      5.162,
      2.3770000000000002,
      10000.0,
      4.28,
      1.334,
      6.357,
      5.825,
      5.022,
      4.649,
      1.0630000000000002,
      4.924,
      6.007000000000001,
      1.3,
      6.58,
      2.0020000000000002,
      6.579000000000001,
      7.0840000000000005,
      3.6500000000000004,
      3.7700000000000005,
      9.061,
      4.751,
      5.1610000000000005,
      1.811,
      1.9920000000000002,
      5.533,
      5.295000000000001,
      6.912000000000001,
      6.332000000000001,
      3.766,
      3.2560000000000002,
      4.393,
      4.327000000000001
    ],
    [
      10000.0,
      10000.0,
      10000.0,
      10000.0,
      2.4760000000000004,
      5.412,
      4.28,
      10000.0,
      4.982,
      2.648,
      5.547000000000001,
      6.476000000000001,
      2.6170000000000004,
      4.201,
      6.0440000000000005,
      3.471,
      3.64,
      5.354,
      5.9510000000000005,
      2.8280000000000003,
      4.245,
      2.9730000000000003,
      1.204,
      4.909000000000001,
      6.5760000000000005,
      6.597,
      5.906000000000001,
      5.665,
      2.9000000000000004,
      2.408,
      5.420000000000001,
      5.077000000000001,
      2.915,
      2.8640000000000003,
      0.31600000000000006,
      0.28300000000000003
    ],
    [
      10000.0,
      10000.0,
      10000.0,
      10000.0,
      5.239000000000001,
      1.082,
      1.334,
      4.982,
      10000.0,
      6.6370000000000005,
      7.159000000000001,
      6.277000000000001,
      5.825,
      0.781,
      6.2170000000000005,
      5.920000000000001,
      2.6170000000000004,
      6.03,
      2.693,
      6.859999999999999,
      8.246,
      4.909000000000001,
      4.187,
      9.881,
      5.964,
      6.414000000000001,
      2.371,
      2.907,
      5.5360000000000005,
      5.413,
      6.412000000000001,
      5.814,
      5.016,
      4.510000000000001,
      5.1610000000000005,
      4.958
    ],
    [
      10000.0,
      10000.0,
      10000.0,
      10000.0,
      1.5810000000000002,
      6.670999999999999,
      6.357,
      2.648,
      6.6370000000000005,
      10000.0,
      8.05,
      9.122,
      5.054,
      5.906000000000001,
      8.683,
      1.8,
      6.053000000000001,
      4.011,
      8.246,
      0.22400000000000003,
      5.9030000000000005,
      5.604,
      2.596,
      4.601,
      9.223,
      9.242,
      8.132,
      8.041,
      1.5810000000000002,
      1.36,
      3.8640000000000003,
      3.801,
      5.5360000000000005,
      5.511,
      2.8160000000000003,
      2.4190000000000005
    ],
    [
      10000.0,
      10000.0,
      10000.0,
      10000.0,
      7.981000000000001,
      8.174,
      5.825,
      5.547000000000001,
      7.159000000000001,
      8.05,
      10000.0,
      2.3350000000000004,
      2.997,
      6.705,
      1.8440000000000003,
      9.0,
      4.561,
      10.678,
      5.657,
      8.186,
      3.64,
      2.766,
      6.370000000000001,
      7.368000000000001,
      2.8320000000000003,
      2.343,
      5.93,
      5.148,
      8.42,
      7.940000000000001,
      10.825000000000001,
      10.395000000000001,
      2.7590000000000003,
      3.081,
      5.300000000000001,
      5.825
    ],
    [
      10000.0,
      10000.0,
      10000.0,
      10000.0,
      8.654000000000002,
      7.356999999999999,
      5.022,
      6.476000000000001,
      6.277000000000001,
      9.122,
      2.3350000000000004,
      10000.0,
      4.41,
      6.061,
      0.539,
      9.677,
      4.031000000000001,
      10.984000000000002,
      4.1000000000000005,
      9.296,
      5.814,
      3.536,
      6.946,
      9.368,
      0.539,
      0.141,
      4.438000000000001,
      3.64,
      9.1,
      8.673,
      11.216000000000001,
      10.707,
      3.622,
      3.6140000000000003,
      6.315,
      6.719
    ],
    [
      10000.0,
      10000.0,
      10000.0,
      10000.0,
      5.091,
      6.627,
      4.649,
      2.6170000000000004,
      5.825,
      5.054,
      2.997,
      4.41,
      10000.0,
      5.148,
      3.901,
      6.088000000000001,
      3.444,
      7.920000000000001,
      5.5440000000000005,
      5.189,
      2.4350000000000005,
      1.204,
      3.6060000000000003,
      5.143000000000001,
      4.669,
      4.5040000000000004,
      5.6610000000000005,
      5.099,
      5.517,
      5.025,
      8.016,
      7.640000000000001,
      1.0630000000000002,
      1.5,
      2.343,
      2.9000000000000004
    ],
    [
      10000.0,
      10000.0,
      10000.0,
      10000.0,
      4.554,
      1.5030000000000001,
      1.0630000000000002,
      4.201,
      0.781,
      5.906000000000001,
      6.705,
      6.061,
      5.148,
      10000.0,
      5.936,
      5.295000000000001,
      2.154,
      5.6290000000000004,
      2.9120000000000004,
      6.1290000000000004,
      7.550000000000001,
      4.305,
      3.4210000000000003,
      9.102,
      5.805,
      6.2010000000000005,
      2.648,
      2.997,
      4.876,
      4.7170000000000005,
      5.984000000000001,
      5.394,
      4.401,
      3.905,
      4.383,
      4.1770000000000005
    ],
    [
      10000.0,
      10000.0,
      10000.0,
      10000.0,
      8.276000000000002,
      7.290000000000001,
      4.924,
      6.0440000000000005,
      6.2170000000000005,
      8.683,
      1.8440000000000003,
      0.539,
      3.901,
      5.936,
      10000.0,
      9.304,
      3.8420000000000005,
      10.683,
      4.219,
      8.853,
      5.277000000000001,
      3.081,
      6.574,
      8.831999999999999,
      0.9900000000000001,
      0.6080000000000001,
      4.54,
      3.7340000000000004,
      8.724,
      8.286,
      10.9,
      10.404000000000002,
      3.158,
      3.1950000000000003,
      5.869,
      6.2940000000000005
    ],
    [
      10000.0,
      10000.0,
      10000.0,
      10000.0,
      1.03,
      5.68,
      6.007000000000001,
      3.471,
      5.920000000000001,
      1.8,
      9.0,
      9.677,
      6.088000000000001,
      5.295000000000001,
      9.304,
      10000.0,
      6.083,
      2.22,
      8.002,
      1.9100000000000001,
      7.393000000000001,
      6.329000000000001,
      2.731,
      6.401000000000001,
      9.68,
      9.809000000000001,
      7.816,
      7.906000000000001,
      0.5830000000000001,
      1.0630000000000002,
      2.119,
      2.0020000000000002,
      6.297000000000001,
      6.1290000000000004,
      3.7479999999999998,
      3.189
    ],
    [
      10000.0,
      10000.0,
      10000.0,
      10000.0,
      5.1240000000000006,
      3.6140000000000003,
      1.3,
      3.64,
      2.6170000000000004,
      6.053000000000001,
      4.561,
      4.031000000000001,
      3.444,
      2.154,
      3.8420000000000005,
      6.083,
      10000.0,
      7.066,
      2.3320000000000003,
      6.265000000000001,
      5.869,
      2.3770000000000002,
      3.501,
      8.147,
      3.8600000000000003,
      4.173,
      2.343,
      2.025,
      5.5440000000000005,
      5.2090000000000005,
      7.341,
      6.798000000000001,
      2.5,
      1.9920000000000002,
      3.6670000000000003,
      3.7640000000000002
    ],
    [
      10000.0,
      10000.0,
      10000.0,
      10000.0,
      2.955,
      5.408,
      6.58,
      5.354,
      6.03,
      4.011,
      10.678,
      10.984000000000002,
      7.920000000000001,
      5.6290000000000004,
      10.683,
      2.22,
      7.066,
      10000.0,
      8.538,
      4.101,
      9.485,
      7.920999999999999,
      4.328,
      8.602,
      10.891,
      11.122,
      8.276000000000002,
      8.573,
      2.625,
      3.1020000000000003,
      0.447,
      0.28300000000000003,
      7.920000000000001,
      7.649,
      5.66,
      5.077000000000001
    ],
    [
      10000.0,
      10000.0,
      10000.0,
      10000.0,
      7.134,
      3.701,
      2.0020000000000002,
      5.9510000000000005,
      2.693,
      8.246,
      5.657,
      4.1000000000000005,
      5.5440000000000005,
      2.9120000000000004,
      4.219,
      8.002,
      2.3320000000000003,
      8.538,
      10000.0,
      8.465000000000002,
      7.877,
      4.36,
      5.652000000000001,
      10.448,
      3.669,
      4.220000000000001,
      0.361,
      0.51,
      7.517,
      7.256,
      8.884,
      8.298,
      4.5,
      4.046,
      5.994,
      6.054
    ],
    [
      10000.0,
      10000.0,
      10000.0,
      10000.0,
      1.7800000000000002,
      6.888,
      6.579000000000001,
      2.8280000000000003,
      6.859999999999999,
      0.22400000000000003,
      8.186,
      9.296,
      5.189,
      6.1290000000000004,
      8.853,
      1.9100000000000001,
      6.265000000000001,
      4.101,
      8.465000000000002,
      10000.0,
      5.955,
      5.772,
      2.8160000000000003,
      4.501,
      9.405,
      9.415000000000001,
      8.352,
      8.257,
      1.7460000000000002,
      1.562,
      3.9320000000000004,
      3.901,
      5.7010000000000005,
      5.689,
      2.983,
      2.608
    ],
    [
      10000.0,
      10000.0,
      10000.0,
      10000.0,
      6.531000000000001,
      9.009,
      7.0840000000000005,
      4.245,
      8.246,
      5.9030000000000005,
      3.64,
      5.814,
      2.4350000000000005,
      7.550000000000001,
      5.277000000000001,
      7.393000000000001,
      5.869,
      9.485,
      7.877,
      5.955,
      10000.0,
      3.536,
      5.434000000000001,
      3.8000000000000003,
      6.227,
      5.86,
      8.026000000000002,
      7.406000000000001,
      6.888,
      6.3950000000000005,
      9.483,
      9.22,
      3.4000000000000004,
      3.891,
      3.9290000000000003,
      4.492
    ],
    [
      10000.0,
      10000.0,
      10000.0,
      10000.0,
      5.300000000000001,
      5.808,
      3.6500000000000004,
      2.9730000000000003,
      4.909000000000001,
      5.604,
      2.766,
      3.536,
      1.204,
      4.305,
      3.081,
      6.329000000000001,
      2.3770000000000002,
      7.920999999999999,
      4.36,
      5.772,
      3.536,
      10000.0,
      3.64,
      6.313000000000001,
      3.7,
      3.6500000000000004,
      4.494,
      3.905,
      5.745000000000001,
      5.284000000000001,
      8.081000000000001,
      7.638,
      0.141,
      0.4,
      2.789,
      3.2310000000000003
    ],
    [
      10000.0,
      10000.0,
      10000.0,
      10000.0,
      1.709,
      4.441,
      3.7700000000000005,
      1.204,
      4.187,
      2.596,
      6.370000000000001,
      6.946,
      3.6060000000000003,
      3.4210000000000003,
      6.574,
      2.731,
      3.501,
      4.328,
      5.652000000000001,
      2.8160000000000003,
      5.434000000000001,
      3.64,
      10000.0,
      5.9030000000000005,
      6.957,
      7.077,
      5.5360000000000005,
      5.4590000000000005,
      2.154,
      1.7460000000000002,
      4.455,
      4.046,
      3.6240000000000006,
      3.4130000000000003,
      1.5130000000000001,
      1.0050000000000001
    ],
    [
      10000.0,
      10000.0,
      10000.0,
      10000.0,
      5.984000000000001,
      10.308,
      9.061,
      4.909000000000001,
      9.881,
      4.601,
      7.368000000000001,
      9.368,
      5.143000000000001,
      9.102,
      8.831999999999999,
      6.401000000000001,
      8.147,
      8.602,
      10.448,
      4.501,
      3.8000000000000003,
      6.313000000000001,
      5.9030000000000005,
      10000.0,
      9.708,
      9.437000000000001,
      10.489,
      10.06,
      6.1290000000000004,
      5.771000000000001,
      8.421,
      8.4,
      6.1770000000000005,
      6.519,
      4.720000000000001,
      4.974
    ],
    [
      10000.0,
      10000.0,
      10000.0,
      10000.0,
      8.665000000000001,
      7.045999999999999,
      4.751,
      6.5760000000000005,
      5.964,
      9.223,
      2.8320000000000003,
      0.539,
      4.669,
      5.805,
      0.9900000000000001,
      9.68,
      3.8600000000000003,
      10.891,
      3.669,
      9.405,
      6.227,
      3.7,
      6.957,
      9.708,
      10000.0,
      0.6080000000000001,
      4.016,
      3.2310000000000003,
      9.108,
      8.698,
      11.141,
      10.617,
      3.801,
      3.722,
      6.438,
      6.8069999999999995
    ],
    [
      10000.0,
      10000.0,
      10000.0,
      10000.0,
      8.785,
      7.495000000000001,
      5.1610000000000005,
      6.597,
      6.414000000000001,
      9.242,
      2.343,
      0.141,
      4.5040000000000004,
      6.2010000000000005,
      0.6080000000000001,
      9.809000000000001,
      4.173,
      11.122,
      4.220000000000001,
      9.415000000000001,
      5.86,
      3.6500000000000004,
      7.077,
      9.437000000000001,
      0.6080000000000001,
      10000.0,
      4.561,
      3.7640000000000002,
      9.231,
      8.802,
      11.353000000000002,
      10.845,
      3.7340000000000004,
      3.736,
      6.433,
      6.841
    ],
    [
      10000.0,
      10000.0,
      10000.0,
      10000.0,
      6.972,
      3.3600000000000003,
      1.811,
      5.906000000000001,
      2.371,
      8.132,
      5.93,
      4.438000000000001,
      5.6610000000000005,
      2.648,
      4.54,
      7.816,
      2.343,
      8.276000000000002,
      0.361,
      8.352,
      8.026000000000002,
      4.494,
      5.5360000000000005,
      10.489,
      4.016,
      4.561,
      10000.0,
      0.806,
      7.344,
      7.102,
      8.631,
      8.041,
      4.632000000000001,
      4.162,
      5.968,
      5.993
    ],
    [
      10000.0,
      10000.0,
      10000.0,
      10000.0,
      7.003,
      3.9600000000000004,
      1.9920000000000002,
      5.665,
      2.907,
      8.041,
      5.148,
      3.64,
      5.099,
      2.997,
      3.7340000000000004,
      7.906000000000001,
      2.025,
      8.573,
      0.51,
      8.257,
      7.406000000000001,
      3.905,
      5.4590000000000005,
      10.06,
      3.2310000000000003,
      3.7640000000000002,
      0.806,
      10000.0,
      7.4,
      7.111000000000001,
      8.902,
      8.324,
      4.046,
      3.607,
      5.686,
      5.787
    ],
    [
      10000.0,
      10000.0,
      10000.0,
      10000.0,
      0.447,
      5.385000000000001,
      5.533,
      2.9000000000000004,
      5.5360000000000005,
      1.5810000000000002,
      8.42,
      9.1,
      5.517,
      4.876,
      8.724,
      0.5830000000000001,
      5.5440000000000005,
      2.625,
      7.517,
      1.7460000000000002,
      6.888,
      5.745000000000001,
      2.154,
      6.1290000000000004,
      9.108,
      9.231,
      7.344,
      7.4,
      10000.0,
      0.5,
      2.5940000000000003,
      2.3770000000000002,
      5.714,
      5.547000000000001,
      3.183,
      2.6170000000000004
    ],
    [
      10000.0,
      10000.0,
      10000.0,
      10000.0,
      0.22400000000000003,
      5.36,
      5.295000000000001,
      2.408,
      5.413,
      1.36,
      7.940000000000001,
      8.673,
      5.025,
      4.7170000000000005,
      8.286,
      1.0630000000000002,
      5.2090000000000005,
      3.1020000000000003,
      7.256,
      1.562,
      6.3950000000000005,
