{
  "name": "M-d5-n10-k1-p2",
  "V_coordinates": [
    [
      73,
      50
    ],
    [
      61,
      85
    ],
    [
      21,
      71
    ],
    [
      30,
      35
    ],
    [
      59,
      22
    ],
    [
      66,
      36
    ],
    [
      31,
      17
    ],
    [
      80,
      68
    ],
    [
      34,
      80
    ],
    [
      72,
      33
    ],
    [
      74,
      6
    ],
    [
      39,
      97
    ],
    [
      52,
      67
    ],
    [
      94,
      91
    ],
    [
      42,
      20
    ],
    [
      62,
      65
    ],
    [
      8,
      88
    ],
    [
      56,
      58
    ],
    [
      85,
      97
    ],
    [
      69,
      55
    ],
    [
      90,
      29
    ],
    [
      89,
      70
    ],
    [
      88,
      53
    ],
    [
      49,
      34
    ],
    [
      59,
      69
    ],
    [
      80,
      9
    ],
    [
      18,
      25
    ],
    [
      53,
      92
    ],
    [
      63,
      42
    ],
    [
      98,
      8
    ],
    [
      96,
      69
    ],
    [
      16,
      61
    ],
    [
      71,
      55
    ],
    [
      91,
      33
    ],
    [
      47,
      97
    ],
    [
      7,
      58
    ],
    [
      76,
      87
    ],
    [
      54,
      60
    ],
    [
      75,
      34
    ],
    [
      44,
      95
    ],
    [
      43,
      41
    ],
    [
      67,
      8
    ],
    [
      94,
      62
    ],
    [
      61,
      68
    ],
    [
      99,
      52
    ],
    [
      8,
      7
    ],
    [
      32,
      59
    ],
    [
      18,
      45
    ],
    [
      83,
      80
    ],
    [
      51,
      75
    ],
    [
      17,
      28
    ],
    [
      65,
      10
    ],
    [
      82,
      5
    ],
    [
      90,
      27
    ],
    [
      97,
      8
    ],
    [
      97,
      61
    ],
    [
      92,
      64
    ],
    [
      97,
      70
    ],
    [
      92,
      68
    ],
    [
      34,
      60
    ],
    [
      30,
      62
    ],
    [
      62,
      67
    ],
    [
      61,
      60
    ],
    [
      53,
      61
    ],
    [
      57,
      59
    ],
    [
      63,
      36
    ],
    [
      68,
      32
    ],
    [
      94,
      5
    ],
    [
      94,
      9
    ],
    [
      60,
      59
    ],
    [
      57,
      55
    ],
    [
      40,
      97
    ],
    [
      45,
      96
    ],
    [
      70,
      10
    ],
    [
      70,
      6
    ],
    [
      50,
      97
    ],
    [
      45,
      98
    ],
    [
      90,
      57
    ],
    [
      89,
      50
    ],
    [
      16,
      47
    ],
    [
      22,
      43
    ],
    [
      60,
      69
    ],
    [
      61,
      73
    ],
    [
      99,
      4
    ],
    [
      95,
      8
    ],
    [
      78,
      3
    ],
    [
      85,
      6
    ]
  ],
  "V": [
    0,
    1,
    2,
    3,
    4,
    5,
    6,
    7,
    8,
    9,
    10,
    11,
    12,
    13,
    14,
    15,
    16,
    17,
    18,
    19,
    20,
    21,
    22,
    23,
    24,
    25,
    26,
    27,
    28,
    29,
    30,
    31,
    32,
    33,
    34,
    35,
    36,
    37,
    38,
    39,
    40,
    41,
    42,
    43,
    44,
    45,
    46,
    47,
    48,
    49,
    50,
    51,
    52,
    53,
    54,
    55,
    56,
    57,
    58,
    59,
    60,
    61,
    62,
    63,
    64,
    65,
    66,
    67,
    68,
    69,
    70,
    71,
    72,
    73,
    74,
    75,
    76,
    77,
    78,
    79,
    80,
    81,
    82,
    83,
    84,
    85,
    86
  ],
  "VD": [
    0,
    1,
    2,
    3,
    4
  ],
  "VC": [
    5,
    6,
    7,
    8,
    9,
    10,
    11,
    12,
    13,
    14,
    15,
    16,
    17,
    18,
    19,
    20,
    21,
    22,
    23,
    24,
    25,
    26,
    27,
    28,
    29,
    30,
    31,
    32,
    33,
    34,
    35,
    36,
    37,
    38,
    39,
    40,
    41,
    42,
    43,
    44,
    45,
    46,
    47,
    48,
    49,
    50,
    51,
    52,
    53,
    54
  ],
  "VP": [
    55,
    56,
    57,
    58,
    59,
    60,
    61,
    62,
    63,
    64,
    65,
    66,
    67,
    68,
    69,
    70,
    71,
    72,
    73,
    74,
    75,
    76,
    77,
    78,
    79,
    80,
    81,
    82,
    83,
    84,
    85,
    86
  ],
  "VC1": [
    6,
    7,
    8,
    9,
    10,
    11,
    12,
    13,
    14,
    16,
    18,
    19,
    20,
    21,
    23,
    24,
    25,
    26,
    27,
    28,
    31,
    32,
    33,
    35,
    36,
    38,
    40,
    44,
    45,
    48,
    49,
    50,
    51,
    53
  ],
  "VC2": [
    42,
    30,
    46,
    15,
    37,
    5,
    54,
    17,
    39,
    41,
    34,
    22,
    47,
    43,
    29,
    52
  ],
  "demand": [
    0,
    0,
    0,
    0,
    0,
    28,
    12,
    18,
    21,
    19,
    28,
    27,
    13,
    24,
    18,
    13,
    11,
    19,
    10,
    29,
    10,
    12,
    23,
    13,
    11,
    16,
    17,
    28,
    23,
    15,
    13,
    24,
    15,
    17,
    15,
    13,
    23,
    22,
    27,
    19,
    27,
    18,
    25,
    20,
    13,
    16,
    30,
    20,
    11,
    10,
    10,
    19,
    29,
    20,
    24,
    0,
    0,
    0,
    0,
    0,
    0,
    0,
    0,
    0,
    0,
    0,
    0,
    0,
    0,
    0,
    0,
    0,
    0,
    0,
    0,
    0,
    0,
    0,
    0,
    0,
    0,
    0,
    0,
    0,
    0,
    0,
    0
  ],
  "service_time": [
    0,
    0,
    0,
    0,
    0,
    16,
    15,
    16,
    11,
    11,
    15,
    19,
    17,
    11,
    14,
    13,
    19,
    18,
    17,
    20,
    15,
    14,
    12,
    18,
    13,
    14,
    13,
    13,
    15,
    11,
    14,
    11,
    17,
    11,
    20,
    19,
    20,
    15,
    13,
    16,
    14,
    10,
    15,
    12,
    15,
    19,
    14,
    13,
    15,
    11,
    18,
    19,
    19,
    19,
    11,
    0,
    0,
    0,
    0,
    0,
    0,
    0,
    0,
    0,
    0,
    0,
    0,
    0,
    0,
    0,
    0,
    0,
    0,
    0,
    0,
    0,
    0,
    0,
    0,
    0,
    0,
    0,
    0,
    0,
    0,
    0,
    0
  ],
  "K": [
    0,
    1,
    2,
    3,
    4
  ],
  "veh_dist_matrix": [
    [
      100000.0,
      37.0,
      56.08,
      45.54,
      31.3,
      100000.0,
      53.41,
      19.31,
      49.2,
      17.03,
      44.01,
      58.01,
      27.02,
      46.07,
      43.14,
      100000.0,
      75.29,
      100000.0,
      48.51,
      6.4,
      27.02,
      25.61,
      100000.0,
      28.84,
      23.6,
      41.59,
      60.42,
      46.52,
      12.81,
      100000.0,
      100000.0,
      58.05,
      5.39,
      24.76,
      100000.0,
      66.48,
      37.12,
      100000.0,
      16.12,
      100000.0,
      31.32,
      100000.0,
      100000.0,
      100000.0,
      26.08,
      77.94,
      100000.0,
      100000.0,
      31.62,
      33.3,
      60.17,
      40.79,
      100000.0,
      28.6,
      100000.0,
      26.4,
      23.6,
      31.24,
      26.17,
      40.26,
      44.64,
      20.25,
      15.62,
      22.83,
      18.36,
      17.2,
      18.68,
      49.66,
      46.07,
      15.81,
      16.76,
      57.43,
      53.85,
      40.11,
      44.1,
      52.33,
      55.57,
      18.38,
      16.0,
      57.08,
      51.48,
      23.02,
      25.94,
      52.84,
      47.41,
      47.27,
      45.61
    ],
    [
      37.0,
      100000.0,
      42.38,
      58.83,
      63.03,
      100000.0,
      74.32,
      25.5,
      27.46,
      53.15,
      80.06,
      25.06,
      20.12,
      33.54,
      67.72,
      100000.0,
      53.08,
      100000.0,
      26.83,
      31.05,
      63.06,
      31.76,
      100000.0,
      52.39,
      16.12,
      78.34,
      73.82,
      10.63,
      43.05,
      100000.0,
      100000.0,
      51.0,
      31.62,
      60.03,
      100000.0,
      60.37,
      15.13,
      100000.0,
      52.89,
      100000.0,
      47.54,
      100000.0,
      100000.0,
      100000.0,
      50.33,
      94.3,
      100000.0,
      100000.0,
      22.56,
      14.14,
      72.01,
      75.11,
      100000.0,
      64.85,
      100000.0,
      43.27,
      37.44,
      39.0,
      35.36,
      36.8,
      38.6,
      18.03,
      25.0,
      25.3,
      26.31,
      49.04,
      53.46,
      86.54,
      82.86,
      26.02,
      30.27,
      24.19,
      19.42,
      75.54,
      79.51,
      16.28,
      20.62,
      40.31,
      44.82,
      58.9,
      57.31,
      16.03,
      12.0,
      89.47,
      84.17,
      83.74,
      82.57
    ],
    [
      56.08,
      42.38,
      100000.0,
      37.11,
      62.01,
      100000.0,
      54.92,
      59.08,
      15.81,
      63.6,
      83.87,
      31.62,
      31.26,
      75.69,
      55.15,
      100000.0,
      21.4,
      100000.0,
      69.08,
      50.6,
      80.78,
      68.01,
      100000.0,
      46.4,
      38.05,
      85.59,
      46.1,
      38.28,
      51.04,
      100000.0,
      100000.0,
      11.18,
      52.5,
      79.65,
      100000.0,
      19.1,
      57.28,
      100000.0,
      65.46,
      100000.0,
      37.2,
      100000.0,
      100000.0,
      100000.0,
      80.28,
      65.31,
      100000.0,
      100000.0,
      62.65,
      30.27,
      43.19,
      75.21,
      100000.0,
      81.84,
      100000.0,
      76.66,
      71.34,
      76.01,
      71.06,
      17.03,
      12.73,
      41.19,
      41.48,
      33.53,
      37.95,
      54.67,
      61.07,
      98.41,
      95.78,
      40.8,
      39.4,
      32.2,
      34.66,
      78.24,
      81.4,
      38.95,
      36.12,
      70.41,
      71.17,
      24.52,
      28.02,
      39.05,
      40.05,
      102.83,
      97.19,
      88.73,
      91.22
    ],
    [
      45.54,
      58.83,
      37.11,
      100000.0,
      31.78,
      100000.0,
      18.03,
      59.91,
      45.18,
      42.05,
      52.7,
      62.65,
      38.83,
      85.04,
      19.21,
      100000.0,
      57.38,
      100000.0,
      82.88,
      43.83,
      60.3,
      68.6,
      100000.0,
      19.03,
      44.69,
      56.36,
      15.62,
      61.47,
      33.73,
      100000.0,
      100000.0,
      29.53,
      45.62,
      61.03,
      100000.0,
      32.53,
      69.43,
      100000.0,
      45.01,
      100000.0,
      14.32,
      100000.0,
      100000.0,
      100000.0,
      71.06,
      35.61,
      100000.0,
      100000.0,
      69.53,
      45.18,
      14.76,
      43.01,
      100000.0,
      60.53,
      100000.0,
      71.87,
      68.45,
      75.59,
      70.24,
      25.32,
      27.0,
      45.25,
      39.82,
      34.71,
      36.12,
      33.02,
      38.12,
      70.68,
      69.08,
      38.42,
      33.6,
      62.8,
      62.82,
      47.17,
      49.41,
      65.15,
      64.76,
      63.91,
      60.88,
      18.44,
      11.31,
      45.34,
      49.04,
      75.64,
      70.38,
      57.69,
      62.18
    ],
    [
      31.3,
      63.03,
      62.01,
      31.78,
      100000.0,
      100000.0,
      28.44,
      50.57,
      63.16,
      17.03,
      21.93,
      77.62,
      45.54,
      77.37,
      17.12,
      100000.0,
      83.41,
      100000.0,
      79.38,
      34.48,
      31.78,
      56.6,
      100000.0,
      15.62,
      47.0,
      24.7,
      41.11,
      70.26,
      20.4,
      100000.0,
      100000.0,
      58.05,
      35.11,
      33.84,
      100000.0,
      63.25,
      67.19,
      100000.0,
      20.0,
      100000.0,
      24.84,
      100000.0,
      100000.0,
      100000.0,
      50.0,
      53.16,
      100000.0,
      100000.0,
      62.77,
      53.6,
      42.43,
      13.42,
      100000.0,
      31.4,
      100000.0,
      54.45,
      53.41,
      61.22,
      56.61,
      45.49,
      49.41,
      45.1,
      38.05,
      39.46,
      37.05,
      14.56,
      13.45,
      38.91,
      37.34,
      37.01,
      33.06,
      77.37,
      75.31,
      16.28,
      19.42,
      75.54,
      77.28,
      46.75,
      41.04,
      49.74,
      42.54,
      47.01,
      51.04,
      43.86,
      38.63,
      26.87,
      30.53
    ],
    [
      100000.0,
      100000.0,
      100000.0,
      100000.0,
      100000.0,
      100000.0,
      100000.0,
      100000.0,
      100000.0,
      100000.0,
      100000.0,
      100000.0,
      100000.0,
      100000.0,
      100000.0,
      100000.0,
      100000.0,
      100000.0,
      100000.0,
      100000.0,
      100000.0,
      100000.0,
      100000.0,
      100000.0,
      100000.0,
      100000.0,
      100000.0,
      100000.0,
      100000.0,
      100000.0,
      100000.0,
      100000.0,
      100000.0,
      100000.0,
      100000.0,
      100000.0,
      100000.0,
      100000.0,
      100000.0,
      100000.0,
      100000.0,
      100000.0,
      100000.0,
      100000.0,
      100000.0,
      100000.0,
      100000.0,
      100000.0,
      100000.0,
      100000.0,
      100000.0,
      100000.0,
      100000.0,
      100000.0,
      100000.0,
      100000.0,
      100000.0,
      100000.0,
      100000.0,
      100000.0,
      100000.0,
      100000.0,
      100000.0,
      100000.0,
      100000.0,
      100000.0,
      100000.0,
      100000.0,
      100000.0,
      100000.0,
      100000.0,
      100000.0,
      100000.0,
      100000.0,
      100000.0,
      100000.0,
      100000.0,
      100000.0,
      100000.0,
      100000.0,
      100000.0,
      100000.0,
      100000.0,
      100000.0,
      100000.0,
      100000.0,
      100000.0
    ],
    [
      53.41,
      74.32,
      54.92,
      18.03,
      28.44,
      100000.0,
      100000.0,
      70.72,
      63.07,
      44.01,
      44.38,
      80.4,
      54.23,
      97.19,
      11.4,
      100000.0,
      74.63,
      100000.0,
      96.52,
      53.74,
      60.21,
      78.57,
      100000.0,
      24.76,
      59.06,
      49.65,
      15.26,
      78.16,
      40.61,
      100000.0,
      100000.0,
      46.49,
      55.17,
      62.1,
      100000.0,
      47.51,
      83.22,
      100000.0,
      47.17,
      100000.0,
      26.83,
      100000.0,
      100000.0,
      100000.0,
      76.48,
      25.08,
      100000.0,
      100000.0,
      81.69,
      61.35,
      17.8,
      34.71,
      100000.0,
      59.84,
      100000.0,
      79.32,
      77.01,
      84.65,
      79.51,
      43.1,
      45.01,
      58.83,
      52.43,
      49.19,
      49.4,
      37.22,
      39.92,
      64.13,
      63.51,
      51.04,
      46.04,
      80.5,
      80.23,
      39.62,
      40.52,
      82.23,
      82.2,
      71.28,
      66.73,
      33.54,
      27.51,
      59.54,
      63.53,
      69.23,
      64.63,
      49.04,
      55.11
    ],
    [
      19.31,
      25.5,
      59.08,
      59.91,
      50.57,
      100000.0,
      70.72,
      100000.0,
      47.54,
      35.9,
      62.29,
      50.22,
      28.02,
      26.93,
      61.22,
      100000.0,
      74.73,
      100000.0,
      29.43,
      17.03,
      40.26,
      9.22,
      100000.0,
      46.01,
      21.02,
      59.0,
      75.45,
      36.12,
      31.06,
      100000.0,
      100000.0,
      64.38,
      15.81,
      36.69,
      100000.0,
      73.68,
      19.42,
      100000.0,
      34.37,
      100000.0,
      45.8,
      100000.0,
      100000.0,
      100000.0,
      24.84,
      94.37,
      100000.0,
      100000.0,
      12.37,
      29.83,
      74.63,
      59.91,
      100000.0,
      42.2,
      100000.0,
      18.38,
      12.65,
      17.12,
      12.0,
      46.69,
      50.36,
      18.03,
      20.62,
      27.89,
      24.7,
      36.24,
      37.95,
      64.54,
      60.64,
      21.93,
      26.42,
      49.41,
      44.82,
      58.86,
      62.8,
      41.73,
      46.1,
      14.87,
      20.12,
      67.36,
      63.16,
      20.02,
      19.65,
      66.76,
      61.85,
      65.03,
      62.2
    ],
    [
      49.2,
      27.46,
      15.81,
      45.18,
      63.16,
      100000.0,
      63.07,
      47.54,
      100000.0,
      60.44,
      84.12,
      17.72,
      22.2,
      61.0,
      60.53,
      100000.0,
      27.2,
      100000.0,
      53.76,
      43.01,
      75.74,
      55.9,
      100000.0,
      48.38,
      27.31,
      84.6,
      57.28,
      22.47,
      47.8,
      100000.0,
      100000.0,
      26.17,
      44.65,
      73.88,
      100000.0,
      34.83,
      42.58,
      100000.0,
      61.62,
      100000.0,
      40.02,
      100000.0,
      100000.0,
      100000.0,
      70.77,
      77.49,
      100000.0,
      100000.0,
      49.0,
      17.72,
      54.71,
      76.56,
      100000.0,
      77.1,
      100000.0,
      65.8,
      60.17,
      63.79,
      59.23,
      20.0,
      18.44,
      30.87,
      33.6,
      26.87,
      31.14,
      52.7,
      58.82,
      96.05,
      92.96,
      33.42,
      33.97,
      18.03,
      19.42,
      78.71,
      82.29,
      23.35,
      21.1,
      60.54,
      62.65,
      37.59,
      38.9,
      28.23,
      27.89,
      100.0,
      94.37,
      88.68,
      89.87
    ],
    [
      17.03,
      53.15,
      63.6,
      42.05,
      17.03,
      100000.0,
      44.01,
      35.9,
      60.44,
      100000.0,
      27.07,
      72.01,
      39.45,
      62.03,
      32.7,
      100000.0,
      84.39,
      100000.0,
      65.31,
      22.2,
      18.44,
      40.72,
      100000.0,
      23.02,
      38.28,
      25.3,
      54.59,
      61.98,
      12.73,
      100000.0,
      100000.0,
      62.61,
      22.02,
      19.0,
      100000.0,
      69.64,
      54.15,
      100000.0,
      3.16,
      100000.0,
      30.08,
      100000.0,
      100000.0,
      100000.0,
      33.02,
      69.08,
      100000.0,
      100000.0,
      48.27,
      46.96,
      55.23,
      24.04,
      100000.0,
      18.97,
      100000.0,
      37.54,
      36.89,
      44.65,
      40.31,
      46.62,
      51.04,
      35.44,
      29.15,
      33.84,
      30.02,
      9.49,
      4.12,
      35.61,
      32.56,
      28.64,
      26.63,
      71.55,
      68.54,
      23.09,
      27.07,
      67.68,
      70.38,
      30.0,
      24.04,
      57.72,
      50.99,
      37.95,
      41.48,
      39.62,
      33.97,
      30.59,
      29.97
    ],
    [
      44.01,
      80.06,
      83.87,
      52.7,
      21.93,
      100000.0,
      44.38,
      62.29,
      84.12,
      27.07,
      100000.0,
      97.5,
      64.85,
      87.32,
      34.93,
      100000.0,
      105.26,
      100000.0,
      91.66,
      49.25,
      28.02,
      65.73,
      100000.0,
      37.54,
      64.76,
      6.71,
      59.14,
      88.53,
      37.64,
      100000.0,
      100000.0,
      79.93,
      49.09,
      31.91,
      100000.0,
      84.81,
      81.02,
      100000.0,
      28.02,
      100000.0,
      46.75,
      100000.0,
      100000.0,
      100000.0,
      52.35,
      66.01,
      100000.0,
      100000.0,
      74.55,
      72.73,
      61.1,
      9.85,
      100000.0,
      26.4,
      100000.0,
      59.62,
      60.73,
      68.01,
      64.56,
      67.2,
      71.22,
      62.17,
      55.54,
      58.87,
      55.66,
      31.95,
      26.68,
      20.02,
      20.22,
      54.82,
      51.87,
      97.14,
      94.56,
      5.66,
      4.0,
      94.11,
      96.46,
      53.45,
      46.49,
      71.03,
      63.82,
      64.54,
      68.25,
      25.08,
      21.1,
      5.0,
      11.0
    ],
    [
      58.01,
      25.06,
      31.62,
      62.65,
      77.62,
      100000.0,
      80.4,
      50.22,
      17.72,
      72.01,
      97.5,
      100000.0,
      32.7,
      55.33,
      77.06,
      100000.0,
      32.28,
      100000.0,
      46.0,
      51.61,
      85.0,
      56.82,
      100000.0,
      63.79,
      34.41,
      97.08,
      75.0,
      14.87,
      60.01,
      100000.0,
      100000.0,
      42.72,
      52.8,
      82.46,
      100000.0,
      50.45,
      38.33,
      100000.0,
      72.56,
      100000.0,
      56.14,
      100000.0,
      100000.0,
      100000.0,
      75.0,
      95.19,
      100000.0,
      100000.0,
      47.17,
      25.06,
      72.42,
      90.8,
      100000.0,
      86.61,
      100000.0,
      68.26,
      62.43,
      63.98,
      60.42,
      37.34,
      36.14,
      37.8,
      43.05,
      38.63,
      42.05,
      65.55,
      71.18,
      107.19,
      103.77,
      43.42,
      45.69,
      1.0,
      6.08,
      92.36,
      96.14,
      11.0,
      6.08,
      64.82,
      68.62,
      55.04,
      56.61,
      35.0,
      32.56,
      110.68,
      105.15,
      101.77,
      101.97
    ],
    [
      27.02,
      20.12,
      31.26,
      38.83,
      45.54,
      100000.0,
      54.23,
      28.02,
      22.2,
      39.45,
      64.85,
      32.7,
      100000.0,
      48.37,
      48.05,
      100000.0,
      48.75,
      100000.0,
      44.6,
      20.81,
      53.74,
      37.12,
      100000.0,
      33.14,
      7.28,
      64.4,
      54.04,
      25.02,
      27.31,
      100000.0,
      100000.0,
      36.5,
      22.47,
      51.74,
      100000.0,
      45.89,
      31.24,
      100000.0,
      40.22,
      100000.0,
      27.51,
      100000.0,
      100000.0,
      100000.0,
      49.34,
      74.4,
      100000.0,
      100000.0,
      33.62,
      8.06,
      52.4,
      58.46,
      100000.0,
      55.17,
      100000.0,
      45.4,
      40.11,
      45.1,
      40.01,
      19.31,
      22.56,
      10.0,
      11.4,
      6.08,
      9.43,
      32.89,
      38.48,
      74.89,
      71.61,
      11.31,
      13.0,
      32.31,
      29.83,
      59.77,
      63.6,
      30.07,
      31.78,
      39.29,
      40.72,
      41.18,
      38.42,
      8.25,
      10.82,
      78.6,
      73.01,
      69.08,
      69.35
    ],
    [
      46.07,
      33.54,
      75.69,
      85.04,
      77.37,
      100000.0,
      97.19,
      26.93,
      61.0,
      62.03,
      87.32,
      55.33,
      48.37,
      100000.0,
      88.01,
      100000.0,
      86.05,
      100000.0,
      10.82,
      43.83,
      62.13,
      21.59,
      100000.0,
      72.62,
      41.34,
      83.19,
      100.66,
      41.01,
      57.98,
      100000.0,
      100000.0,
      83.57,
      42.72,
      58.08,
      100000.0,
      93.05,
      18.44,
      100000.0,
      60.08,
      100000.0,
      71.42,
      100000.0,
      100000.0,
      100000.0,
      39.32,
      120.22,
      100000.0,
      100000.0,
      15.56,
      45.88,
      99.49,
      86.03,
      100000.0,
      64.12,
      100000.0,
      30.15,
      27.07,
      21.21,
      23.09,
      67.54,
      70.26,
      40.0,
      45.28,
      50.8,
      48.92,
      63.13,
      64.47,
      86.0,
      82.0,
      46.69,
      51.62,
      54.33,
      49.25,
      84.48,
      88.32,
      44.41,
      49.5,
      34.23,
      41.3,
      89.55,
      86.53,
      40.5,
      37.59,
      87.14,
      83.01,
      89.44,
      85.48
    ],
    [
      43.14,
      67.72,
      55.15,
      19.21,
      17.12,
      100000.0,
      11.4,
      61.22,
      60.53,
      32.7,
      34.93,
      77.06,
      48.05,
      88.01,
      100000.0,
      100000.0,
      76.03,
      100000.0,
      88.19,
      44.2,
      48.84,
      68.62,
      100000.0,
      15.65,
      51.87,
      39.56,
      24.52,
      72.84,
      30.41,
      100000.0,
      100000.0,
      48.55,
      45.45,
      50.7,
      100000.0,
      51.66,
      75.13,
      100000.0,
      35.85,
      100000.0,
      21.02,
      100000.0,
      100000.0,
      100000.0,
      65.37,
      36.4,
      100000.0,
      100000.0,
      72.67,
      55.73,
      26.25,
      25.08,
      100000.0,
      48.51,
      100000.0,
      68.6,
      66.6,
      74.33,
      69.31,
      40.79,
      43.68,
      51.08,
      44.28,
      42.45,
      41.79,
      26.4,
      28.64,
      54.12,
      53.15,
      42.95,
      38.08,
      77.03,
      76.06,
      29.73,
      31.3,
      77.41,
      78.06,
      60.61,
      55.76,
      37.48,
      30.48,
      52.2,
      56.3,
      59.2,
      54.34,
      39.81,
      45.22
    ],
    [
      100000.0,
      100000.0,
      100000.0,
      100000.0,
      100000.0,
      100000.0,
      100000.0,
      100000.0,
      100000.0,
      100000.0,
      100000.0,
      100000.0,
      100000.0,
      100000.0,
      100000.0,
      100000.0,
      100000.0,
      100000.0,
      100000.0,
      100000.0,
      100000.0,
      100000.0,
      100000.0,
      100000.0,
      100000.0,
      100000.0,
      100000.0,
      100000.0,
      100000.0,
      100000.0,
      100000.0,
      100000.0,
      100000.0,
      100000.0,
      100000.0,
      100000.0,
      100000.0,
      100000.0,
      100000.0,
      100000.0,
      100000.0,
      100000.0,
      100000.0,
      100000.0,
      100000.0,
      100000.0,
      100000.0,
      100000.0,
      100000.0,
      100000.0,
      100000.0,
      100000.0,
      100000.0,
      100000.0,
      100000.0,
      100000.0,
      100000.0,
      100000.0,
      100000.0,
      100000.0,
      100000.0,
      100000.0,
      100000.0,
      100000.0,
      100000.0,
      100000.0,
      100000.0,
      100000.0,
      100000.0,
      100000.0,
      100000.0,
      100000.0,
      100000.0,
      100000.0,
      100000.0,
      100000.0,
      100000.0,
      100000.0,
      100000.0,
      100000.0,
      100000.0,
      100000.0,
      100000.0,
      100000.0,
      100000.0,
      100000.0,
      100000.0
    ],
    [
      75.29,
      53.08,
      21.4,
      57.38,
      83.41,
      100000.0,
      74.63,
      74.73,
      27.2,
      84.39,
      105.26,
      32.28,
      48.75,
      86.05,
      76.03,
      100000.0,
      100000.0,
      100000.0,
      77.52,
      69.35,
      101.02,
      82.98,
      100000.0,
      67.8,
      54.42,
      106.89,
      63.79,
      45.18,
      71.7,
      100000.0,
      100000.0,
      28.16,
      71.12,
      99.57,
      100000.0,
      30.02,
      68.01,
      100000.0,
      86.05,
      100000.0,
      58.6,
      100000.0,
      100000.0,
      100000.0,
      97.86,
      81.0,
      100000.0,
      100000.0,
      75.43,
      44.92,
      60.67,
      96.61,
      100000.0,
      102.2,
      100000.0,
      93.01,
      87.36,
      90.8,
      86.35,
      38.21,
      34.06,
      57.94,
      59.94,
      52.48,
      56.94,
      75.69,
      82.07,
      119.52,
      116.78,
      59.54,
      59.08,
      33.24,
      37.85,
      99.64,
      102.8,
      42.95,
      38.33,
      87.66,
      89.47,
      41.77,
      47.13,
      55.36,
      55.08,
      123.84,
      118.19,
      110.11,
      112.49
    ],
    [
      100000.0,
      100000.0,
      100000.0,
      100000.0,
      100000.0,
      100000.0,
      100000.0,
      100000.0,
      100000.0,
      100000.0,
      100000.0,
      100000.0,
      100000.0,
      100000.0,
      100000.0,
      100000.0,
      100000.0,
      100000.0,
      100000.0,
      100000.0,
      100000.0,
      100000.0,
      100000.0,
      100000.0,
      100000.0,
      100000.0,
      100000.0,
      100000.0,
      100000.0,
      100000.0,
      100000.0,
      100000.0,
      100000.0,
      100000.0,
      100000.0,
      100000.0,
      100000.0,
      100000.0,
      100000.0,
      100000.0,
      100000.0,
      100000.0,
      100000.0,
      100000.0,
      100000.0,
      100000.0,
      100000.0,
      100000.0,
      100000.0,
      100000.0,
      100000.0,
      100000.0,
      100000.0,
      100000.0,
      100000.0,
      100000.0,
      100000.0,
      100000.0,
      100000.0,
      100000.0,
      100000.0,
      100000.0,
      100000.0,
      100000.0,
      100000.0,
      100000.0,
      100000.0,
      100000.0,
      100000.0,
      100000.0,
      100000.0,
      100000.0,
      100000.0,
      100000.0,
      100000.0,
      100000.0,
      100000.0,
      100000.0,
      100000.0,
      100000.0,
      100000.0,
      100000.0,
      100000.0,
      100000.0,
      100000.0,
      100000.0,
      100000.0
    ],
    [
      48.51,
      26.83,
      69.08,
      82.88,
      79.38,
      100000.0,
      96.52,
      29.43,
      53.76,
      65.31,
      91.66,
      46.0,
      44.6,
      10.82,
      88.19,
      100000.0,
      77.52,
      100000.0,
      100000.0,
      44.94,
      68.18,
      27.29,
      100000.0,
      72.56,
      38.21,
      88.14,
      98.35,
      32.39,
      59.24,
      100000.0,
      100000.0,
      77.83,
      44.27,
      64.28,
      100000.0,
      87.21,
      13.45,
      100000.0,
      63.79,
      100000.0,
      70.0,
      100000.0,
      100000.0,
      100000.0,
      47.13,
      118.44,
      100000.0,
      100000.0,
      17.12,
      40.5,
      96.88,
      89.27,
      100000.0,
      70.18,
      100000.0,
      37.95,
      33.73,
      29.55,
      29.83,
      63.01,
      65.19,
      37.8,
      44.1,
      48.17,
      47.2,
      64.85,
      67.19,
      92.44,
      88.46,
      45.49,
      50.48,
      45.0,
      40.01,
      88.28,
      92.23,
      35.0,
      40.01,
      40.31,
      47.17,
      85.21,
      82.98,
      37.54,
      33.94,
      94.05,
      89.56,
      94.26,
      91.0
    ],
    [
      6.4,
      31.05,
      50.6,
      43.83,
      34.48,
      100000.0,
      53.74,
      17.03,
      43.01,
      22.2,
      49.25,
      51.61,
      20.81,
      43.83,
      44.2,
      100000.0,
      69.35,
      100000.0,
      44.94,
      100000.0,
      33.42,
      25.0,
      100000.0,
      29.0,
      17.2,
      47.3,
      59.17,
      40.31,
      14.32,
      100000.0,
      100000.0,
      53.34,
      2.0,
      31.11,
      100000.0,
      62.07,
      32.76,
      100000.0,
      21.84,
      100000.0,
      29.53,
      100000.0,
      100000.0,
      100000.0,
      30.15,
      77.62,
      100000.0,
      100000.0,
      28.65,
      26.91,
      58.59,
      45.18,
      100000.0,
      35.0,
      100000.0,
      28.64,
      24.7,
      31.76,
      26.42,
      35.36,
      39.62,
      13.89,
      9.43,
      17.09,
      12.65,
      19.92,
      23.02,
      55.9,
      52.35,
      9.85,
      12.0,
      51.04,
      47.51,
      45.01,
      49.01,
      46.1,
      49.24,
      21.1,
      20.62,
      53.6,
      48.51,
      16.64,
      19.7,
      59.17,
      53.71,
      52.77,
      51.55
    ],
    [
      27.02,
      63.06,
      80.78,
      60.3,
      31.78,
      100000.0,
      60.21,
      40.26,
      75.74,
      18.44,
      28.02,
      85.0,
      53.74,
      62.13,
      48.84,
      100000.0,
      101.02,
      100000.0,
      68.18,
      33.42,
      100000.0,
      41.01,
      100000.0,
      41.3,
      50.61,
      22.36,
      72.11,
      73.06,
      29.97,
      100000.0,
      100000.0,
      80.62,
      32.2,
      4.12,
      100000.0,
      87.92,
      59.67,
      100000.0,
      15.81,
      100000.0,
      48.51,
      100000.0,
      100000.0,
      100000.0,
      24.7,
      84.9,
      100000.0,
      100000.0,
      51.48,
      60.31,
      73.01,
      31.4,
      100000.0,
      2.0,
      100000.0,
      32.76,
      35.06,
      41.59,
      39.05,
      64.01,
      68.48,
      47.2,
      42.45,
      48.92,
      44.6,
      27.89,
      22.2,
      24.33,
      20.4,
      42.43,
      42.01,
      84.4,
      80.71,
      27.59,
      30.48,
      78.89,
      82.38,
      28.0,
      21.02,
      76.16,
      69.43,
      50.0,
      52.7,
      26.57,
      21.59,
      28.64,
      23.54
    ],
    [
      25.61,
      31.76,
      68.01,
      68.6,
      56.6,
      100000.0,
      78.57,
      9.22,
      55.9,
      40.72,
      65.73,
      56.82,
      37.12,
      21.59,
      68.62,
      100000.0,
      82.98,
      100000.0,
      27.29,
      25.0,
      41.01,
      100000.0,
      100000.0,
      53.81,
      30.02,
      61.66,
      84.06,
      42.19,
      38.21,
      100000.0,
      100000.0,
      73.55,
      23.43,
      37.05,
      100000.0,
      82.87,
      21.4,
      100000.0,
      38.63,
      100000.0,
      54.38,
      100000.0,
      100000.0,
      100000.0,
      20.59,
      102.62,
      100000.0,
      100000.0,
      11.66,
      38.33,
      83.35,
      64.62,
      100000.0,
      43.01,
      100000.0,
      12.04,
      6.71,
      8.0,
      3.61,
      55.9,
      59.54,
      27.17,
      29.73,
      37.11,
      33.84,
      42.8,
      43.42,
      65.19,
      61.2,
      31.02,
      35.34,
      55.95,
      51.11,
      62.94,
      66.76,
      47.43,
      52.15,
      13.04,
      20.0,
      76.54,
      72.24,
      29.02,
      28.16,
      66.75,
      62.29,
      67.9,
      64.12
    ],
    [
      100000.0,
      100000.0,
      100000.0,
      100000.0,
      100000.0,
      100000.0,
      100000.0,
      100000.0,
      100000.0,
      100000.0,
      100000.0,
      100000.0,
      100000.0,
      100000.0,
      100000.0,
      100000.0,
      100000.0,
      100000.0,
      100000.0,
      100000.0,
      100000.0,
      100000.0,
      100000.0,
      100000.0,
      100000.0,
      100000.0,
      100000.0,
      100000.0,
      100000.0,
      100000.0,
      100000.0,
      100000.0,
      100000.0,
      100000.0,
      100000.0,
      100000.0,
      100000.0,
      100000.0,
      100000.0,
      100000.0,
      100000.0,
      100000.0,
      100000.0,
      100000.0,
      100000.0,
      100000.0,
      100000.0,
      100000.0,
      100000.0,
      100000.0,
      100000.0,
      100000.0,
      100000.0,
      100000.0,
      100000.0,
      100000.0,
      100000.0,
      100000.0,
      100000.0,
      100000.0,
      100000.0,
      100000.0,
      100000.0,
      100000.0,
      100000.0,
      100000.0,
      100000.0,
      100000.0,
      100000.0,
      100000.0,
      100000.0,
      100000.0,
      100000.0,
      100000.0,
      100000.0,
      100000.0,
      100000.0,
      100000.0,
      100000.0,
      100000.0,
      100000.0,
      100000.0,
      100000.0,
      100000.0,
      100000.0,
      100000.0,
      100000.0
    ],
    [
      28.84,
      52.39,
      46.4,
      19.03,
      15.62,
      100000.0,
      24.76,
      46.01,
      48.38,
      23.02,
      37.54,
      63.79,
      33.14,
      72.62,
      15.65,
      100000.0,
      67.8,
      100000.0,
      72.56,
      29.0,
      41.3,
      53.81,
      100000.0,
      100000.0,
      36.4,
      39.82,
      32.28,
      58.14,
      16.12,
      100000.0,
      100000.0,
      42.64,
      30.41,
      42.01,
      100000.0,
      48.37,
      59.48,
      100000.0,
      26.0,
      100000.0,
      9.22,
      100000.0,
      100000.0,
      100000.0,
      53.14,
      49.09,
      100000.0,
      100000.0,
      57.2,
      41.05,
      32.56,
      28.84,
      100000.0,
      41.59,
      100000.0,
      55.07,
      52.43,
      60.0,
      54.82,
      30.02,
      33.84,
      35.47,
      28.64,
      27.29,
      26.25,
      14.14,
      19.1,
      53.54,
      51.48,
      27.31,
      22.47,
      63.64,
      62.13,
      31.89,
      35.0,
      63.01,
      64.12,
      47.01,
      43.08,
      35.47,
      28.46,
      36.69,
      40.8,
      58.31,
      52.84,
      42.45,
      45.61
    ],
    [
      23.6,
      16.12,
      38.05,
      44.69,
      47.0,
      100000.0,
      59.06,
      21.02,
      27.31,
      38.28,
      64.76,
      34.41,
      7.28,
      41.34,
      51.87,
      100000.0,
      54.42,
      100000.0,
      38.21,
      17.2,
      50.61,
      30.02,
      100000.0,
      36.4,
      100000.0,
      63.57,
      60.14,
      23.77,
      27.29,
      100000.0,
      100000.0,
      43.74,
      18.44,
      48.17,
      100000.0,
      53.15,
      24.76,
      100000.0,
      38.48,
      100000.0,
      32.25,
      100000.0,
      100000.0,
      100000.0,
      43.46,
      80.28,
      100000.0,
      100000.0,
      26.4,
      10.0,
      58.69,
      59.3,
      100000.0,
      52.2,
      100000.0,
      38.83,
      33.38,
      38.01,
      33.02,
      26.57,
      29.83,
      3.61,
      9.22,
      10.0,
      10.2,
      33.24,
      38.08,
      72.95,
      69.46,
      10.05,
      14.14,
      33.84,
      30.41,
      60.02,
      63.95,
      29.41,
      32.2,
      33.24,
      35.51,
      48.3,
      45.22,
      1.0,
      4.47,
      76.32,
      70.83,
      68.68,
      68.15
    ],
    [
      41.59,
      78.34,
      85.59,
      56.36,
      24.7,
      100000.0,
      49.65,
      59.0,
      84.6,
      25.3,
      6.71,
      97.08,
      64.4,
      83.19,
      39.56,
      100000.0,
      106.89,
      100000.0,
      88.14,
      47.3,
      22.36,
      61.66,
      100000.0,
      39.82,
      63.57,
      100000.0,
      64.03,
      87.28,
      37.12,
      100000.0,
      100000.0,
      82.46,
      46.87,
      26.4,
      100000.0,
      87.92,
      78.1,
      100000.0,
      25.5,
      100000.0,
      48.92,
      100000.0,
      100000.0,
      100000.0,
      47.01,
      72.03,
      100000.0,
      100000.0,
      71.06,
      72.09,
      65.8,
      15.03,
      100000.0,
      20.59,
      100000.0,
      54.71,
      56.29,
      63.32,
      60.21,
      68.68,
      72.86,
      60.73,
      54.42,
      58.59,
      55.04,
      31.91,
      25.94,
      14.56,
      14.0,
      53.85,
      51.43,
      96.66,
      93.78,
      10.05,
      10.44,
      92.97,
      95.63,
      49.03,
      41.98,
      74.43,
      67.23,
      63.25,
      66.76,
      19.65,
      15.03,
      6.32,
      5.83
    ],
    [
      60.42,
      73.82,
      46.1,
      15.62,
      41.11,
      100000.0,
      15.26,
      75.45,
      57.28,
      54.59,
      59.14,
      75.0,
      54.04,
      100.66,
      24.52,
      100000.0,
      63.79,
      100000.0,
      98.35,
      59.17,
      72.11,
      84.06,
      100000.0,
      32.28,
      60.14,
      64.03,
      100000.0,
      75.59,
      48.1,
      100000.0,
      100000.0,
      36.06,
      60.9,
      73.44,
      100000.0,
      34.79,
      84.9,
      100000.0,
      57.71,
      100000.0,
      29.68,
      100000.0,
      100000.0,
      100000.0,
      85.38,
      20.59,
      100000.0,
      100000.0,
      85.15,
      59.91,
      3.16,
      49.34,
      100000.0,
      72.03,
      100000.0,
      86.82,
      83.65,
      90.92,
      85.59,
      38.48,
      38.9,
      60.83,
      55.44,
      50.21,
      51.74,
      46.32,
      50.49,
      78.59,
      77.67,
      54.04,
      49.2,
      75.29,
      75.96,
      54.12,
      55.36,
      78.79,
      77.83,
      78.79,
      75.27,
      22.09,
      18.44,
      60.83,
      64.44,
      83.68,
      78.85,
      63.91,
      69.64
    ],
    [
      46.52,
      10.63,
      38.28,
      61.47,
      70.26,
      100000.0,
      78.16,
      36.12,
      22.47,
      61.98,
      88.53,
      14.87,
      25.02,
      41.01,
      72.84,
      100000.0,
      45.18,
      100000.0,
      32.39,
      40.31,
      73.06,
      42.19,
      100000.0,
      58.14,
      23.77,
      87.28,
      75.59,
      100000.0,
      50.99,
      100000.0,
      100000.0,
      48.27,
      41.15,
      70.18,
      100000.0,
      57.2,
      23.54,
      100000.0,
      62.03,
      100000.0,
      51.97,
      100000.0,
      100000.0,
      100000.0,
      60.96,
      96.18,
      100000.0,
      100000.0,
      32.31,
      17.12,
      73.43,
      82.87,
      100000.0,
      74.79,
      100000.0,
      53.82,
      48.01,
      49.19,
      45.79,
      37.22,
      37.8,
      26.57,
      32.98,
      31.0,
      33.24,
      56.89,
      61.85,
      96.18,
      92.57,
      33.73,
      37.22,
      13.93,
      8.94,
      83.74,
      87.66,
      5.83,
      10.0,
      50.93,
      55.32,
