{
  "name": "M-d5-n6-k1-p2",
  "V_coordinates": [
    [
      73,
      50
    ],
    [
      61,
      85
    ],
    [
      21,
      71
    ],
    [
      30,
      35
    ],
    [
      59,
      22
    ],
    [
      31,
      17
    ],
    [
      34,
      80
    ],
    [
      72,
      33
    ],
    [
      74,
      6
    ],
    [
      39,
      97
    ],
    [
      42,
      20
    ],
    [
      62,
      65
    ],
    [
      8,
      88
    ],
    [
      85,
      97
    ],
    [
      88,
      53
    ],
    [
      49,
      34
    ],
    [
      59,
      69
    ],
    [
      53,
      92
    ],
    [
      63,
      42
    ],
    [
      96,
      69
    ],
    [
      91,
      33
    ],
    [
      47,
      97
    ],
    [
      7,
      58
    ],
    [
      76,
      87
    ],
    [
      54,
      60
    ],
    [
      75,
      34
    ],
    [
      67,
      8
    ],
    [
      94,
      62
    ],
    [
      61,
      68
    ],
    [
      8,
      7
    ],
    [
      32,
      59
    ],
    [
      18,
      45
    ],
    [
      17,
      28
    ],
    [
      82,
      5
    ],
    [
      97,
      8
    ],
    [
      15,
      48
    ],
    [
      19,
      41
    ],
    [
      97,
      5
    ],
    [
      95,
      12
    ],
    [
      65,
      7
    ],
    [
      65,
      12
    ],
    [
      58,
      64
    ],
    [
      60,
      68
    ],
    [
      91,
      55
    ],
    [
      91,
      49
    ],
    [
      72,
      88
    ],
    [
      76,
      89
    ],
    [
      83,
      3
    ],
    [
      82,
      7
    ],
    [
      91,
      38
    ],
    [
      89,
      30
    ],
    [
      48,
      95
    ],
    [
      52,
      96
    ],
    [
      30,
      82
    ],
    [
      34,
      83
    ]
  ],
  "V": [
    0,
    1,
    2,
    3,
    4,
    5,
    6,
    7,
    8,
    9,
    10,
    11,
    12,
    13,
    14,
    15,
    16,
    17,
    18,
    19,
    20,
    21,
    22,
    23,
    24,
    25,
    26,
    27,
    28,
    29,
    30,
    31,
    32,
    33,
    34,
    35,
    36,
    37,
    38,
    39,
    40,
    41,
    42,
    43,
    44,
    45,
    46,
    47,
    48,
    49,
    50,
    51,
    52,
    53,
    54
  ],
  "VD": [
    0,
    1,
    2,
    3,
    4
  ],
  "VC": [
    5,
    6,
    7,
    8,
    9,
    10,
    11,
    12,
    13,
    14,
    15,
    16,
    17,
    18,
    19,
    20,
    21,
    22,
    23,
    24,
    25,
    26,
    27,
    28,
    29,
    30,
    31,
    32,
    33,
    34
  ],
  "VP": [
    35,
    36,
    37,
    38,
    39,
    40,
    41,
    42,
    43,
    44,
    45,
    46,
    47,
    48,
    49,
    50,
    51,
    52,
    53,
    54
  ],
  "VC1": [
    5,
    7,
    8,
    9,
    10,
    12,
    13,
    15,
    16,
    17,
    18,
    19,
    22,
    24,
    25,
    27,
    28,
    29,
    30,
    32
  ],
  "VC2": [
    31,
    34,
    26,
    11,
    14,
    23,
    33,
    20,
    21,
    6
  ],
  "demand": [
    0,
    0,
    0,
    0,
    0,
    11,
    15,
    24,
    26,
    23,
    27,
    17,
    30,
    26,
    24,
    17,
    26,
    30,
    10,
    22,
    28,
    20,
    30,
    23,
    11,
    19,
    14,
    16,
    11,
    19,
    12,
    12,
    19,
    19,
    15,
    0,
    0,
    0,
    0,
    0,
    0,
    0,
    0,
    0,
    0,
    0,
    0,
    0,
    0,
    0,
    0,
    0,
    0,
    0,
    0
  ],
  "service_time": [
    0,
    0,
    0,
    0,
    0,
    16,
    19,
    14,
    12,
    10,
    18,
    10,
    19,
    13,
    19,
    17,
    12,
    19,
    18,
    10,
    16,
    13,
    15,
    11,
    13,
    19,
    20,
    16,
    19,
    13,
    17,
    11,
    20,
    16,
    14,
    0,
    0,
    0,
    0,
    0,
    0,
    0,
    0,
    0,
    0,
    0,
    0,
    0,
    0,
    0,
    0,
    0,
    0,
    0,
    0
  ],
  "K": [
    0,
    1,
    2,
    3,
    4
  ],
  "veh_dist_matrix": [
    [
      100000.0,
      37.0,
      56.08,
      45.54,
      31.3,
      53.41,
      100000.0,
      17.03,
      44.01,
      58.01,
      43.14,
      100000.0,
      75.29,
      48.51,
      100000.0,
      28.84,
      23.6,
      46.52,
      12.81,
      29.83,
      100000.0,
      100000.0,
      66.48,
      100000.0,
      21.47,
      16.12,
      100000.0,
      24.19,
      21.63,
      77.94,
      41.98,
      100000.0,
      60.17,
      100000.0,
      100000.0,
      58.03,
      54.74,
      51.0,
      43.91,
      43.74,
      38.83,
      20.52,
      22.2,
      18.68,
      18.03,
      38.01,
      39.12,
      48.05,
      43.93,
      21.63,
      25.61,
      51.48,
      50.57,
      53.6,
      51.09
    ],
    [
      37.0,
      100000.0,
      42.38,
      58.83,
      63.03,
      74.32,
      100000.0,
      53.15,
      80.06,
      25.06,
      67.72,
      100000.0,
      53.08,
      26.83,
      100000.0,
      52.39,
      16.12,
      10.63,
      43.05,
      38.48,
      100000.0,
      100000.0,
      60.37,
      100000.0,
      25.96,
      52.89,
      100000.0,
      40.22,
      17.0,
      94.3,
      38.95,
      100000.0,
      72.01,
      100000.0,
      100000.0,
      59.03,
      60.83,
      87.73,
      80.53,
      78.1,
      73.11,
      21.21,
      17.03,
      42.43,
      46.86,
      11.4,
      15.52,
      84.9,
      80.78,
      55.76,
      61.72,
      16.4,
      14.21,
      31.14,
      27.07
    ],
    [
      56.08,
      42.38,
      100000.0,
      37.11,
      62.01,
      54.92,
      100000.0,
      63.6,
      83.87,
      31.62,
      55.15,
      100000.0,
      21.4,
      69.08,
      100000.0,
      46.4,
      38.05,
      38.28,
      51.04,
      75.03,
      100000.0,
      100000.0,
      19.1,
      100000.0,
      34.79,
      65.46,
      100000.0,
      73.55,
      40.11,
      65.31,
      16.28,
      100000.0,
      43.19,
      100000.0,
      100000.0,
      23.77,
      30.07,
      100.66,
      94.64,
      77.67,
      73.6,
      37.66,
      39.12,
      71.81,
      73.38,
      53.76,
      57.87,
      92.02,
      88.41,
      77.39,
      79.4,
      36.12,
      39.82,
      14.21,
      17.69
    ],
    [
      45.54,
      58.83,
      37.11,
      100000.0,
      31.78,
      18.03,
      100000.0,
      42.05,
      52.7,
      62.65,
      19.21,
      100000.0,
      57.38,
      82.88,
      100000.0,
      19.03,
      44.69,
      61.47,
      33.73,
      74.24,
      100000.0,
      100000.0,
      32.53,
      100000.0,
      34.66,
      45.01,
      100000.0,
      69.46,
      45.28,
      35.61,
      24.08,
      100000.0,
      14.76,
      100000.0,
      100000.0,
      19.85,
      12.53,
      73.41,
      68.95,
      44.82,
      41.88,
      40.31,
      44.6,
      64.2,
      62.59,
      67.62,
      70.94,
      61.91,
      59.06,
      61.07,
      59.21,
      62.64,
      64.85,
      47.0,
      48.17
    ],
    [
      31.3,
      63.03,
      62.01,
      31.78,
      100000.0,
      28.44,
      100000.0,
      17.03,
      21.93,
      77.62,
      17.12,
      100000.0,
      83.41,
      79.38,
      100000.0,
      15.62,
      47.0,
      70.26,
      20.4,
      59.82,
      100000.0,
      100000.0,
      63.25,
      100000.0,
      38.33,
      20.0,
      100000.0,
      53.15,
      46.04,
      53.16,
      45.8,
      100000.0,
      42.43,
      100000.0,
      100000.0,
      51.11,
      44.28,
      41.63,
      37.36,
      16.16,
      11.66,
      42.01,
      46.01,
      45.97,
      41.87,
      67.27,
      69.12,
      30.61,
      27.46,
      35.78,
      31.05,
      73.82,
      74.33,
      66.64,
      65.92
    ],
    [
      53.41,
      74.32,
      54.92,
      18.03,
      28.44,
      100000.0,
      100000.0,
      44.01,
      44.38,
      80.4,
      11.4,
      100000.0,
      74.63,
      96.52,
      100000.0,
      24.76,
      59.06,
      78.16,
      40.61,
      83.24,
      100000.0,
      100000.0,
      47.51,
      100000.0,
      48.76,
      47.17,
      100000.0,
      77.42,
      59.17,
      25.08,
      42.01,
      100000.0,
      17.8,
      100000.0,
      100000.0,
      34.89,
      26.83,
      67.08,
      64.2,
      35.44,
      34.37,
      54.2,
      58.67,
      71.02,
      68.0,
      81.99,
      84.91,
      53.85,
      51.97,
      63.57,
      59.44,
      79.83,
      81.74,
      65.01,
      66.07
    ],
    [
      100000.0,
      100000.0,
      100000.0,
      100000.0,
      100000.0,
      100000.0,
      100000.0,
      100000.0,
      100000.0,
      100000.0,
      100000.0,
      100000.0,
      100000.0,
      100000.0,
      100000.0,
      100000.0,
      100000.0,
      100000.0,
      100000.0,
      100000.0,
      100000.0,
      100000.0,
      100000.0,
      100000.0,
      100000.0,
      100000.0,
      100000.0,
      100000.0,
      100000.0,
      100000.0,
      100000.0,
      100000.0,
      100000.0,
      100000.0,
      100000.0,
      100000.0,
      100000.0,
      100000.0,
      100000.0,
      100000.0,
      100000.0,
      100000.0,
      100000.0,
      100000.0,
      100000.0,
      100000.0,
      100000.0,
      100000.0,
      100000.0,
      100000.0,
      100000.0,
      100000.0,
      100000.0,
      100000.0,
      100000.0
    ],
    [
      17.03,
      53.15,
      63.6,
      42.05,
      17.03,
      44.01,
      100000.0,
      100000.0,
      27.07,
      72.01,
      32.7,
      100000.0,
      84.39,
      65.31,
      100000.0,
      23.02,
      38.28,
      61.98,
      12.73,
      43.27,
      100000.0,
      100000.0,
      69.64,
      100000.0,
      32.45,
      3.16,
      100000.0,
      36.4,
      36.69,
      69.08,
      47.71,
      100000.0,
      55.23,
      100000.0,
      100000.0,
      58.94,
      53.6,
      37.54,
      31.14,
      26.93,
      22.14,
      34.01,
      37.0,
      29.07,
      24.84,
      55.0,
      56.14,
      31.95,
      27.86,
      19.65,
      17.26,
      66.48,
      66.1,
      64.54,
      62.8
    ],
    [
      44.01,
      80.06,
      83.87,
      52.7,
      21.93,
      44.38,
      100000.0,
      27.07,
      100000.0,
      97.5,
      34.93,
      100000.0,
      105.26,
      91.66,
      100000.0,
      37.54,
      64.76,
      88.53,
      37.64,
      66.73,
      100000.0,
      100000.0,
      84.81,
      100000.0,
      57.58,
      28.02,
      100000.0,
      59.46,
      63.35,
      66.01,
      67.62,
      100000.0,
      61.1,
      100000.0,
      100000.0,
      72.42,
      65.19,
      23.02,
      21.84,
      9.06,
      10.82,
      60.17,
      63.56,
      51.87,
      46.24,
      82.02,
      83.02,
      9.49,
      8.06,
      36.24,
      28.3,
      92.72,
      92.65,
      87.82,
      86.77
    ],
    [
      58.01,
      25.06,
      31.62,
      62.65,
      77.62,
      80.4,
      100000.0,
      72.01,
      97.5,
      100000.0,
      77.06,
      100000.0,
      32.28,
      46.0,
      100000.0,
      63.79,
      34.41,
      14.87,
      60.01,
      63.51,
      100000.0,
      100000.0,
      50.45,
      100000.0,
      39.92,
      72.56,
      100000.0,
      65.19,
      36.4,
      95.19,
      38.64,
      100000.0,
      72.42,
      100000.0,
      100000.0,
      54.56,
      59.46,
      108.76,
      101.79,
      93.68,
      88.89,
      38.08,
      35.81,
      66.84,
      70.77,
      34.21,
      37.85,
      103.79,
      99.74,
      78.64,
      83.6,
      9.22,
      13.04,
      17.49,
      14.87
    ],
    [
      43.14,
      67.72,
      55.15,
      19.21,
      17.12,
      11.4,
      100000.0,
      32.7,
      34.93,
      77.06,
      100000.0,
      100000.0,
      76.03,
      88.19,
      100000.0,
      15.65,
      51.87,
      72.84,
      30.41,
      72.92,
      100000.0,
      100000.0,
      51.66,
      100000.0,
      41.76,
      35.85,
      100000.0,
      66.84,
      51.62,
      36.4,
      40.26,
      100000.0,
      26.25,
      100000.0,
      100000.0,
      38.9,
      31.14,
      57.01,
      53.6,
      26.42,
      24.35,
      46.82,
      51.26,
      60.22,
      56.94,
      74.32,
      76.92,
      44.38,
      42.06,
      52.2,
      48.05,
      75.24,
      76.66,
      63.15,
      63.51
    ],
    [
      100000.0,
      100000.0,
      100000.0,
      100000.0,
      100000.0,
      100000.0,
      100000.0,
      100000.0,
      100000.0,
      100000.0,
      100000.0,
      100000.0,
      100000.0,
      100000.0,
      100000.0,
      100000.0,
      100000.0,
      100000.0,
      100000.0,
      100000.0,
      100000.0,
      100000.0,
      100000.0,
      100000.0,
      100000.0,
      100000.0,
      100000.0,
      100000.0,
      100000.0,
      100000.0,
      100000.0,
      100000.0,
      100000.0,
      100000.0,
      100000.0,
      100000.0,
      100000.0,
      100000.0,
      100000.0,
      100000.0,
      100000.0,
      100000.0,
      100000.0,
      100000.0,
      100000.0,
      100000.0,
      100000.0,
      100000.0,
      100000.0,
      100000.0,
      100000.0,
      100000.0,
      100000.0,
      100000.0,
      100000.0
    ],
    [
      75.29,
      53.08,
      21.4,
      57.38,
      83.41,
      74.63,
      100000.0,
      84.39,
      105.26,
      32.28,
      76.03,
      100000.0,
      100000.0,
      77.52,
      100000.0,
      67.8,
      54.42,
      45.18,
      71.7,
      90.03,
      100000.0,
      100000.0,
      30.02,
      100000.0,
      53.85,
      86.05,
      100000.0,
      89.84,
      56.65,
      81.0,
      37.64,
      100000.0,
      60.67,
      100000.0,
      100000.0,
      40.61,
      48.27,
      121.7,
      115.52,
      99.05,
      95.0,
      55.46,
      55.71,
      89.32,
      91.71,
      64.0,
      68.01,
      113.36,
      109.71,
      96.9,
      99.62,
      40.61,
      44.72,
      22.8,
      26.48
    ],
    [
      48.51,
      26.83,
      69.08,
      82.88,
      79.38,
      96.52,
      100000.0,
      65.31,
      91.66,
      46.0,
      88.19,
      100000.0,
      77.52,
      100000.0,
      100000.0,
      72.56,
      38.21,
      32.39,
      59.24,
      30.08,
      100000.0,
      100000.0,
      87.21,
      100000.0,
      48.27,
      63.79,
      100000.0,
      36.14,
      37.64,
      118.44,
      65.22,
      100000.0,
      96.88,
      100000.0,
      100000.0,
      85.45,
      86.56,
      92.78,
      85.59,
      92.2,
      87.32,
      42.64,
      38.29,
      42.43,
      48.37,
      15.81,
      12.04,
      94.02,
      90.05,
      59.3,
      67.12,
      37.05,
      33.02,
      57.01,
      52.89
    ],
    [
      100000.0,
      100000.0,
      100000.0,
      100000.0,
      100000.0,
      100000.0,
      100000.0,
      100000.0,
      100000.0,
      100000.0,
      100000.0,
      100000.0,
      100000.0,
      100000.0,
      100000.0,
      100000.0,
      100000.0,
      100000.0,
      100000.0,
      100000.0,
      100000.0,
      100000.0,
      100000.0,
      100000.0,
      100000.0,
      100000.0,
      100000.0,
      100000.0,
      100000.0,
      100000.0,
      100000.0,
      100000.0,
      100000.0,
      100000.0,
      100000.0,
      100000.0,
      100000.0,
      100000.0,
      100000.0,
      100000.0,
      100000.0,
      100000.0,
      100000.0,
      100000.0,
      100000.0,
      100000.0,
      100000.0,
      100000.0,
      100000.0,
      100000.0,
      100000.0,
      100000.0,
      100000.0,
      100000.0,
      100000.0
    ],
    [
      28.84,
      52.39,
      46.4,
      19.03,
      15.62,
      24.76,
      100000.0,
      23.02,
      37.54,
      63.79,
      15.65,
      100000.0,
      67.8,
      72.56,
      100000.0,
      100000.0,
      36.4,
      58.14,
      16.12,
      58.6,
      100000.0,
      100000.0,
      48.37,
      100000.0,
      26.48,
      26.0,
      100000.0,
      53.0,
      36.06,
      49.09,
      30.23,
      100000.0,
      32.56,
      100000.0,
      100000.0,
      36.77,
      30.81,
      56.08,
      50.99,
      31.38,
      27.2,
      31.32,
      35.74,
      46.96,
      44.6,
      58.69,
      61.27,
      46.01,
      42.64,
      42.19,
      40.2,
      61.01,
      62.07,
      51.62,
      51.24
    ],
    [
      23.6,
      16.12,
      38.05,
      44.69,
      47.0,
      59.06,
      100000.0,
      38.28,
      64.76,
      34.41,
      51.87,
      100000.0,
      54.42,
      38.21,
      100000.0,
      36.4,
      100000.0,
      23.77,
      27.29,
      37.0,
      100000.0,
      100000.0,
      53.15,
      100000.0,
      10.3,
      38.48,
      100000.0,
      35.69,
      2.24,
      80.28,
      28.79,
      100000.0,
      58.69,
      100000.0,
      100000.0,
      48.75,
      48.83,
      74.43,
      67.42,
      62.29,
      57.31,
      5.1,
      1.41,
      34.93,
      37.74,
      23.02,
      26.25,
      70.23,
      66.13,
      44.55,
      49.2,
      28.23,
      27.89,
      31.78,
      28.65
    ],
    [
      46.52,
      10.63,
      38.28,
      61.47,
      70.26,
      78.16,
      100000.0,
      61.98,
      88.53,
      14.87,
      72.84,
      100000.0,
      45.18,
      32.39,
      100000.0,
      58.14,
      23.77,
      100000.0,
      50.99,
      48.76,
      100000.0,
      100000.0,
      57.2,
      100000.0,
      32.02,
      62.03,
      100000.0,
      50.8,
      25.3,
      96.18,
      39.12,
      100000.0,
      73.43,
      100000.0,
      100000.0,
      58.14,
      61.29,
      97.49,
      90.35,
      85.84,
      80.89,
      28.44,
      25.0,
      53.04,
      57.38,
      19.42,
      23.19,
      93.92,
      89.81,
      66.03,
      71.69,
      5.83,
      4.12,
      25.08,
      21.02
    ],
    [
      12.81,
      43.05,
      51.04,
      33.73,
      20.4,
      40.61,
      100000.0,
      12.73,
      37.64,
      60.01,
      30.41,
      100000.0,
      71.7,
      59.24,
      100000.0,
      16.12,
      27.29,
      50.99,
      100000.0,
      42.64,
      100000.0,
      100000.0,
      58.24,
      100000.0,
      20.12,
      14.42,
      100000.0,
      36.89,
      26.08,
      65.19,
      35.36,
      100000.0,
      48.08,
      100000.0,
      100000.0,
      48.37,
      44.01,
      50.25,
      43.86,
      35.06,
      30.07,
      22.56,
      26.17,
      30.87,
      28.86,
      46.87,
      48.76,
      43.83,
      39.82,
      28.28,
      28.64,
      55.08,
      55.11,
      51.86,
      50.22
    ],
    [
      29.83,
      38.48,
      75.03,
      74.24,
      59.82,
      83.24,
      100000.0,
      43.27,
      66.73,
      63.51,
      72.92,
      100000.0,
      90.03,
      30.08,
      100000.0,
      58.6,
      37.0,
      48.76,
      42.64,
      100000.0,
      100000.0,
      100000.0,
      89.68,
      100000.0,
      42.95,
      40.82,
      100000.0,
      7.28,
      35.01,
      107.65,
      64.78,
      100000.0,
      89.01,
      100000.0,
      100000.0,
      83.68,
      81.93,
      64.01,
      57.01,
      69.32,
      64.88,
      38.33,
      36.01,
      14.87,
      20.62,
      30.61,
      28.28,
      67.27,
      63.56,
      31.4,
      39.62,
      54.59,
      51.62,
      67.27,
      63.56
    ],
    [
      100000.0,
      100000.0,
      100000.0,
      100000.0,
      100000.0,
      100000.0,
      100000.0,
      100000.0,
      100000.0,
      100000.0,
      100000.0,
      100000.0,
      100000.0,
      100000.0,
      100000.0,
      100000.0,
      100000.0,
      100000.0,
      100000.0,
      100000.0,
      100000.0,
      100000.0,
      100000.0,
      100000.0,
      100000.0,
      100000.0,
      100000.0,
      100000.0,
      100000.0,
      100000.0,
      100000.0,
      100000.0,
      100000.0,
      100000.0,
      100000.0,
      100000.0,
      100000.0,
      100000.0,
      100000.0,
      100000.0,
      100000.0,
      100000.0,
      100000.0,
      100000.0,
      100000.0,
      100000.0,
      100000.0,
      100000.0,
      100000.0,
      100000.0,
      100000.0,
      100000.0,
      100000.0,
      100000.0,
      100000.0
    ],
    [
      100000.0,
      100000.0,
      100000.0,
      100000.0,
      100000.0,
      100000.0,
      100000.0,
      100000.0,
      100000.0,
      100000.0,
      100000.0,
      100000.0,
      100000.0,
      100000.0,
      100000.0,
      100000.0,
      100000.0,
      100000.0,
      100000.0,
      100000.0,
      100000.0,
      100000.0,
      100000.0,
      100000.0,
      100000.0,
      100000.0,
      100000.0,
      100000.0,
      100000.0,
      100000.0,
      100000.0,
      100000.0,
      100000.0,
      100000.0,
      100000.0,
      100000.0,
      100000.0,
      100000.0,
      100000.0,
      100000.0,
      100000.0,
      100000.0,
      100000.0,
      100000.0,
      100000.0,
      100000.0,
      100000.0,
      100000.0,
      100000.0,
      100000.0,
      100000.0,
      100000.0,
      100000.0,
      100000.0,
      100000.0
    ],
    [
      66.48,
      60.37,
      19.1,
      32.53,
      63.25,
      47.51,
      100000.0,
      69.64,
      84.81,
      50.45,
      51.66,
      100000.0,
      30.02,
      87.21,
      100000.0,
      48.37,
      53.15,
      57.2,
      58.24,
      89.68,
      100000.0,
      100000.0,
      100000.0,
      100000.0,
      47.04,
      72.11,
      100000.0,
      87.09,
      54.92,
      51.01,
      25.02,
      100000.0,
      31.62,
      100000.0,
      100000.0,
      12.81,
      20.81,
      104.45,
      99.3,
      77.23,
      74.03,
      51.35,
      53.94,
      84.05,
      84.48,
      71.59,
      75.64,
      93.81,
      90.7,
      86.35,
      86.65,
      55.23,
      58.9,
      33.24,
      36.8
    ],
    [
      100000.0,
      100000.0,
      100000.0,
      100000.0,
      100000.0,
      100000.0,
      100000.0,
      100000.0,
      100000.0,
      100000.0,
      100000.0,
      100000.0,
      100000.0,
      100000.0,
      100000.0,
      100000.0,
      100000.0,
      100000.0,
      100000.0,
      100000.0,
      100000.0,
      100000.0,
      100000.0,
      100000.0,
      100000.0,
      100000.0,
      100000.0,
      100000.0,
      100000.0,
      100000.0,
      100000.0,
      100000.0,
      100000.0,
      100000.0,
      100000.0,
      100000.0,
      100000.0,
      100000.0,
      100000.0,
      100000.0,
      100000.0,
      100000.0,
      100000.0,
      100000.0,
      100000.0,
      100000.0,
      100000.0,
      100000.0,
      100000.0,
      100000.0,
      100000.0,
      100000.0,
      100000.0,
      100000.0,
      100000.0
    ],
    [
      21.47,
      25.96,
      34.79,
      34.66,
      38.33,
      48.76,
      100000.0,
      32.45,
      57.58,
      39.92,
      41.76,
      100000.0,
      53.85,
      48.27,
      100000.0,
      26.48,
      10.3,
      32.02,
      20.12,
      42.95,
      100000.0,
      100000.0,
      47.04,
      100000.0,
      100000.0,
      33.42,
      100000.0,
      40.05,
      10.63,
      70.18,
      22.02,
      100000.0,
      48.92,
      100000.0,
      100000.0,
      40.8,
      39.82,
      69.81,
      63.13,
      54.13,
      49.24,
      5.66,
      10.0,
      37.34,
      38.6,
      33.29,
      36.4,
      63.95,
      59.94,
      43.05,
      46.1,
      35.51,
      36.06,
      32.56,
      30.48
    ],
    [
      16.12,
      52.89,
      65.46,
      45.01,
      20.0,
      47.17,
      100000.0,
      3.16,
      28.02,
      72.56,
      35.85,
      100000.0,
      86.05,
      63.79,
      100000.0,
      26.0,
      38.48,
      62.03,
      14.42,
      40.82,
      100000.0,
      100000.0,
      72.11,
      100000.0,
      33.42,
      100000.0,
      100000.0,
      33.84,
      36.77,
      72.24,
      49.74,
      100000.0,
      58.31,
      100000.0,
      100000.0,
      61.61,
      56.44,
      36.4,
      29.73,
      28.79,
      24.17,
      34.48,
      37.16,
      26.4,
      21.93,
      54.08,
      55.01,
      32.02,
      27.89,
      16.49,
      14.56,
      66.71,
      66.13,
      65.8,
      63.89
    ],
    [
      100000.0,
      100000.0,
      100000.0,
      100000.0,
      100000.0,
      100000.0,
      100000.0,
      100000.0,
      100000.0,
      100000.0,
      100000.0,
      100000.0,
      100000.0,
      100000.0,
      100000.0,
      100000.0,
      100000.0,
      100000.0,
      100000.0,
      100000.0,
      100000.0,
      100000.0,
      100000.0,
      100000.0,
      100000.0,
      100000.0,
      100000.0,
      100000.0,
      100000.0,
      100000.0,
      100000.0,
      100000.0,
      100000.0,
      100000.0,
      100000.0,
      100000.0,
      100000.0,
      100000.0,
      100000.0,
      100000.0,
      100000.0,
      100000.0,
      100000.0,
      100000.0,
      100000.0,
      100000.0,
      100000.0,
      100000.0,
      100000.0,
      100000.0,
      100000.0,
      100000.0,
      100000.0,
      100000.0,
      100000.0
    ],
    [
      24.19,
      40.22,
      73.55,
      69.46,
      53.15,
      77.42,
      100000.0,
      36.4,
      59.46,
      65.19,
      66.84,
      100000.0,
      89.84,
      36.14,
      100000.0,
      53.0,
      35.69,
      50.8,
      36.89,
      7.28,
      100000.0,
      100000.0,
      87.09,
      100000.0,
      40.05,
      33.84,
      100000.0,
      100000.0,
      33.54,
      102.08,
      62.07,
      100000.0,
      84.17,
      100000.0,
      100000.0,
      80.23,
      77.88,
      57.08,
      50.01,
      62.18,
      57.8,
      36.06,
      34.53,
      7.62,
      13.34,
      34.06,
      32.45,
      60.02,
      56.29,
      24.19,
      32.39,
      56.61,
      54.04,
      67.05,
      63.57
    ],
    [
      21.63,
      17.0,
      40.11,
      45.28,
      46.04,
      59.17,
      100000.0,
      36.69,
      63.35,
      36.4,
      51.62,
      100000.0,
      56.65,
      37.64,
      100000.0,
      36.06,
      2.24,
      25.3,
      26.08,
      35.01,
      100000.0,
      100000.0,
      54.92,
      100000.0,
      10.63,
      36.77,
      100000.0,
      33.54,
      100000.0,
      80.81,
      30.36,
      100000.0,
      59.46,
      100000.0,
      100000.0,
      50.16,
      49.93,
      72.56,
      65.51,
      61.13,
      56.14,
      5.0,
      1.0,
      32.7,
      35.51,
      22.83,
      25.81,
      68.62,
      64.51,
      42.43,
      47.2,
      29.97,
      29.41,
      34.01,
      30.89
    ],
    [
      77.94,
      94.3,
      65.31,
      35.61,
      53.16,
      25.08,
      100000.0,
      69.08,
      66.01,
      95.19,
      36.4,
      100000.0,
      81.0,
      118.44,
      100000.0,
      49.09,
      80.28,
      96.18,
      65.19,
      107.65,
      100000.0,
      100000.0,
      51.01,
      100000.0,
      70.18,
      72.24,
      100000.0,
      102.08,
      80.81,
      100000.0,
      57.27,
      100000.0,
      22.85,
      100000.0,
      100000.0,
      41.59,
      35.74,
      89.02,
      87.14,
      57.0,
      57.22,
      75.82,
      80.16,
      95.88,
      93.02,
      103.23,
      106.53,
      75.11,
      74.0,
      88.6,
      84.2,
      96.66,
      99.28,
      78.16,
      80.32
    ],
    [
      41.98,
      38.95,
      16.28,
      24.08,
      45.8,
      42.01,
      100000.0,
      47.71,
      67.62,
      38.64,
      40.26,
      100000.0,
      37.64,
      65.22,
      100000.0,
      30.23,
      28.79,
      39.12,
      35.36,
      64.78,
      100000.0,
      100000.0,
      25.02,
      100000.0,
      22.02,
      49.74,
      100000.0,
      62.07,
      30.36,
      57.27,
      100000.0,
      100000.0,
      34.44,
      100000.0,
      100000.0,
      20.25,
      22.2,
      84.5,
      78.6,
      61.59,
      57.43,
      26.48,
      29.41,
      59.14,
      59.84,
      49.41,
      53.25,
      75.74,
      72.14,
      62.63,
      63.95,
      39.4,
      42.06,
      23.09,
      24.08
    ],
    [
      100000.0,
      100000.0,
      100000.0,
      100000.0,
      100000.0,
      100000.0,
      100000.0,
      100000.0,
      100000.0,
      100000.0,
      100000.0,
      100000.0,
      100000.0,
      100000.0,
      100000.0,
      100000.0,
      100000.0,
      100000.0,
      100000.0,
      100000.0,
      100000.0,
      100000.0,
      100000.0,
      100000.0,
      100000.0,
      100000.0,
      100000.0,
      100000.0,
      100000.0,
      100000.0,
      100000.0,
      100000.0,
      100000.0,
      100000.0,
      100000.0,
      100000.0,
      100000.0,
      100000.0,
      100000.0,
      100000.0,
      100000.0,
      100000.0,
      100000.0,
      100000.0,
      100000.0,
      100000.0,
      100000.0,
      100000.0,
      100000.0,
      100000.0,
      100000.0,
      100000.0,
      100000.0,
      100000.0,
      100000.0
    ],
    [
      60.17,
      72.01,
      43.19,
      14.76,
      42.43,
      17.8,
      100000.0,
      55.23,
      61.1,
      72.42,
      26.25,
      100000.0,
      60.67,
      96.88,
      100000.0,
      32.56,
      58.69,
      73.43,
      48.08,
      89.01,
      100000.0,
      100000.0,
      31.62,
      100000.0,
      48.92,
      58.31,
      100000.0,
      84.17,
      59.46,
      22.85,
      34.44,
      100000.0,
      100000.0,
      100000.0,
      100000.0,
      20.1,
      13.15,
      83.24,
      79.62,
      52.39,
      50.6,
      54.56,
      58.73,
      78.77,
      76.92,
      81.39,
      84.86,
      70.58,
      68.31,
      74.67,
      72.03,
      73.82,
      76.48,
      55.54,
      57.57
    ],
    [
      100000.0,
      100000.0,
      100000.0,
      100000.0,
      100000.0,
      100000.0,
      100000.0,
      100000.0,
      100000.0,
      100000.0,
      100000.0,
      100000.0,
      100000.0,
      100000.0,
      100000.0,
      100000.0,
      100000.0,
      100000.0,
      100000.0,
      100000.0,
      100000.0,
      100000.0,
      100000.0,
      100000.0,
      100000.0,
      100000.0,
      100000.0,
      100000.0,
      100000.0,
      100000.0,
      100000.0,
      100000.0,
      100000.0,
      100000.0,
      100000.0,
      100000.0,
      100000.0,
      100000.0,
      100000.0,
      100000.0,
      100000.0,
      100000.0,
      100000.0,
      100000.0,
      100000.0,
      100000.0,
      100000.0,
      100000.0,
      100000.0,
      100000.0,
      100000.0,
      100000.0,
      100000.0,
      100000.0,
      100000.0
    ],
    [
      100000.0,
      100000.0,
      100000.0,
      100000.0,
      100000.0,
      100000.0,
      100000.0,
      100000.0,
      100000.0,
      100000.0,
      100000.0,
      100000.0,
      100000.0,
      100000.0,
      100000.0,
      100000.0,
      100000.0,
      100000.0,
      100000.0,
      100000.0,
      100000.0,
      100000.0,
      100000.0,
      100000.0,
      100000.0,
      100000.0,
      100000.0,
      100000.0,
      100000.0,
      100000.0,
      100000.0,
      100000.0,
      100000.0,
      100000.0,
      100000.0,
      100000.0,
      100000.0,
      100000.0,
      100000.0,
      100000.0,
      100000.0,
      100000.0,
      100000.0,
      100000.0,
      100000.0,
      100000.0,
      100000.0,
      100000.0,
      100000.0,
      100000.0,
      100000.0,
      100000.0,
      100000.0,
      100000.0,
      100000.0
    ],
    [
      58.03,
      59.03,
      23.77,
      19.85,
      51.11,
      34.89,
      100000.0,
      58.94,
      72.42,
      54.56,
      38.9,
      100000.0,
      40.61,
      85.45,
      100000.0,
      36.77,
      48.75,
      58.14,
      48.37,
      83.68,
      100000.0,
      100000.0,
      12.81,
      100000.0,
      40.8,
      61.61,
      100000.0,
      80.23,
      50.16,
      41.59,
      20.25,
      100000.0,
      20.1,
      100000.0,
      100000.0,
      100000.0,
      8.06,
      92.59,
      87.73,
      64.66,
      61.61,
      45.88,
      49.24,
      76.32,
      76.01,
      69.63,
      73.5,
      81.54,
      78.55,
      76.66,
      76.16,
      57.43,
      60.61,
      37.16,
      39.82
    ],
    [
      54.74,
      60.83,
      30.07,
      12.53,
      44.28,
      26.83,
      100000.0,
      53.6,
      65.19,
      59.46,
      31.14,
      100000.0,
      48.27,
      86.56,
      100000.0,
      30.81,
      48.83,
      61.29,
      44.01,
      81.93,
      100000.0,
      100000.0,
      20.81,
      100000.0,
      39.82,
      56.44,
      100000.0,
      77.88,
      49.93,
      35.74,
      22.2,
      100000.0,
      13.15,
      100000.0,
      100000.0,
      8.06,
      100000.0,
      85.91,
      81.34,
      57.2,
      54.38,
      45.28,
      49.09,
      73.35,
      72.44,
      70.84,
      74.52,
      74.43,
      71.59,
      72.06,
      70.86,
      61.29,
      64.14,
      42.45,
      44.6
    ],
    [
      51.0,
      87.73,
      100.66,
      73.41,
      41.63,
      67.08,
      100000.0,
      37.54,
      23.02,
      108.76,
      57.01,
      100000.0,
      121.7,
      92.78,
      100000.0,
      56.08,
      74.43,
      97.49,
      50.25,
      64.01,
      100000.0,
      100000.0,
      104.45,
      100000.0,
      69.81,
      36.4,
      100000.0,
      57.08,
      72.56,
      89.02,
      84.5,
      100000.0,
      83.24,
      100000.0,
      100000.0,
      92.59,
      85.91,
      100000.0,
      7.28,
      32.06,
      32.76,
      70.72,
      73.06,
      50.36,
      44.41,
      86.68,
      86.59,
      14.14,
      15.13,
      33.54,
      26.25,
      102.47,
      101.52,
      102.07,
      100.26
    ],
    [
      43.91,
      80.53,
      94.64,
      68.95,
      37.36,
      64.2,
      100000.0,
      31.14,
      21.84,
      101.79,
      53.6,
      100000.0,
      115.52,
      85.59,
      100000.0,
      50.99,
      67.42,
      90.35,
      43.86,
      57.01,
      100000.0,
      100000.0,
      99.3,
      100000.0,
      63.13,
      29.73,
      100000.0,
      50.01,
      65.51,
      87.14,
      78.6,
      100000.0,
      79.62,
      100000.0,
      100000.0,
      87.73,
      81.34,
      7.28,
      100000.0,
      30.41,
      30.0,
      63.82,
      66.04,
      43.19,
      37.22,
      79.4,
      79.31,
      15.0,
      13.93,
      26.31,
      18.97,
      95.38,
      94.37,
      95.52,
      93.61
    ],
    [
      43.74,
      78.1,
      77.67,
      44.82,
      16.16,
      35.44,
      100000.0,
      26.93,
      9.06,
      93.68,
      26.42,
      100000.0,
      99.05,
      92.2,
      100000.0,
      31.38,
      62.29,
      85.84,
      35.06,
      69.32,
      100000.0,
      100000.0,
      77.23,
      100000.0,
      54.13,
      28.79,
      100000.0,
      62.18,
      61.13,
      57.0,
      61.59,
      100000.0,
      52.39,
      100000.0,
      100000.0,
      64.66,
      57.2,
      32.06,
      30.41,
      100000.0,
      5.0,
      57.43,
      61.2,
      54.59,
      49.4,
      81.3,
      82.73,
      18.44,
      17.0,
      40.46,
      33.24,
      89.63,
      89.94,
      82.76,
      82.08
    ],
    [
      38.83,
      73.11,
      73.6,
      41.88,
      11.66,
      34.37,
      100000.0,
      22.14,
      10.82,
      88.89,
      24.35,
      100000.0,
      95.0,
      87.32,
      100000.0,
      27.2,
      57.31,
      80.89,
      30.07,
      64.88,
      100000.0,
      100000.0,
      74.03,
      100000.0,
      49.24,
      24.17,
      100000.0,
      57.8,
      56.14,
      57.22,
      57.43,
      100000.0,
      50.6,
      100000.0,
      100000.0,
      61.61,
      54.38,
      32.76,
      30.0,
      5.0,
      100000.0,
      52.47,
      56.22,
      50.25,
      45.22,
      76.32,
      77.78,
      20.12,
      17.72,
      36.77,
      30.0,
      84.72,
      85.0,
      78.26,
      77.47
    ],
    [
      20.52,
      21.21,
      37.66,
      40.31,
      42.01,
      54.2,
      100000.0,
      34.01,
      60.17,
      38.08,
      46.82,
      100000.0,
      55.46,
      42.64,
      100000.0,
      31.32,
      5.1,
      28.44,
      22.56,
      38.33,
      100000.0,
      100000.0,
      51.35,
      100000.0,
      5.66,
      34.48,
      100000.0,
      36.06,
      5.0,
      75.82,
      26.48,
      100000.0,
      54.56,
      100000.0,
      100000.0,
      45.88,
      45.28,
      70.72,
      63.82,
      57.43,
      52.47,
      100000.0,
      4.47,
      34.21,
      36.25,
      27.78,
      30.81,
      65.92,
      61.85,
      42.01,
      46.01,
      32.57,
      32.56,
      33.29,
      30.61
    ],
    [
      22.2,
      17.03,
      39.12,
      44.6,
      46.01,
      58.67,
      100000.0,
      37.0,
      63.56,
      35.81,
      51.26,
      100000.0,
      55.71,
      38.29,
      100000.0,
      35.74,
      1.41,
      25.0,
      26.17,
      36.01,
      100000.0,
      100000.0,
      53.94,
      100000.0,
      10.0,
      37.16,
      100000.0,
      34.53,
      1.0,
      80.16,
      29.41,
      100000.0,
      58.73,
      100000.0,
      100000.0,
      49.24,
      49.09,
      73.06,
      66.04,
      61.2,
      56.22,
      4.47,
      100000.0,
      33.62,
      36.36,
      23.32,
      26.4,
      68.95,
      64.85,
      43.14,
      47.8,
      29.55,
      29.12,
      33.11,
      30.02
    ],
    [
      18.68,
      42.43,
      71.81,
      64.2,
      45.97,
      71.02,
      100000.0,
      29.07,
      51.87,
      66.84,
      60.22,
      100000.0,
      89.32,
      42.43,
      100000.0,
      46.96,
      34.93,
      53.04,
      30.87,
      14.87,
      100000.0,
      100000.0,
      84.05,
      100000.0,
      37.34,
      26.4,
      100000.0,
      7.62,
      32.7,
      95.88,
      59.14,
      100000.0,
      78.77,
      100000.0,
      100000.0,
      76.32,
      73.35,
      50.36,
      43.19,
      54.59,
      50.25,
      34.21,
      33.62,
      100000.0,
      6.0,
      38.08,
      37.16,
      52.61,
      48.84,
      17.0,
      25.08,
      58.73,
      56.59,
      66.71,
      63.51
    ],
    [
      18.03,
      46.86,
      73.38,
      62.59,
      41.87,
      68.0,
      100000.0,
      24.84,
      46.24,
      70.77,
      56.94,
      100000.0,
      91.71,
      48.37,
      100000.0,
      44.6,
      37.74,
      57.38,
      28.86,
      20.62,
      100000.0,
      100000.0,
      84.48,
      100000.0,
      38.6,
      21.93,
      100000.0,
      13.34,
      35.51,
      93.02,
      59.84,
      100000.0,
      76.92,
      100000.0,
      100000.0,
      76.01,
      72.44,
      44.41,
      37.22,
      49.4,
      45.22,
      36.25,
      36.36,
      6.0,
      100000.0,
      43.38,
      42.72,
      46.69,
      42.95,
      11.0,
      19.1,
      62.97,
      61.07,
      69.35,
      66.37
    ],
    [
      38.01,
      11.4,
      53.76,
      67.62,
      67.27,
      81.99,
      100000.0,
      55.0,
      82.02,
      34.21,
      74.32,
      100000.0,
      64.0,
      15.81,
      100000.0,
      58.69,
      23.02,
      19.42,
      46.87,
      30.61,
      100000.0,
      100000.0,
      71.59,
      100000.0,
      33.29,
      54.08,
      100000.0,
      34.06,
      22.83,
      103.23,
      49.41,
      100000.0,
      81.39,
      100000.0,
      100000.0,
      69.63,
      70.84,
      86.68,
      79.4,
      81.3,
      76.32,
      27.78,
      23.32,
      38.08,
      43.38,
      100000.0,
      4.12,
      85.71,
      81.61,
      53.49,
      60.44,
      25.0,
      21.54,
      42.43,
      38.33
    ],
    [
