{
  "name": "RM-d2-n10-k1-p2",
  "V_coordinates": [
    [
      73,
      50
    ],
    [
      13,
      50
    ],
    [
      31,
      17
    ],
    [
      34,
      80
    ],
    [
      72,
      33
    ],
    [
      74,
      6
    ],
    [
      39,
      97
    ],
    [
      62,
      65
    ],
    [
      8,
      88
    ],
    [
      20,
      68
    ],
    [
      88,
      53
    ],
    [
      53,
      92
    ],
    [
      54,
      60
    ],
    [
      13,
      37
    ],
    [
      67,
      8
    ],
    [
      94,
      62
    ],
    [
      61,
      68
    ],
    [
      8,
      7
    ],
    [
      32,
      59
    ],
    [
      18,
      45
    ],
    [
      82,
      5
    ],
    [
      97,
      8
    ],
    [
      22,
      73
    ],
    [
      21,
      67
    ],
    [
      59,
      71
    ],
    [
      60,
      63
    ],
    [
      49,
      94
    ],
    [
      52,
      90
    ],
    [
      27,
      15
    ],
    [
      33,
      15
    ],
    [
      93,
      61
    ],
    [
      94,
      66
    ],
    [
      75,
      3
    ],
    [
      72,
      8
    ]
  ],
  "V": [
    0,
    1,
    2,
    3,
    4,
    5,
    6,
    7,
    8,
    9,
    10,
    11,
    12,
    13,
    14,
    15,
    16,
    17,
    18,
    19,
    20,
    21,
    22,
    23,
    24,
    25,
    26,
    27,
    28,
    29,
    30,
    31,
    32,
    33
  ],
  "VD": [
    0,
    1
  ],
  "VC": [
    2,
    3,
    4,
    5,
    6,
    7,
    8,
    9,
    10,
    11,
    12,
    13,
    14,
    15,
    16,
    17,
    18,
    19,
    20,
    21
  ],
  "VP": [
    22,
    23,
    24,
    25,
    26,
    27,
    28,
    29,
    30,
    31,
    32,
    33
  ],
  "VC1": [
    3,
    4,
    6,
    7,
    8,
    10,
    12,
    13,
    14,
    17,
    18,
    19,
    20,
    21
  ],
  "VC2": [
    9,
    16,
    11,
    2,
    15,
    5
  ],
  "demand": [
    0,
    0,
    10,
    25,
    11,
    19,
    29,
    28,
    28,
    22,
    30,
    15,
    15,
    26,
    17,
    10,
    16,
    27,
    27,
    17,
    22,
    26,
    0,
    0,
    0,
    0,
    0,
    0,
    0,
    0,
    0,
    0,
    0,
    0
  ],
  "service_time": [
    0,
    0,
    15,
    19,
    15,
    17,
    14,
    20,
    18,
    19,
    10,
    16,
    18,
    12,
    18,
    18,
    13,
    16,
    10,
    17,
    15,
    19,
    0,
    0,
    0,
    0,
    0,
    0,
    0,
    0,
    0,
    0,
    0,
    0
  ],
  "K": [
    0,
    1
  ],
  "veh_dist_matrix": [
    [
      100000.0,
      60.0,
      100000.0,
      49.2,
      17.03,
      100000.0,
      58.01,
      18.6,
      75.29,
      100000.0,
      15.3,
      100000.0,
      21.47,
      61.39,
      42.43,
      100000.0,
      100000.0,
      77.94,
      41.98,
      55.23,
      45.89,
      48.37,
      55.95,
      54.71,
      25.24,
      18.38,
      50.12,
      45.18,
      57.8,
      53.15,
      22.83,
      26.4,
      47.04,
      42.01
    ],
    [
      60.0,
      100000.0,
      100000.0,
      36.62,
      61.4,
      100000.0,
      53.71,
      51.24,
      38.33,
      100000.0,
      75.06,
      100000.0,
      42.2,
      13.0,
      68.41,
      100000.0,
      100000.0,
      43.29,
      21.02,
      7.07,
      82.38,
      93.91,
      24.7,
      18.79,
      50.57,
      48.76,
      56.85,
      55.87,
      37.7,
      40.31,
      80.75,
      82.57,
      77.8,
      72.42
    ],
    [
      100000.0,
      100000.0,
      100000.0,
      100000.0,
      100000.0,
      100000.0,
      100000.0,
      100000.0,
      100000.0,
      100000.0,
      100000.0,
      100000.0,
      100000.0,
      100000.0,
      100000.0,
      100000.0,
      100000.0,
      100000.0,
      100000.0,
      100000.0,
      100000.0,
      100000.0,
      100000.0,
      100000.0,
      100000.0,
      100000.0,
      100000.0,
      100000.0,
      100000.0,
      100000.0,
      100000.0,
      100000.0,
      100000.0,
      100000.0
    ],
    [
      49.2,
      36.62,
      100000.0,
      100000.0,
      60.44,
      100000.0,
      17.72,
      31.76,
      27.2,
      100000.0,
      60.37,
      100000.0,
      28.28,
      47.85,
      79.2,
      100000.0,
      100000.0,
      77.49,
      21.1,
      38.48,
      89.04,
      95.67,
      13.89,
      18.38,
      26.57,
      31.06,
      20.52,
      20.59,
      65.38,
      65.01,
      61.98,
      61.61,
      87.24,
      81.41
    ],
    [
      17.03,
      61.4,
      100000.0,
      60.44,
      100000.0,
      100000.0,
      72.01,
      33.53,
      84.39,
      100000.0,
      25.61,
      100000.0,
      32.45,
      59.14,
      25.5,
      100000.0,
      100000.0,
      69.08,
      47.71,
      55.32,
      29.73,
      35.36,
      64.03,
      61.29,
      40.16,
      32.31,
      65.19,
      60.41,
      48.47,
      42.95,
      35.0,
      39.66,
      30.15,
      25.0
    ],
    [
      100000.0,
      100000.0,
      100000.0,
      100000.0,
      100000.0,
      100000.0,
      100000.0,
      100000.0,
      100000.0,
      100000.0,
      100000.0,
      100000.0,
      100000.0,
      100000.0,
      100000.0,
      100000.0,
      100000.0,
      100000.0,
      100000.0,
      100000.0,
      100000.0,
      100000.0,
      100000.0,
      100000.0,
      100000.0,
      100000.0,
      100000.0,
      100000.0,
      100000.0,
      100000.0,
      100000.0,
      100000.0,
      100000.0,
      100000.0
    ],
    [
      58.01,
      53.71,
      100000.0,
      17.72,
      72.01,
      100000.0,
      100000.0,
      39.41,
      32.28,
      100000.0,
      65.86,
      100000.0,
      39.92,
      65.39,
      93.3,
      100000.0,
      100000.0,
      95.19,
      38.64,
      56.08,
      101.55,
      106.23,
      29.41,
      34.99,
      32.8,
      39.96,
      10.44,
      14.76,
      82.87,
      82.22,
      64.9,
      63.13,
      100.66,
      94.92
    ],
    [
      18.6,
      51.24,
      100000.0,
      31.76,
      33.53,
      100000.0,
      39.41,
      100000.0,
      58.69,
      100000.0,
      28.64,
      100000.0,
      9.43,
      56.44,
      57.22,
      100000.0,
      100000.0,
      79.25,
      30.59,
      48.33,
      63.25,
      66.89,
      40.79,
      41.05,
      6.71,
      2.83,
      31.78,
      26.93,
      61.03,
      57.8,
      31.26,
      32.02,
      63.35,
      57.87
    ],
    [
      75.29,
      38.33,
      100000.0,
      27.2,
      84.39,
      100000.0,
      32.28,
      58.69,
      100000.0,
      100000.0,
      87.32,
      100000.0,
      53.85,
      51.24,
      99.4,
      100000.0,
      100000.0,
      81.0,
      37.64,
      44.15,
      111.2,
      119.67,
      20.52,
      24.7,
      53.76,
      57.7,
      41.44,
      44.05,
      75.43,
      77.16,
      89.19,
      88.77,
      108.23,
      102.45
    ],
    [
      100000.0,
      100000.0,
      100000.0,
      100000.0,
      100000.0,
      100000.0,
      100000.0,
      100000.0,
      100000.0,
      100000.0,
      100000.0,
      100000.0,
      100000.0,
      100000.0,
      100000.0,
      100000.0,
      100000.0,
      100000.0,
      100000.0,
      100000.0,
      100000.0,
      100000.0,
      100000.0,
      100000.0,
      100000.0,
      100000.0,
      100000.0,
      100000.0,
      100000.0,
      100000.0,
      100000.0,
      100000.0,
      100000.0,
      100000.0
    ],
    [
      15.3,
      75.06,
      100000.0,
      60.37,
      25.61,
      100000.0,
      65.86,
      28.64,
      87.32,
      100000.0,
      100000.0,
      100000.0,
      34.71,
      76.69,
      49.66,
      100000.0,
      100000.0,
      92.28,
      56.32,
      70.46,
      48.37,
      45.89,
      68.96,
      68.45,
      34.13,
      29.73,
      56.59,
      51.62,
      71.87,
      66.85,
      9.43,
      14.32,
      51.66,
      47.76
    ],
    [
      100000.0,
      100000.0,
      100000.0,
      100000.0,
      100000.0,
      100000.0,
      100000.0,
      100000.0,
      100000.0,
      100000.0,
      100000.0,
      100000.0,
      100000.0,
      100000.0,
      100000.0,
      100000.0,
      100000.0,
      100000.0,
      100000.0,
      100000.0,
      100000.0,
      100000.0,
      100000.0,
      100000.0,
      100000.0,
      100000.0,
      100000.0,
      100000.0,
      100000.0,
      100000.0,
      100000.0,
      100000.0,
      100000.0,
      100000.0
    ],
    [
      21.47,
      42.2,
      100000.0,
      28.28,
      32.45,
      100000.0,
      39.92,
      9.43,
      53.85,
      100000.0,
      34.71,
      100000.0,
      100000.0,
      47.01,
      53.6,
      100000.0,
      100000.0,
      70.18,
      22.02,
      39.0,
      61.72,
      67.48,
      34.54,
      33.73,
      12.08,
      6.71,
      34.37,
      30.07,
      52.48,
      49.66,
      39.01,
      40.45,
      60.75,
      55.03
    ],
    [
      61.39,
      13.0,
      100000.0,
      47.85,
      59.14,
      100000.0,
      65.39,
      56.44,
      51.24,
      100000.0,
      76.69,
      100000.0,
      47.01,
      100000.0,
      61.29,
      100000.0,
      100000.0,
      30.41,
      29.07,
      9.43,
      76.06,
      88.87,
      37.11,
      31.05,
      57.2,
      53.71,
      67.42,
      65.8,
      26.08,
      29.73,
      83.52,
      86.03,
      70.71,
      65.74
    ],
    [
      42.43,
      68.41,
      100000.0,
      79.2,
      25.5,
      100000.0,
      93.3,
      57.22,
      99.4,
      100000.0,
      49.66,
      100000.0,
      53.6,
      61.29,
      100000.0,
      100000.0,
      100000.0,
      59.01,
      61.85,
      61.4,
      15.3,
      30.0,
      79.06,
      74.81,
      63.51,
      55.44,
      87.86,
      83.36,
      40.61,
      34.71,
      59.03,
      63.98,
      9.43,
      5.0
    ],
    [
      100000.0,
      100000.0,
      100000.0,
      100000.0,
      100000.0,
      100000.0,
      100000.0,
      100000.0,
      100000.0,
      100000.0,
      100000.0,
      100000.0,
      100000.0,
      100000.0,
      100000.0,
      100000.0,
      100000.0,
      100000.0,
      100000.0,
      100000.0,
      100000.0,
      100000.0,
      100000.0,
      100000.0,
      100000.0,
      100000.0,
      100000.0,
      100000.0,
      100000.0,
      100000.0,
      100000.0,
      100000.0,
      100000.0,
      100000.0
    ],
    [
      100000.0,
      100000.0,
      100000.0,
      100000.0,
      100000.0,
      100000.0,
      100000.0,
      100000.0,
      100000.0,
      100000.0,
      100000.0,
      100000.0,
      100000.0,
      100000.0,
      100000.0,
      100000.0,
      100000.0,
      100000.0,
      100000.0,
      100000.0,
      100000.0,
      100000.0,
      100000.0,
      100000.0,
      100000.0,
      100000.0,
      100000.0,
      100000.0,
      100000.0,
      100000.0,
      100000.0,
      100000.0,
      100000.0,
      100000.0
    ],
    [
      77.94,
      43.29,
      100000.0,
      77.49,
      69.08,
      100000.0,
      95.19,
      79.25,
      81.0,
      100000.0,
      92.28,
      100000.0,
      70.18,
      30.41,
      59.01,
      100000.0,
      100000.0,
      100000.0,
      57.27,
      39.29,
      74.03,
      89.01,
      67.47,
      61.39,
      81.84,
      76.42,
      96.18,
      93.94,
      20.62,
      26.25,
      100.7,
      104.29,
      67.12,
      64.01
    ],
    [
      41.98,
      21.02,
      100000.0,
      21.1,
      47.71,
      100000.0,
      38.64,
      30.59,
      37.64,
      100000.0,
      56.32,
      100000.0,
      22.02,
      29.07,
      61.85,
      100000.0,
      100000.0,
      57.27,
      100000.0,
      19.8,
      73.59,
      82.62,
      17.2,
      13.6,
      29.55,
      28.28,
      38.91,
      36.89,
      44.28,
      44.01,
      61.03,
      62.39,
      70.6,
      64.82
    ],
    [
      55.23,
      7.07,
      100000.0,
      38.48,
      55.32,
      100000.0,
      56.08,
      48.33,
      44.15,
      100000.0,
      70.46,
      100000.0,
      39.0,
      9.43,
      61.4,
      100000.0,
      100000.0,
      39.29,
      19.8,
      100000.0,
      75.47,
      87.24,
      28.28,
      22.2,
      48.55,
      45.69,
      57.98,
      56.4,
      31.32,
      33.54,
      76.69,
      78.85,
      70.8,
      65.46
    ],
    [
      45.89,
      82.38,
      100000.0,
      89.04,
      29.73,
      100000.0,
      101.55,
      63.25,
      111.2,
      100000.0,
      48.37,
      100000.0,
      61.72,
      76.06,
      15.3,
      100000.0,
      100000.0,
      74.03,
      73.59,
      75.47,
      100000.0,
      15.3,
      90.69,
      86.98,
      69.89,
      62.03,
      94.92,
      90.14,
      55.9,
      50.01,
      57.07,
      62.17,
      7.28,
      10.44
    ],
    [
      48.37,
      93.91,
      100000.0,
      95.67,
      35.36,
      100000.0,
      106.23,
      66.89,
      119.67,
      100000.0,
      45.89,
      100000.0,
      67.48,
      88.87,
      30.0,
      100000.0,
      100000.0,
      89.01,
      82.62,
      87.24,
      15.3,
      100000.0,
      99.25,
      96.21,
      73.57,
      66.29,
      98.49,
      93.54,
      70.35,
      64.38,
      53.15,
      58.08,
      22.56,
      25.0
    ],
    [
      55.95,
      24.7,
      100000.0,
      13.89,
      64.03,
      100000.0,
      29.41,
      40.79,
      20.52,
      100000.0,
      68.96,
      100000.0,
      34.54,
      37.11,
      79.06,
      100000.0,
      100000.0,
      67.47,
      17.2,
      28.28,
      90.69,
      99.25,
      100000.0,
      6.08,
      37.05,
      39.29,
      34.21,
      34.48,
      58.22,
      59.03,
      72.01,
      72.34,
      87.8,
      82.01
    ],
    [
      54.71,
      18.79,
      100000.0,
      18.38,
      61.29,
      100000.0,
      34.99,
      41.05,
      24.7,
      100000.0,
      68.45,
      100000.0,
      33.73,
      31.05,
      74.81,
      100000.0,
      100000.0,
      61.39,
      13.6,
      22.2,
      86.98,
      96.21,
      6.08,
      100000.0,
      38.21,
      39.2,
      38.9,
      38.6,
      52.35,
      53.37,
      72.25,
      73.01,
      83.74,
      77.99
    ],
    [
      25.24,
      50.57,
      100000.0,
      26.57,
      40.16,
      100000.0,
      32.8,
      6.71,
      53.76,
      100000.0,
      34.13,
      100000.0,
      12.08,
      57.2,
      63.51,
      100000.0,
      100000.0,
      81.84,
      29.55,
      48.55,
      69.89,
      73.57,
      37.05,
      38.21,
      100000.0,
      8.06,
      25.08,
      20.25,
      64.5,
      61.74,
      35.44,
      35.36,
      69.86,
      64.33
    ],
    [
      18.38,
      48.76,
      100000.0,
      31.06,
      32.31,
      100000.0,
      39.96,
      2.83,
      57.7,
      100000.0,
      29.73,
      100000.0,
      6.71,
      53.71,
      55.44,
      100000.0,
      100000.0,
      76.42,
      28.28,
      45.69,
      62.03,
      66.29,
      39.29,
      39.2,
      8.06,
      100000.0,
      32.89,
      28.16,
      58.25,
      55.07,
      33.06,
      34.13,
      61.85,
      56.29
    ],
    [
      50.12,
      56.85,
      100000.0,
      20.52,
      65.19,
      100000.0,
      10.44,
      31.78,
      41.44,
      100000.0,
      56.59,
      100000.0,
      34.37,
      67.42,
      87.86,
      100000.0,
      100000.0,
      96.18,
      38.91,
      57.98,
      94.92,
      98.49,
      34.21,
      38.9,
      25.08,
      32.89,
      100000.0,
      5.0,
      82.01,
      80.6,
      55.0,
      53.0,
      94.64,
      89.02
    ],
    [
      45.18,
      55.87,
      100000.0,
      20.59,
      60.41,
      100000.0,
      14.76,
      26.93,
      44.05,
      100000.0,
      51.62,
      100000.0,
      30.07,
      65.8,
      83.36,
      100000.0,
      100000.0,
      93.94,
      36.89,
      56.4,
      90.14,
      93.54,
      34.48,
      38.6,
      20.25,
      28.16,
      5.0,
      100000.0,
      79.06,
      77.37,
      50.22,
      48.37,
      89.99,
      84.4
    ],
    [
      57.8,
      37.7,
      100000.0,
      65.38,
      48.47,
      100000.0,
      82.87,
      61.03,
      75.43,
      100000.0,
      71.87,
      100000.0,
      52.48,
      26.08,
      40.61,
      100000.0,
      100000.0,
      20.62,
      44.28,
      31.32,
      55.9,
      70.35,
      58.22,
      52.35,
      64.5,
      58.25,
      82.01,
      79.06,
      100000.0,
      6.0,
      80.45,
      84.2,
      49.48,
      45.54
    ],
    [
      53.15,
      40.31,
      100000.0,
      65.01,
      42.95,
      100000.0,
      82.22,
      57.8,
      77.16,
      100000.0,
      66.85,
      100000.0,
      49.66,
      29.73,
      34.71,
      100000.0,
      100000.0,
      26.25,
      44.01,
      33.54,
      50.01,
      64.38,
      59.03,
      53.37,
      61.74,
      55.07,
      80.6,
      77.37,
      6.0,
      100000.0,
      75.6,
      79.51,
      43.68,
      39.62
    ],
    [
      22.83,
      80.75,
      100000.0,
      61.98,
      35.0,
      100000.0,
      64.9,
      31.26,
      89.19,
      100000.0,
      9.43,
      100000.0,
      39.01,
      83.52,
      59.03,
      100000.0,
      100000.0,
      100.7,
      61.03,
      76.69,
      57.07,
      53.15,
      72.01,
      72.25,
      35.44,
      33.06,
      55.0,
      50.22,
      80.45,
      75.6,
      100000.0,
      5.1,
      60.73,
      57.01
    ],
    [
      26.4,
      82.57,
      100000.0,
      61.61,
      39.66,
      100000.0,
      63.13,
      32.02,
      88.77,
      100000.0,
      14.32,
      100000.0,
      40.45,
      86.03,
      63.98,
      100000.0,
      100000.0,
      104.29,
      62.39,
      78.85,
      62.17,
      58.08,
      72.34,
      73.01,
      35.36,
      34.13,
      53.0,
      48.37,
      84.2,
      79.51,
      5.1,
      100000.0,
      65.8,
      62.03
    ],
    [
      47.04,
      77.8,
      100000.0,
      87.24,
      30.15,
      100000.0,
      100.66,
      63.35,
      108.23,
      100000.0,
      51.66,
      100000.0,
      60.75,
      70.71,
      9.43,
      100000.0,
      100000.0,
      67.12,
      70.6,
      70.8,
      7.28,
      22.56,
      87.8,
      83.74,
      69.86,
      61.85,
      94.64,
      89.99,
      49.48,
      43.68,
      60.73,
      65.8,
      100000.0,
      5.83
    ],
    [
      42.01,
      72.42,
      100000.0,
      81.41,
      25.0,
      100000.0,
      94.92,
      57.87,
      102.45,
      100000.0,
      47.76,
      100000.0,
      55.03,
      65.74,
      5.0,
      100000.0,
      100000.0,
      64.01,
      64.82,
      65.46,
      10.44,
      25.0,
      82.01,
      77.99,
      64.33,
      56.29,
      89.02,
      84.4,
      45.54,
      39.62,
      57.01,
      62.03,
      5.83,
      100000.0
    ]
  ],
  "rob_power_matrix": [
    [
      10000.0,
      10000.0,
      10000.0,
      10000.0,
      10000.0,
      10000.0,
      10000.0,
      10000.0,
      10000.0,
      10000.0,
      10000.0,
      10000.0,
      10000.0,
      10000.0,
      10000.0,
      10000.0,
      10000.0,
      10000.0,
      10000.0,
      10000.0,
      10000.0,
      10000.0,
      10000.0,
      10000.0,
      10000.0,
      10000.0,
      10000.0,
      10000.0,
      10000.0,
      10000.0,
      10000.0,
      10000.0,
      10000.0,
      10000.0
    ],
    [
      10000.0,
      10000.0,
      10000.0,
      10000.0,
      10000.0,
      10000.0,
      10000.0,
      10000.0,
      10000.0,
      10000.0,
      10000.0,
      10000.0,
      10000.0,
      10000.0,
      10000.0,
      10000.0,
      10000.0,
      10000.0,
      10000.0,
      10000.0,
      10000.0,
      10000.0,
      10000.0,
      10000.0,
      10000.0,
      10000.0,
      10000.0,
      10000.0,
      10000.0,
      10000.0,
      10000.0,
      10000.0,
      10000.0,
      10000.0
    ],
    [
      10000.0,
      10000.0,
      10000.0,
      6.307,
      4.401,
      4.438000000000001,
      8.040000000000001,
      5.714,
      7.463,
      5.2170000000000005,
      6.742000000000001,
      7.816,
      4.876,
      2.6910000000000003,
      3.7110000000000003,
      7.742000000000001,
      5.917000000000001,
      2.508,
      4.201,
      3.087,
      5.239000000000001,
      6.6610000000000005,
      5.672000000000001,
      5.099,
      6.083,
      5.438000000000001,
      7.908,
      7.596,
      0.447,
      0.28300000000000003,
      7.603000000000001,
      7.981000000000001,
      4.617,
      4.1979999999999995
    ],
    [
      10000.0,
      10000.0,
      6.307,
      10000.0,
      6.0440000000000005,
      8.412,
      1.772,
      3.176,
      2.72,
      1.8440000000000003,
      6.037,
      2.247,
      2.8280000000000003,
      4.785,
      7.920000000000001,
      6.264,
      2.955,
      7.749,
      2.1100000000000003,
      3.848,
      8.904000000000002,
      9.567,
      1.3890000000000002,
      1.838,
      2.657,
      3.106,
      2.052,
      2.059,
      6.538,
      6.501000000000001,
      6.198,
      6.1610000000000005,
      8.724,
      8.141
    ],
    [
      10000.0,
      10000.0,
      4.401,
      6.0440000000000005,
      10000.0,
      2.7070000000000003,
      7.2010000000000005,
      3.353,
      8.439,
      6.268000000000001,
      2.561,
      6.198,
      3.2450000000000006,
      5.914000000000001,
      2.5500000000000003,
      3.64,
      3.669,
      6.908,
      4.771,
      5.532,
      2.9730000000000003,
      3.536,
      6.4030000000000005,
      6.1290000000000004,
      4.016,
      3.2310000000000003,
      6.519,
      6.041,
      4.847,
      4.295000000000001,
      3.5,
      3.9659999999999997,
      3.015,
      2.5
    ],
    [
      10000.0,
      10000.0,
      4.438000000000001,
      8.412,
      2.7070000000000003,
      10000.0,
      9.75,
      6.021000000000001,
      10.526000000000002,
      8.222,
      4.904,
      8.853,
      5.758,
      6.843000000000001,
      0.7280000000000001,
      5.946000000000001,
      6.335000000000001,
      6.601000000000001,
      6.7620000000000005,
      6.824,
      0.806,
      2.309,
      8.481,
      8.081000000000001,
      6.670999999999999,
      5.869,
      9.148000000000001,
      8.683,
      4.785,
      4.1979999999999995,
      5.819,
      6.325,
      0.31600000000000006,
      0.28300000000000003
    ],
    [
      10000.0,
      10000.0,
      8.040000000000001,
      1.772,
      7.2010000000000005,
      9.75,
      10000.0,
      3.941,
      3.228,
      3.4670000000000005,
      6.586,
      1.487,
      3.9920000000000004,
      6.539000000000001,
      9.33,
      6.519,
      3.64,
      9.519,
      3.8640000000000003,
      5.6080000000000005,
      10.155000000000001,
      10.623000000000001,
      2.9410000000000003,
      3.4990000000000006,
      3.28,
      3.9960000000000004,
      1.044,
      1.476,
      8.287,
      8.222,
      6.490000000000001,
      6.313000000000001,
      10.066,
      9.492
    ],
    [
      10000.0,
      10000.0,
      5.714,
      3.176,
      3.353,
      6.021000000000001,
      3.941,
      10000.0,
      5.869,
      4.211,
      2.8640000000000003,
      2.846,
      0.9430000000000001,
      5.644,
      5.722,
      3.2140000000000004,
      0.31600000000000006,
      7.925000000000001,
      3.059,
      4.833,
      6.325,
      6.689,
      4.079,
      4.1049999999999995,
      0.671,
      0.28300000000000003,
      3.1780000000000004,
      2.693,
      6.103000000000001,
      5.78,
      3.1260000000000003,
      3.2020000000000004,
      6.335000000000001,
      5.787
    ],
    [
      10000.0,
      10000.0,
      7.463,
      2.72,
      8.439,
      10.526000000000002,
      3.228,
      5.869,
      10000.0,
      2.3320000000000003,
      8.732,
      4.518,
      5.385000000000001,
      5.1240000000000006,
      9.940000000000001,
      8.984,
      5.665,
      8.1,
      3.7640000000000002,
      4.415,
      11.120000000000001,
      11.967,
      2.052,
      2.47,
      5.376,
      5.7700000000000005,
      4.144,
      4.405,
      7.543000000000001,
      7.716,
      8.919,
      8.877,
      10.823,
      10.245000000000001
    ],
    [
      10000.0,
      10000.0,
      5.2170000000000005,
      1.8440000000000003,
      6.268000000000001,
      8.222,
      3.4670000000000005,
      4.211,
      2.3320000000000003,
      10000.0,
      6.963,
      4.08,
      3.4930000000000003,
      3.1780000000000004,
      7.622,
      7.4239999999999995,
      4.1000000000000005,
      6.2170000000000005,
      1.5,
      2.309,
      8.839,
      9.762,
      0.539,
      0.141,
      3.912,
      4.031000000000001,
      3.8950000000000005,
      3.883,
      5.346,
      5.457000000000001,
      7.333,
      7.4030000000000005,
      8.515,
      7.940000000000001
    ],
    [
      10000.0,
      10000.0,
      6.742000000000001,
      6.037,
      2.561,
      4.904,
      6.586,
      2.8640000000000003,
      8.732,
      6.963,
      10000.0,
      5.24,
      3.471,
      7.6690000000000005,
      4.966,
      1.082,
      3.0890000000000004,
      9.228,
      5.632000000000001,
      7.045999999999999,
      4.837,
      4.589,
      6.896,
      6.845000000000001,
      3.4130000000000003,
      2.9730000000000003,
      5.659000000000001,
      5.162,
      7.187000000000001,
      6.685,
      0.9430000000000001,
      1.4320000000000002,
      5.166,
      4.776
    ],
    [
      10000.0,
      10000.0,
      7.816,
      2.247,
      6.198,
      8.853,
      1.487,
      2.846,
      4.518,
      4.08,
      5.24,
      10000.0,
      3.2020000000000004,
      6.801000000000001,
      8.516,
      5.08,
      2.5300000000000002,
      9.618000000000002,
      3.912,
      5.86,
      9.171,
      9.483,
      3.636,
      4.061,
      2.184,
      2.983,
      0.447,
      0.22400000000000003,
      8.127,
      7.956,
      5.061,
      4.855,
      9.168000000000001,
      8.612
    ],
    [
      10000.0,
      10000.0,
      4.876,
      2.8280000000000003,
      3.2450000000000006,
      5.758,
      3.9920000000000004,
      0.9430000000000001,
      5.385000000000001,
      3.4930000000000003,
      3.471,
      3.2020000000000004,
      10000.0,
      4.701,
      5.36,
      4.005,
      1.0630000000000002,
      7.018000000000001,
      2.202,
      3.9000000000000004,
      6.172000000000001,
      6.748000000000001,
      3.454,
      3.3729999999999998,
      1.2080000000000002,
      0.671,
      3.437,
      3.007,
      5.248,
      4.966,
      3.901,
      4.045000000000001,
      6.075,
      5.503
    ],
    [
      10000.0,
      10000.0,
      2.6910000000000003,
      4.785,
      5.914000000000001,
      6.843000000000001,
      6.539000000000001,
      5.644,
      5.1240000000000006,
      3.1780000000000004,
      7.6690000000000005,
      6.801000000000001,
      4.701,
      10000.0,
      6.1290000000000004,
      8.477,
      5.714,
      3.0410000000000004,
      2.907,
      0.9430000000000001,
      7.606000000000001,
      8.887,
      3.7110000000000003,
      3.1050000000000004,
      5.720000000000001,
      5.371,
      6.742000000000001,
      6.58,
      2.608,
      2.9730000000000003,
      8.352,
      8.603,
      7.071,
      6.574
    ],
    [
      10000.0,
      10000.0,
      3.7110000000000003,
      7.920000000000001,
      2.5500000000000003,
      0.7280000000000001,
      9.33,
      5.722,
      9.940000000000001,
      7.622,
      4.966,
      8.516,
      5.36,
      6.1290000000000004,
      10000.0,
      6.037,
      6.03,
      5.901,
      6.1850000000000005,
      6.140000000000001,
      1.5300000000000002,
      3.0,
      7.906000000000001,
      7.481000000000001,
      6.351,
      5.5440000000000005,
      8.786,
      8.336,
      4.061,
      3.471,
      5.9030000000000005,
      6.398,
      0.9430000000000001,
      0.5
    ],
    [
      10000.0,
      10000.0,
      7.742000000000001,
      6.264,
      3.64,
      5.946000000000001,
      6.519,
      3.2140000000000004,
      8.984,
      7.4239999999999995,
      1.082,
      5.08,
      4.005,
      8.477,
      6.037,
      10000.0,
      3.354,
      10.208,
      6.207000000000001,
      7.788,
      5.825,
      5.408,
      7.284000000000001,
      7.317,
      3.6140000000000003,
      3.401,
      5.522,
      5.048,
      8.184000000000001,
      7.7010000000000005,
      0.141,
      0.4,
      6.198,
      5.831
    ],
    [
      10000.0,
      10000.0,
      5.917000000000001,
      2.955,
      3.669,
      6.335000000000001,
      3.64,
      0.31600000000000006,
      5.665,
      4.1000000000000005,
      3.0890000000000004,
      2.5300000000000002,
      1.0630000000000002,
      5.714,
      6.03,
      3.354,
      10000.0,
      8.081000000000001,
      3.036,
      4.876,
      6.641,
      6.997,
      3.9320000000000004,
      4.001,
      0.361,
      0.51,
      2.8640000000000003,
      2.3770000000000002,
      6.297000000000001,
      5.994,
      3.276,
      3.3060000000000005,
      6.649,
      6.1000000000000005
    ],
    [
      10000.0,
      10000.0,
      2.508,
      7.749,
      6.908,
      6.601000000000001,
      9.519,
      7.925000000000001,
      8.1,
      6.2170000000000005,
      9.228,
      9.618000000000002,
      7.018000000000001,
      3.0410000000000004,
      5.901,
      10.208,
      8.081000000000001,
      10000.0,
      5.727,
      3.9290000000000003,
      7.4030000000000005,
      8.901000000000002,
      6.747,
      6.139,
      8.184000000000001,
      7.642,
      9.618000000000002,
      9.394,
      2.0620000000000003,
      2.625,
      10.07,
      10.429000000000002,
      6.712000000000001,
      6.401000000000001
    ],
    [
      10000.0,
      10000.0,
      4.201,
      2.1100000000000003,
      4.771,
      6.7620000000000005,
      3.8640000000000003,
      3.059,
      3.7640000000000002,
      1.5,
      5.632000000000001,
      3.912,
      2.202,
      2.907,
      6.1850000000000005,
      6.207000000000001,
      3.036,
      5.727,
      10000.0,
      1.9800000000000002,
      7.359000000000001,
      8.262,
      1.72,
      1.36,
      2.955,
      2.8280000000000003,
      3.891,
      3.689,
      4.428,
      4.401,
      6.103000000000001,
      6.239000000000001,
      7.06,
      6.481999999999999
    ],
    [
      10000.0,
      10000.0,
      3.087,
      3.848,
      5.532,
      6.824,
      5.6080000000000005,
      4.833,
      4.415,
      2.309,
      7.045999999999999,
      5.86,
      3.9000000000000004,
      0.9430000000000001,
      6.140000000000001,
      7.788,
      4.876,
      3.9290000000000003,
      1.9800000000000002,
      10000.0,
      7.547000000000001,
      8.724,
      2.8280000000000003,
      2.22,
      4.855,
      4.569,
      5.798,
      5.640000000000001,
      3.132,
      3.354,
      7.6690000000000005,
      7.885,
      7.08,
      6.545999999999999
    ],
    [
      10000.0,
      10000.0,
      5.239000000000001,
      8.904000000000002,
      2.9730000000000003,
      0.806,
      10.155000000000001,
      6.325,
      11.120000000000001,
      8.839,
      4.837,
      9.171,
      6.172000000000001,
      7.606000000000001,
      1.5300000000000002,
      5.825,
      6.641,
      7.4030000000000005,
      7.359000000000001,
      7.547000000000001,
      10000.0,
      1.5300000000000002,
      9.069,
      8.698,
      6.989000000000001,
      6.203,
      9.492,
      9.014000000000001,
      5.59,
      5.001,
      5.707000000000001,
      6.2170000000000005,
      0.7280000000000001,
      1.044
    ],
    [
      10000.0,
      10000.0,
      6.6610000000000005,
      9.567,
      3.536,
      2.309,
      10.623000000000001,
      6.689,
      11.967,
      9.762,
      4.589,
      9.483,
      6.748000000000001,
      8.887,
      3.0,
      5.408,
      6.997,
      8.901000000000002,
      8.262,
      8.724,
      1.5300000000000002,
      10000.0,
      9.925,
      9.621,
      7.356999999999999,
      6.629000000000001,
      9.849,
      9.354000000000001,
      7.035,
      6.438,
      5.315,
      5.808,
      2.256,
      2.5
    ],
    [
      10000.0,
      10000.0,
      5.672000000000001,
      1.3890000000000002,
      6.4030000000000005,
      8.481,
      2.9410000000000003,
      4.079,
      2.052,
      0.539,
      6.896,
      3.636,
      3.454,
      3.7110000000000003,
      7.906000000000001,
      7.284000000000001,
      3.9320000000000004,
      6.747,
      1.72,
      2.8280000000000003,
      9.069,
      9.925,
      10000.0,
      0.6080000000000001,
      3.705,
      3.9290000000000003,
      3.4210000000000003,
      3.448,
      5.822,
      5.9030000000000005,
      7.2010000000000005,
      7.234000000000001,
      8.78,
      8.201
    ],
    [
      10000.0,
      10000.0,
      5.099,
      1.838,
      6.1290000000000004,
      8.081000000000001,
      3.4990000000000006,
      4.1049999999999995,
      2.47,
      0.141,
      6.845000000000001,
      4.061,
      3.3729999999999998,
      3.1050000000000004,
      7.481000000000001,
      7.317,
      4.001,
      6.139,
      1.36,
      2.22,
      8.698,
      9.621,
      0.6080000000000001,
      10000.0,
      3.821,
      3.9200000000000004,
      3.89,
      3.8600000000000003,
      5.235,
      5.337,
      7.2250000000000005,
      7.301000000000001,
      8.374,
      7.7989999999999995
    ],
    [
      10000.0,
      10000.0,
      6.083,
      2.657,
      4.016,
      6.670999999999999,
      3.28,
      0.671,
      5.376,
      3.912,
      3.4130000000000003,
      2.184,
      1.2080000000000002,
      5.720000000000001,
      6.351,
      3.6140000000000003,
      0.361,
      8.184000000000001,
      2.955,
      4.855,
      6.989000000000001,
      7.356999999999999,
      3.705,
      3.821,
      10000.0,
      0.806,
      2.508,
      2.025,
      6.45,
      6.174,
      3.544,
      3.536,
      6.986000000000001,
      6.433
    ],
    [
      10000.0,
      10000.0,
      5.438000000000001,
      3.106,
      3.2310000000000003,
      5.869,
      3.9960000000000004,
      0.28300000000000003,
      5.7700000000000005,
      4.031000000000001,
      2.9730000000000003,
      2.983,
      0.671,
      5.371,
      5.5440000000000005,
      3.401,
      0.51,
      7.642,
      2.8280000000000003,
      4.569,
      6.203,
      6.629000000000001,
      3.9290000000000003,
      3.9200000000000004,
      0.806,
      10000.0,
      3.289,
      2.8160000000000003,
      5.825,
      5.507000000000001,
      3.3060000000000005,
      3.4130000000000003,
      6.1850000000000005,
      5.6290000000000004
    ],
    [
      10000.0,
      10000.0,
      7.908,
      2.052,
      6.519,
      9.148000000000001,
      1.044,
      3.1780000000000004,
      4.144,
      3.8950000000000005,
      5.659000000000001,
      0.447,
      3.437,
      6.742000000000001,
      8.786,
      5.522,
      2.8640000000000003,
      9.618000000000002,
      3.891,
      5.798,
      9.492,
      9.849,
      3.4210000000000003,
      3.89,
      2.508,
      3.289,
      10000.0,
      0.5,
      8.201,
      8.06,
      5.5,
      5.300000000000001,
      9.464,
      8.902
    ],
    [
      10000.0,
      10000.0,
      7.596,
      2.059,
      6.041,
      8.683,
      1.476,
      2.693,
      4.405,
      3.883,
      5.162,
      0.22400000000000003,
      3.007,
      6.58,
      8.336,
      5.048,
      2.3770000000000002,
      9.394,
      3.689,
      5.640000000000001,
      9.014000000000001,
      9.354000000000001,
      3.448,
      3.8600000000000003,
      2.025,
      2.8160000000000003,
      0.5,
      10000.0,
      7.906000000000001,
      7.737000000000001,
      5.022,
      4.837,
      8.999,
      8.440000000000001
    ],
    [
      10000.0,
      10000.0,
      0.447,
      6.538,
      4.847,
      4.785,
      8.287,
      6.103000000000001,
      7.543000000000001,
      5.346,
      7.187000000000001,
      8.127,
      5.248,
      2.608,
      4.061,
      8.184000000000001,
      6.297000000000001,
      2.0620000000000003,
      4.428,
      3.132,
      5.59,
      7.035,
      5.822,
      5.235,
      6.45,
      5.825,
      8.201,
      7.906000000000001,
      10000.0,
      0.6000000000000001,
      8.045,
      8.42,
      4.948,
      4.554
    ],
    [
      10000.0,
      10000.0,
      0.28300000000000003,
      6.501000000000001,
      4.295000000000001,
      4.1979999999999995,
      8.222,
      5.78,
      7.716,
      5.457000000000001,
      6.685,
      7.956,
      4.966,
      2.9730000000000003,
      3.471,
      7.7010000000000005,
      5.994,
      2.625,
      4.401,
      3.354,
      5.001,
      6.438,
      5.9030000000000005,
      5.337,
      6.174,
      5.507000000000001,
      8.06,
      7.737000000000001,
      0.6000000000000001,
      10000.0,
      7.56,
      7.9510000000000005,
      4.368,
      3.9619999999999997
    ],
    [
      10000.0,
      10000.0,
      7.603000000000001,
      6.198,
      3.5,
      5.819,
      6.490000000000001,
      3.1260000000000003,
      8.919,
      7.333,
      0.9430000000000001,
      5.061,
      3.901,
      8.352,
      5.9030000000000005,
      0.141,
      3.276,
      10.07,
      6.103000000000001,
      7.6690000000000005,
      5.707000000000001,
      5.315,
      7.2010000000000005,
      7.2250000000000005,
      3.544,
      3.3060000000000005,
      5.5,
      5.022,
      8.045,
      7.56,
      10000.0,
      0.51,
      6.073,
      5.7010000000000005
    ],
    [
      10000.0,
      10000.0,
      7.981000000000001,
      6.1610000000000005,
      3.9659999999999997,
      6.325,
      6.313000000000001,
      3.2020000000000004,
      8.877,
      7.4030000000000005,
      1.4320000000000002,
      4.855,
      4.045000000000001,
      8.603,
      6.398,
      0.4,
      3.3060000000000005,
      10.429000000000002,
      6.239000000000001,
      7.885,
      6.2170000000000005,
      5.808,
      7.234000000000001,
      7.301000000000001,
      3.536,
      3.4130000000000003,
      5.300000000000001,
      4.837,
      8.42,
      7.9510000000000005,
      0.51,
      10000.0,
      6.58,
      6.203
    ],
    [
      10000.0,
      10000.0,
      4.617,
      8.724,
      3.015,
      0.31600000000000006,
      10.066,
      6.335000000000001,
      10.823,
      8.515,
      5.166,
      9.168000000000001,
      6.075,
      7.071,
      0.9430000000000001,
      6.198,
      6.649,
      6.712000000000001,
      7.06,
      7.08,
      0.7280000000000001,
      2.256,
      8.78,
      8.374,
      6.986000000000001,
      6.1850000000000005,
      9.464,
      8.999,
      4.948,
      4.368,
      6.073,
      6.58,
      10000.0,
      0.5830000000000001
    ],
    [
      10000.0,
      10000.0,
      4.1979999999999995,
      8.141,
      2.5,
      0.28300000000000003,
      9.492,
      5.787,
      10.245000000000001,
      7.940000000000001,
      4.776,
      8.612,
      5.503,
      6.574,
      0.5,
      5.831,
      6.1000000000000005,
      6.401000000000001,
      6.481999999999999,
      6.545999999999999,
      1.044,
      2.5,
      8.201,
      7.7989999999999995,
      6.433,
      5.6290000000000004,
      8.902,
      8.440000000000001,
      4.554,
      3.9619999999999997,
      5.7010000000000005,
      6.203,
      0.5830000000000001,
      10000.0
    ]
  ],
  "vehicle_cost_matrix": [
    [
      100000.0,
      120.0,
      100000.0,
      98.4,
      34.06,
      100000.0,
      116.02,
      37.2,
