{
  "name": "RM-d3-n10-k1-p2",
  "V_coordinates": [
    [
      73,
      50
    ],
    [
      32,
      82
    ],
    [
      32,
      19
    ],
    [
      17,
      67
    ],
    [
      33,
      63
    ],
    [
      97,
      96
    ],
    [
      28,
      85
    ],
    [
      20,
      47
    ],
    [
      59,
      97
    ],
    [
      68,
      75
    ],
    [
      34,
      49
    ],
    [
      65,
      88
    ],
    [
      8,
      54
    ],
    [
      80,
      18
    ],
    [
      97,
      34
    ],
    [
      42,
      7
    ],
    [
      53,
      31
    ],
    [
      58,
      76
    ],
    [
      37,
      20
    ],
    [
      60,
      82
    ],
    [
      92,
      32
    ],
    [
      8,
      72
    ],
    [
      68,
      62
    ],
    [
      34,
      91
    ],
    [
      5,
      94
    ],
    [
      88,
      74
    ],
    [
      6,
      53
    ],
    [
      45,
      8
    ],
    [
      87,
      17
    ],
    [
      62,
      39
    ],
    [
      33,
      61
    ],
    [
      97,
      42
    ],
    [
      7,
      8
    ],
    [
      59,
      81
    ],
    [
      62,
      86
    ],
    [
      9,
      5
    ],
    [
      4,
      6
    ],
    [
      56,
      29
    ],
    [
      51,
      32
    ],
    [
      59,
      37
    ],
    [
      59,
      42
    ],
    [
      10,
      93
    ],
    [
      3,
      94
    ],
    [
      66,
      77
    ],
    [
      70,
      74
    ],
    [
      9,
      52
    ],
    [
      5,
      52
    ],
    [
      6,
      70
    ],
    [
      9,
      73
    ],
    [
      93,
      41
    ],
    [
      98,
      42
    ],
    [
      33,
      59
    ],
    [
      33,
      65
    ]
  ],
  "V": [
    0,
    1,
    2,
    3,
    4,
    5,
    6,
    7,
    8,
    9,
    10,
    11,
    12,
    13,
    14,
    15,
    16,
    17,
    18,
    19,
    20,
    21,
    22,
    23,
    24,
    25,
    26,
    27,
    28,
    29,
    30,
    31,
    32,
    33,
    34,
    35,
    36,
    37,
    38,
    39,
    40,
    41,
    42,
    43,
    44,
    45,
    46,
    47,
    48,
    49,
    50,
    51,
    52
  ],
  "VD": [
    0,
    1,
    2
  ],
  "VC": [
    3,
    4,
    5,
    6,
    7,
    8,
    9,
    10,
    11,
    12,
    13,
    14,
    15,
    16,
    17,
    18,
    19,
    20,
    21,
    22,
    23,
    24,
    25,
    26,
    27,
    28,
    29,
    30,
    31,
    32
  ],
  "VP": [
    33,
    34,
    35,
    36,
    37,
    38,
    39,
    40,
    41,
    42,
    43,
    44,
    45,
    46,
    47,
    48,
    49,
    50,
    51,
    52
  ],
  "VC1": [
    3,
    4,
    5,
    6,
    7,
    8,
    10,
    11,
    13,
    14,
    15,
    17,
    18,
    20,
    22,
    23,
    25,
    26,
    27,
    28
  ],
  "VC2": [
    19,
    32,
    16,
    29,
    24,
    9,
    12,
    21,
    31,
    30
  ],
  "demand": [
    0,
    0,
    0,
    15,
    21,
    19,
    12,
    15,
    15,
    18,
    26,
    15,
    18,
    30,
    19,
    24,
    20,
    25,
    25,
    13,
    10,
    19,
    22,
    20,
    23,
    16,
    18,
    13,
    18,
    26,
    16,
    29,
    23,
    0,
    0,
    0,
    0,
    0,
    0,
    0,
    0,
    0,
    0,
    0,
    0,
    0,
    0,
    0,
    0,
    0,
    0,
    0,
    0
  ],
  "service_time": [
    0,
    0,
    0,
    10,
    13,
    10,
    16,
    12,
    10,
    12,
    17,
    18,
    20,
    16,
    18,
    13,
    20,
    18,
    17,
    13,
    18,
    20,
    10,
    16,
    20,
    19,
    15,
    20,
    20,
    16,
    10,
    14,
    12,
    0,
    0,
    0,
    0,
    0,
    0,
    0,
    0,
    0,
    0,
    0,
    0,
    0,
    0,
    0,
    0,
    0,
    0,
    0,
    0
  ],
  "K": [
    0,
    1,
    2
  ],
  "veh_dist_matrix": [
    [
      100000.0,
      52.01,
      51.4,
      58.52,
      42.06,
      51.88,
      57.01,
      53.08,
      49.04,
      100000.0,
      39.01,
      38.83,
      100000.0,
      32.76,
      28.84,
      53.01,
      100000.0,
      30.02,
      46.86,
      100000.0,
      26.17,
      100000.0,
      13.0,
      56.59,
      100000.0,
      28.3,
      67.07,
      50.48,
      35.85,
      100000.0,
      100000.0,
      100000.0,
      100000.0,
      34.01,
      37.64,
      78.24,
      81.84,
      27.02,
      28.43,
      19.1,
      16.12,
      76.28,
      82.68,
      27.89,
      24.19,
      64.03,
      68.03,
      69.92,
      68.01,
      21.93,
      26.25,
      41.0,
      42.72
    ],
    [
      52.01,
      100000.0,
      63.0,
      21.21,
      19.03,
      66.49,
      5.0,
      37.0,
      30.89,
      100000.0,
      33.06,
      33.54,
      100000.0,
      80.0,
      80.8,
      75.66,
      100000.0,
      26.68,
      62.2,
      100000.0,
      78.1,
      100000.0,
      41.18,
      9.22,
      100000.0,
      56.57,
      38.95,
      75.13,
      85.15,
      100000.0,
      100000.0,
      100000.0,
      100000.0,
      27.02,
      30.27,
      80.36,
      80.99,
      58.18,
      53.49,
      52.48,
      48.26,
      24.6,
      31.38,
      34.37,
      38.83,
      37.8,
      40.36,
      28.64,
      24.7,
      73.5,
      77.18,
      23.02,
      17.03
    ],
    [
      51.4,
      63.0,
      100000.0,
      50.29,
      44.01,
      100.77,
      66.12,
      30.46,
      82.54,
      100000.0,
      30.07,
      76.49,
      100000.0,
      48.01,
      66.71,
      15.62,
      100000.0,
      62.65,
      5.1,
      100000.0,
      61.39,
      100000.0,
      56.08,
      72.03,
      100000.0,
      78.49,
      42.8,
      17.03,
      55.04,
      100000.0,
      100000.0,
      100000.0,
      100000.0,
      67.62,
      73.41,
      26.93,
      30.87,
      26.0,
      23.02,
      32.45,
      35.47,
      77.2,
      80.41,
      67.23,
      66.85,
      40.22,
      42.64,
      57.25,
      58.69,
      64.85,
      69.89,
      40.01,
      46.01
    ],
    [
      58.52,
      21.21,
      50.29,
      100000.0,
      16.49,
      85.09,
      21.1,
      20.22,
      51.61,
      100000.0,
      24.76,
      52.39,
      100000.0,
      79.81,
      86.54,
      65.0,
      100000.0,
      41.98,
      51.08,
      100000.0,
      82.76,
      100000.0,
      51.24,
      29.41,
      100000.0,
      71.34,
      17.8,
      65.31,
      86.02,
      100000.0,
      100000.0,
      100000.0,
      100000.0,
      44.27,
      48.85,
      62.51,
      62.37,
      54.45,
      48.8,
      51.61,
      48.88,
      26.93,
      30.41,
      50.01,
      53.46,
      17.0,
      19.21,
      11.4,
      10.0,
      80.32,
      84.77,
      17.89,
      16.12
    ],
    [
      42.06,
      19.03,
      44.01,
      16.49,
      100000.0,
      72.01,
      22.56,
      20.62,
      42.8,
      100000.0,
      14.04,
      40.61,
      100000.0,
      65.07,
      70.26,
      56.72,
      100000.0,
      28.18,
      43.19,
      100000.0,
      66.65,
      100000.0,
      35.01,
      28.02,
      100000.0,
      56.09,
      28.79,
      56.29,
      70.94,
      100000.0,
      100000.0,
      100000.0,
      100000.0,
      31.62,
      37.01,
      62.77,
      63.95,
      41.05,
      35.85,
      36.77,
      33.42,
      37.8,
      43.14,
      35.85,
      38.6,
      26.4,
      30.08,
      27.89,
      26.0,
      63.91,
      68.31,
      4.0,
      2.0
    ],
    [
      51.88,
      66.49,
      100.77,
      85.09,
      72.01,
      100000.0,
      69.87,
      91.27,
      38.01,
      100000.0,
      78.6,
      32.98,
      100000.0,
      79.83,
      62.0,
      104.62,
      100000.0,
      43.83,
      96.83,
      100000.0,
      64.2,
      100000.0,
      44.69,
      63.2,
      100000.0,
      23.77,
      100.65,
      102.22,
      79.63,
      100000.0,
      100000.0,
      100000.0,
      100000.0,
      40.85,
      36.4,
      126.59,
      129.42,
      78.55,
      78.82,
      70.18,
      66.03,
      87.05,
      94.02,
      36.36,
      34.83,
      98.39,
      101.98,
      94.64,
      90.96,
      55.15,
      54.01,
      73.93,
      71.11
    ],
    [
      57.01,
      5.0,
      66.12,
      21.1,
      22.56,
      69.87,
      100000.0,
      38.83,
      33.24,
      100000.0,
      36.5,
      37.12,
      100000.0,
      84.81,
      85.8,
      79.25,
      100000.0,
      31.32,
      65.62,
      100000.0,
      83.1,
      100000.0,
      46.14,
      8.49,
      100000.0,
      61.0,
      38.83,
      78.85,
      90.03,
      100000.0,
      100000.0,
      100000.0,
      100000.0,
      31.26,
      34.01,
      82.23,
      82.57,
      62.61,
      57.78,
      57.14,
      53.01,
      19.7,
      26.57,
      38.83,
      43.42,
      38.08,
      40.22,
      26.63,
      22.47,
      78.49,
      82.15,
      26.48,
      20.62
    ],
    [
      53.08,
      37.0,
      30.46,
      20.22,
      20.62,
      91.27,
      38.83,
      100000.0,
      63.41,
      100000.0,
      14.14,
      60.88,
      100000.0,
      66.64,
      78.09,
      45.65,
      100000.0,
      47.8,
      31.91,
      100000.0,
      73.55,
      100000.0,
      50.29,
      46.17,
      100000.0,
      73.16,
      15.23,
      46.32,
      73.41,
      100000.0,
      100000.0,
      100000.0,
      100000.0,
      51.74,
      57.31,
      43.42,
      44.01,
      40.25,
      34.44,
      40.26,
      39.32,
      47.07,
      49.98,
      54.92,
      56.82,
      12.08,
      15.81,
      26.93,
      28.23,
      73.25,
      78.16,
      17.69,
      22.2
    ],
    [
      49.04,
      30.89,
      82.54,
      51.61,
      42.8,
      38.01,
      33.24,
      63.41,
      100000.0,
      100000.0,
      54.12,
      10.82,
      100000.0,
      81.74,
      73.57,
      91.59,
      100000.0,
      21.02,
      80.08,
      100000.0,
      72.9,
      100000.0,
      36.14,
      25.71,
      100000.0,
      37.01,
      68.88,
      90.09,
      84.76,
      100000.0,
      100000.0,
      100000.0,
      100000.0,
      16.0,
      11.4,
      104.71,
      106.33,
      68.07,
      65.49,
      60.0,
      55.0,
      49.16,
      56.08,
      21.19,
      25.5,
      67.27,
      70.29,
      59.48,
      55.46,
      65.51,
      67.42,
      46.04,
      41.23
    ],
    [
      100000.0,
      100000.0,
      100000.0,
      100000.0,
      100000.0,
      100000.0,
      100000.0,
      100000.0,
      100000.0,
      100000.0,
      100000.0,
      100000.0,
      100000.0,
      100000.0,
      100000.0,
      100000.0,
      100000.0,
      100000.0,
      100000.0,
      100000.0,
      100000.0,
      100000.0,
      100000.0,
      100000.0,
      100000.0,
      100000.0,
      100000.0,
      100000.0,
      100000.0,
      100000.0,
      100000.0,
      100000.0,
      100000.0,
      100000.0,
      100000.0,
      100000.0,
      100000.0,
      100000.0,
      100000.0,
      100000.0,
      100000.0,
      100000.0,
      100000.0,
      100000.0,
      100000.0,
      100000.0,
      100000.0,
      100000.0,
      100000.0,
      100000.0,
      100000.0,
      100000.0,
      100000.0
    ],
    [
      39.01,
      33.06,
      30.07,
      24.76,
      14.04,
      78.6,
      36.5,
      14.14,
      54.12,
      100000.0,
      100000.0,
      49.82,
      100000.0,
      55.47,
      64.76,
      42.76,
      100000.0,
      36.12,
      29.15,
      100000.0,
      60.44,
      100000.0,
      36.4,
      42.0,
      100000.0,
      59.51,
      28.28,
      42.45,
      61.91,
      100000.0,
      100000.0,
      100000.0,
      100000.0,
      40.61,
      46.4,
      50.61,
      52.43,
      29.73,
      24.04,
      27.73,
      25.96,
      50.12,
      54.64,
      42.52,
      43.83,
      25.18,
      29.15,
      35.0,
      34.66,
      59.54,
      64.38,
      10.05,
      16.03
    ],
    [
      38.83,
      33.54,
      76.49,
      52.39,
      40.61,
      32.98,
      37.12,
      60.88,
      10.82,
      100000.0,
      49.82,
      100000.0,
      100000.0,
      71.59,
      62.77,
      84.2,
      100000.0,
      13.89,
      73.54,
      100000.0,
      62.17,
      100000.0,
      26.17,
      31.14,
      100000.0,
      26.93,
      68.6,
      82.46,
      74.33,
      100000.0,
      100000.0,
      100000.0,
      100000.0,
      9.22,
      3.61,
      100.12,
      102.2,
      59.68,
      57.72,
      51.35,
      46.39,
      55.23,
      62.29,
      11.05,
      14.87,
      66.57,
      69.97,
      61.68,
      57.97,
      54.71,
      56.61,
      43.19,
      39.41
    ],
    [
      100000.0,
      100000.0,
      100000.0,
      100000.0,
      100000.0,
      100000.0,
      100000.0,
      100000.0,
      100000.0,
      100000.0,
      100000.0,
      100000.0,
      100000.0,
      100000.0,
      100000.0,
      100000.0,
      100000.0,
      100000.0,
      100000.0,
      100000.0,
      100000.0,
      100000.0,
      100000.0,
      100000.0,
      100000.0,
      100000.0,
      100000.0,
      100000.0,
      100000.0,
      100000.0,
      100000.0,
      100000.0,
      100000.0,
      100000.0,
      100000.0,
      100000.0,
      100000.0,
      100000.0,
      100000.0,
      100000.0,
      100000.0,
      100000.0,
      100000.0,
      100000.0,
      100000.0,
      100000.0,
      100000.0,
      100000.0,
      100000.0,
      100000.0,
      100000.0,
      100000.0,
      100000.0
    ],
    [
      32.76,
      80.0,
      48.01,
      79.81,
      65.07,
      79.83,
      84.81,
      66.64,
      81.74,
      100000.0,
      55.47,
      71.59,
      100000.0,
      100000.0,
      23.35,
      39.56,
      100000.0,
      62.03,
      43.05,
      100000.0,
      18.44,
      100000.0,
      45.61,
      86.28,
      100000.0,
      56.57,
      81.86,
      36.4,
      7.07,
      100000.0,
      100000.0,
      100000.0,
      100000.0,
      66.41,
      70.34,
      72.18,
      76.94,
      26.4,
      32.2,
      28.32,
      31.89,
      102.59,
      108.19,
      60.64,
      56.89,
      78.72,
      82.35,
      90.44,
      89.81,
      26.42,
      30.0,
      62.37,
      66.47
    ],
    [
      28.84,
      80.8,
      66.71,
      86.54,
      70.26,
      62.0,
      85.8,
      78.09,
      73.57,
      100000.0,
      64.76,
      62.77,
      100000.0,
      23.35,
      100000.0,
      61.27,
      100000.0,
      57.31,
      61.61,
      100000.0,
      5.39,
      100000.0,
      40.31,
      84.96,
      100000.0,
      41.0,
      92.96,
      58.14,
      19.72,
      100000.0,
      100000.0,
      100000.0,
      100000.0,
      60.44,
      62.68,
      92.66,
      97.12,
      41.3,
      46.04,
      38.12,
      38.83,
      105.12,
      111.52,
      53.01,
      48.26,
      89.82,
      93.74,
      97.86,
      96.25,
      8.06,
      8.06,
      68.71,
      71.11
    ],
    [
      53.01,
      75.66,
      15.62,
      65.0,
      56.72,
      104.62,
      79.25,
      45.65,
      91.59,
      100000.0,
      42.76,
      84.2,
      100000.0,
      39.56,
      61.27,
      100000.0,
      100000.0,
      70.83,
      13.93,
      100000.0,
      55.9,
      100000.0,
      60.84,
      84.38,
      100000.0,
      81.27,
      58.41,
      3.16,
      46.1,
      100000.0,
      100000.0,
      100000.0,
      100000.0,
      75.93,
      81.49,
      33.06,
      38.01,
      26.08,
      26.57,
      34.48,
      38.91,
      91.76,
      95.34,
      74.0,
      72.62,
      55.8,
      58.26,
      72.56,
      73.79,
      61.29,
      66.04,
      52.77,
      58.69
    ],
    [
      100000.0,
      100000.0,
      100000.0,
      100000.0,
      100000.0,
      100000.0,
      100000.0,
      100000.0,
      100000.0,
      100000.0,
      100000.0,
      100000.0,
      100000.0,
      100000.0,
      100000.0,
      100000.0,
      100000.0,
      100000.0,
      100000.0,
      100000.0,
      100000.0,
      100000.0,
      100000.0,
      100000.0,
      100000.0,
      100000.0,
      100000.0,
      100000.0,
      100000.0,
      100000.0,
      100000.0,
      100000.0,
      100000.0,
      100000.0,
      100000.0,
      100000.0,
      100000.0,
      100000.0,
      100000.0,
      100000.0,
      100000.0,
      100000.0,
      100000.0,
      100000.0,
      100000.0,
      100000.0,
      100000.0,
      100000.0,
      100000.0,
      100000.0,
      100000.0,
      100000.0,
      100000.0
    ],
    [
      30.02,
      26.68,
      62.65,
      41.98,
      28.18,
      43.83,
      31.32,
      47.8,
      21.02,
      100000.0,
      36.12,
      13.89,
      100000.0,
      62.03,
      57.31,
      70.83,
      100000.0,
      100000.0,
      59.81,
      100000.0,
      55.61,
      100000.0,
      17.2,
      28.3,
      100000.0,
      30.07,
      56.86,
      69.23,
      65.74,
      100000.0,
      100000.0,
      100000.0,
      100000.0,
      5.1,
      10.77,
      86.27,
      88.41,
      47.04,
      44.55,
      39.01,
      34.01,
      50.92,
      57.87,
      8.06,
      12.17,
      54.56,
      58.18,
      52.35,
      49.09,
      49.5,
      52.5,
      30.23,
      27.31
    ],
    [
      46.86,
      62.2,
      5.1,
      51.08,
      43.19,
      96.83,
      65.62,
      31.91,
      80.08,
      100000.0,
      29.15,
      73.54,
      100000.0,
      43.05,
      61.61,
      13.93,
      100000.0,
      59.81,
      100000.0,
      100000.0,
      56.29,
      100000.0,
      52.2,
      71.06,
      100000.0,
      74.28,
      45.28,
      14.42,
      50.09,
      100000.0,
      100000.0,
      100000.0,
      100000.0,
      64.85,
      70.58,
      31.76,
      35.85,
      21.02,
      18.44,
      27.8,
      31.11,
      77.83,
      81.44,
      63.95,
      63.29,
      42.52,
      45.25,
      58.83,
      59.94,
      59.81,
      64.85,
      39.2,
      45.18
    ],
    [
      100000.0,
      100000.0,
      100000.0,
      100000.0,
      100000.0,
      100000.0,
      100000.0,
      100000.0,
      100000.0,
      100000.0,
      100000.0,
      100000.0,
      100000.0,
      100000.0,
      100000.0,
      100000.0,
      100000.0,
      100000.0,
      100000.0,
      100000.0,
      100000.0,
      100000.0,
      100000.0,
      100000.0,
      100000.0,
      100000.0,
      100000.0,
      100000.0,
      100000.0,
      100000.0,
      100000.0,
      100000.0,
      100000.0,
      100000.0,
      100000.0,
      100000.0,
      100000.0,
      100000.0,
      100000.0,
      100000.0,
      100000.0,
      100000.0,
      100000.0,
      100000.0,
      100000.0,
      100000.0,
      100000.0,
      100000.0,
      100000.0,
      100000.0,
      100000.0,
      100000.0,
      100000.0
    ],
    [
      26.17,
      78.1,
      61.39,
      82.76,
      66.65,
      64.2,
      83.1,
      73.55,
      72.9,
      100000.0,
      60.44,
      62.17,
      100000.0,
      18.44,
      5.39,
      55.9,
      100000.0,
      55.61,
      56.29,
      100000.0,
      100000.0,
      100000.0,
      38.42,
      82.73,
      100000.0,
      42.19,
      88.53,
      52.77,
      15.81,
      100000.0,
      100000.0,
      100000.0,
      100000.0,
      59.08,
      61.77,
      87.28,
      91.76,
      36.12,
      41.0,
      33.38,
      34.48,
      102.2,
      108.47,
      51.97,
      47.41,
      85.38,
      89.27,
      94.02,
      92.57,
      9.06,
      11.66,
      64.88,
      67.6
    ],
    [
      100000.0,
      100000.0,
      100000.0,
      100000.0,
      100000.0,
      100000.0,
      100000.0,
      100000.0,
      100000.0,
      100000.0,
      100000.0,
      100000.0,
      100000.0,
      100000.0,
      100000.0,
      100000.0,
      100000.0,
      100000.0,
      100000.0,
      100000.0,
      100000.0,
      100000.0,
      100000.0,
      100000.0,
      100000.0,
      100000.0,
      100000.0,
      100000.0,
      100000.0,
      100000.0,
      100000.0,
      100000.0,
      100000.0,
      100000.0,
      100000.0,
      100000.0,
      100000.0,
      100000.0,
      100000.0,
      100000.0,
      100000.0,
      100000.0,
      100000.0,
      100000.0,
      100000.0,
      100000.0,
      100000.0,
      100000.0,
      100000.0,
      100000.0,
      100000.0,
      100000.0,
      100000.0
    ],
    [
      13.0,
      41.18,
      56.08,
      51.24,
      35.01,
      44.69,
      46.14,
      50.29,
      36.14,
      100000.0,
      36.4,
      26.17,
      100000.0,
      45.61,
      40.31,
      60.84,
      100000.0,
      17.2,
      52.2,
      100000.0,
      38.42,
      100000.0,
      100000.0,
      44.69,
      100000.0,
      23.32,
      62.65,
      58.69,
      48.85,
      100000.0,
      100000.0,
      100000.0,
      100000.0,
      21.02,
      24.74,
      82.04,
      85.04,
      35.11,
      34.48,
      26.57,
      21.93,
      65.76,
      72.45,
      15.13,
      12.17,
      59.84,
      63.79,
      62.51,
      60.02,
      32.65,
      36.06,
      35.13,
      35.13
    ],
    [
      56.59,
      9.22,
      72.03,
      29.41,
      28.02,
      63.2,
      8.49,
      46.17,
      25.71,
      100000.0,
      42.0,
      31.14,
      100000.0,
      86.28,
      84.96,
      84.38,
      100000.0,
      28.3,
      71.06,
      100000.0,
      82.73,
      100000.0,
      44.69,
      100000.0,
      100000.0,
      56.61,
      47.2,
      83.73,
      91.02,
      100000.0,
      100000.0,
      100000.0,
      100000.0,
      26.93,
      28.44,
      89.56,
      90.14,
      65.79,
      61.4,
      59.51,
      55.01,
      24.08,
      31.14,
      34.93,
      39.81,
      46.32,
      48.6,
      35.0,
      30.81,
      77.34,
      80.6,
      32.02,
      26.02
    ],
    [
      100000.0,
      100000.0,
      100000.0,
      100000.0,
      100000.0,
      100000.0,
      100000.0,
      100000.0,
      100000.0,
      100000.0,
      100000.0,
      100000.0,
      100000.0,
      100000.0,
      100000.0,
      100000.0,
      100000.0,
      100000.0,
      100000.0,
      100000.0,
      100000.0,
      100000.0,
      100000.0,
      100000.0,
      100000.0,
      100000.0,
      100000.0,
      100000.0,
      100000.0,
      100000.0,
      100000.0,
      100000.0,
      100000.0,
      100000.0,
      100000.0,
      100000.0,
      100000.0,
      100000.0,
      100000.0,
      100000.0,
      100000.0,
      100000.0,
      100000.0,
      100000.0,
      100000.0,
      100000.0,
      100000.0,
      100000.0,
      100000.0,
      100000.0,
      100000.0,
      100000.0,
      100000.0
    ],
    [
      28.3,
      56.57,
      78.49,
      71.34,
      56.09,
      23.77,
      61.0,
      73.16,
      37.01,
      100000.0,
      59.51,
      26.93,
      100000.0,
      56.57,
      41.0,
      81.27,
      100000.0,
      30.07,
      74.28,
      100000.0,
      42.19,
      100000.0,
      23.32,
      56.61,
      100000.0,
      100000.0,
      84.65,
      78.77,
      57.01,
      100000.0,
      100000.0,
      100000.0,
      100000.0,
      29.83,
      28.64,
      104.89,
      108.07,
      55.22,
      55.97,
      47.01,
      43.19,
      80.28,
      87.32,
      22.2,
      18.0,
      82.01,
      85.87,
      82.1,
      79.01,
      33.38,
      33.53,
      57.01,
      55.73
    ],
    [
      67.07,
      38.95,
      42.8,
      17.8,
      28.79,
      100.65,
      38.83,
      15.23,
      68.88,
      100000.0,
      28.28,
      68.6,
      100000.0,
      81.86,
      92.96,
      58.41,
      100000.0,
      56.86,
      45.28,
      100000.0,
      88.53,
      100000.0,
      62.65,
      47.2,
      100000.0,
      84.65,
      100000.0,
      59.55,
      88.64,
      100000.0,
      100000.0,
      100000.0,
      100000.0,
      59.94,
      65.0,
      48.09,
      47.04,
      55.46,
      49.66,
      55.36,
      54.13,
      40.2,
      41.11,
      64.62,
      67.36,
      3.16,
      1.41,
      17.0,
      20.22,
      87.82,
      92.66,
      27.66,
      29.55
    ],
    [
      50.48,
      75.13,
      17.03,
      65.31,
      56.29,
      102.22,
      78.85,
      46.32,
      90.09,
      100000.0,
      42.45,
      82.46,
      100000.0,
      36.4,
      58.14,
      3.16,
      100000.0,
      69.23,
      14.42,
      100000.0,
      52.77,
      100000.0,
      58.69,
      83.73,
      100000.0,
      78.77,
      59.55,
      100000.0,
      42.95,
      100000.0,
      100000.0,
      100000.0,
      100000.0,
      74.33,
      79.83,
      36.12,
      41.05,
      23.71,
      24.74,
      32.2,
      36.77,
      91.92,
      95.71,
      72.12,
      70.58,
      56.85,
      59.46,
      73.25,
      74.3,
      58.25,
      62.97,
      52.39,
      58.25
    ],
    [
      35.85,
      85.15,
      55.04,
      86.02,
      70.94,
      79.63,
      90.03,
      73.41,
      84.76,
      100000.0,
      61.91,
      74.33,
      100000.0,
      7.07,
      19.72,
      46.1,
      100000.0,
      65.74,
      50.09,
      100000.0,
      15.81,
      100000.0,
      48.85,
      91.02,
      100000.0,
      57.01,
      88.64,
      42.95,
      100000.0,
      100000.0,
      100000.0,
      100000.0,
      100000.0,
      69.86,
      73.39,
      78.92,
      83.73,
      33.24,
      39.0,
      34.41,
      37.54,
      108.19,
      113.95,
      63.57,
      59.48,
      85.49,
      89.16,
      96.8,
      96.02,
      24.74,
      27.31,
      68.41,
      72.25
    ],
    [
      100000.0,
      100000.0,
      100000.0,
      100000.0,
      100000.0,
      100000.0,
      100000.0,
      100000.0,
      100000.0,
      100000.0,
      100000.0,
      100000.0,
      100000.0,
      100000.0,
      100000.0,
      100000.0,
      100000.0,
      100000.0,
      100000.0,
      100000.0,
      100000.0,
      100000.0,
      100000.0,
      100000.0,
      100000.0,
      100000.0,
      100000.0,
      100000.0,
      100000.0,
      100000.0,
      100000.0,
      100000.0,
      100000.0,
      100000.0,
      100000.0,
      100000.0,
      100000.0,
      100000.0,
      100000.0,
      100000.0,
      100000.0,
      100000.0,
      100000.0,
      100000.0,
      100000.0,
      100000.0,
      100000.0,
      100000.0,
      100000.0,
      100000.0,
      100000.0,
      100000.0,
      100000.0
    ],
    [
      100000.0,
      100000.0,
      100000.0,
      100000.0,
      100000.0,
      100000.0,
      100000.0,
      100000.0,
      100000.0,
      100000.0,
      100000.0,
      100000.0,
      100000.0,
      100000.0,
      100000.0,
      100000.0,
      100000.0,
      100000.0,
      100000.0,
      100000.0,
      100000.0,
      100000.0,
      100000.0,
      100000.0,
      100000.0,
      100000.0,
      100000.0,
      100000.0,
      100000.0,
      100000.0,
      100000.0,
      100000.0,
      100000.0,
      100000.0,
      100000.0,
      100000.0,
      100000.0,
      100000.0,
      100000.0,
      100000.0,
      100000.0,
      100000.0,
      100000.0,
      100000.0,
      100000.0,
      100000.0,
      100000.0,
      100000.0,
      100000.0,
      100000.0,
      100000.0,
      100000.0,
      100000.0
    ],
    [
      100000.0,
      100000.0,
      100000.0,
      100000.0,
      100000.0,
      100000.0,
      100000.0,
      100000.0,
      100000.0,
      100000.0,
      100000.0,
      100000.0,
      100000.0,
      100000.0,
      100000.0,
      100000.0,
      100000.0,
      100000.0,
      100000.0,
      100000.0,
      100000.0,
      100000.0,
      100000.0,
      100000.0,
      100000.0,
      100000.0,
      100000.0,
      100000.0,
      100000.0,
      100000.0,
      100000.0,
      100000.0,
      100000.0,
      100000.0,
      100000.0,
      100000.0,
      100000.0,
      100000.0,
      100000.0,
      100000.0,
      100000.0,
      100000.0,
      100000.0,
      100000.0,
      100000.0,
      100000.0,
      100000.0,
      100000.0,
      100000.0,
      100000.0,
      100000.0,
      100000.0,
      100000.0
    ],
    [
      100000.0,
      100000.0,
      100000.0,
      100000.0,
      100000.0,
      100000.0,
      100000.0,
      100000.0,
      100000.0,
      100000.0,
      100000.0,
      100000.0,
      100000.0,
      100000.0,
      100000.0,
      100000.0,
      100000.0,
      100000.0,
      100000.0,
      100000.0,
      100000.0,
      100000.0,
      100000.0,
      100000.0,
      100000.0,
      100000.0,
      100000.0,
      100000.0,
      100000.0,
      100000.0,
      100000.0,
      100000.0,
      100000.0,
      100000.0,
      100000.0,
      100000.0,
      100000.0,
      100000.0,
      100000.0,
      100000.0,
      100000.0,
      100000.0,
      100000.0,
      100000.0,
      100000.0,
      100000.0,
      100000.0,
      100000.0,
      100000.0,
      100000.0,
      100000.0,
      100000.0,
      100000.0
    ],
    [
      34.01,
      27.02,
      67.62,
      44.27,
      31.62,
      40.85,
      31.26,
      51.74,
      16.0,
      100000.0,
      40.61,
      9.22,
      100000.0,
      66.41,
      60.44,
      75.93,
      100000.0,
      5.1,
      64.85,
      100000.0,
      59.08,
      100000.0,
      21.02,
      26.93,
      100000.0,
      29.83,
      59.94,
      74.33,
      69.86,
      100000.0,
      100000.0,
      100000.0,
      100000.0,
      100000.0,
      5.83,
      90.97,
      93.01,
      52.09,
      49.65,
      44.0,
      39.0,
      50.45,
      57.49,
      8.06,
      13.04,
      57.8,
      61.29,
      54.13,
      50.64,
      52.5,
      55.15,
      34.06,
      30.53
    ],
    [
      37.64,
      30.27,
      73.41,
      48.85,
      37.01,
      36.4,
      34.01,
      57.31,
      11.4,
      100000.0,
      46.4,
      3.61,
      100000.0,
      70.34,
      62.68,
      81.49,
      100000.0,
      10.77,
      70.58,
      100000.0,
      61.77,
      100000.0,
      24.74,
      28.44,
      100000.0,
      28.64,
      65.0,
      79.83,
      73.39,
      100000.0,
      100000.0,
      100000.0,
      100000.0,
      5.83,
      100000.0,
      96.8,
      98.81,
      57.31,
      55.11,
      49.09,
      44.1,
      52.47,
      59.54,
      9.85,
      14.42,
      62.97,
      66.37,
      58.24,
      54.57,
      54.64,
      56.85,
      39.62,
      35.81
    ],
    [
      78.24,
      80.36,
      26.93,
      62.51,
      62.77,
      126.59,
      82.23,
      43.42,
      104.71,
      100000.0,
      50.61,
      100.12,
      100000.0,
      72.18,
      92.66,
      33.06,
      100000.0,
      86.27,
      31.76,
      100000.0,
      87.28,
      100000.0,
      82.04,
      89.56,
      100000.0,
      104.89,
      48.09,
      36.12,
      78.92,
      100000.0,
      100000.0,
      100000.0,
      100000.0,
      90.97,
      96.8,
      100000.0,
      5.1,
      52.77,
      49.93,
      59.36,
      62.2,
      88.01,
      89.2,
      91.83,
      92.1,
      47.0,
      47.17,
      65.07,
      68.0,
      91.39,
      96.38,
      59.09,
      64.62
    ],
    [
      81.84,
      80.99,
      30.87,
      62.37,
      63.95,
      129.42,
      82.57,
      44.01,
      106.33,
      100000.0,
      52.43,
      102.2,
      100000.0,
      76.94,
      97.12,
      38.01,
      100000.0,
      88.41,
      35.85,
      100000.0,
      91.76,
      100000.0,
      85.04,
      90.14,
      100000.0,
      108.07,
      47.04,
      41.05,
      83.73,
      100000.0,
      100000.0,
      100000.0,
      100000.0,
      93.01,
      98.81,
      5.1,
      100000.0,
      56.86,
      53.71,
      63.13,
      65.73,
      87.21,
      88.01,
      94.26,
      94.76,
      46.27,
      46.01,
      64.03,
      67.19,
      95.63,
      100.66,
      60.42,
      65.74
    ],
    [
      27.02,
      58.18,
      26.0,
      54.45,
      41.05,
      78.55,
      62.61,
      40.25,
      68.07,
      100000.0,
      29.73,
      59.68,
      100000.0,
      26.4,
      41.3,
      26.08,
      100000.0,
      47.04,
      21.02,
      100000.0,
      36.12,
      100000.0,
      35.11,
      65.79,
      100000.0,
      55.22,
      55.46,
      23.71,
      33.24,
      100000.0,
      100000.0,
      100000.0,
      100000.0,
      52.09,
      57.31,
      52.77,
      56.86,
      100000.0,
      5.83,
      8.54,
      13.34,
      78.82,
      83.87,
      49.03,
      47.13,
      52.33,
      55.95,
      64.66,
      64.38,
      38.9,
      43.97,
      37.8,
      42.72
    ],
    [
      28.43,
      53.49,
      23.02,
      48.8,
      35.85,
      78.82,
      57.78,
      34.44,
      65.49,
      100000.0,
      24.04,
      57.72,
      100000.0,
      32.2,
      46.04,
      26.57,
      100000.0,
      44.55,
      18.44,
      100000.0,
      41.0,
      100000.0,
      34.48,
      61.4,
      100000.0,
      55.97,
      49.66,
      24.74,
      39.0,
      100000.0,
      100000.0,
      100000.0,
      100000.0,
      49.65,
      55.11,
      49.93,
      53.71,
      5.83,
      100000.0,
      9.43,
      12.81,
      73.5,
      78.41,
      47.43,
      46.1,
      46.52,
      50.16,
      58.9,
      58.69,
      42.95,
      48.05,
      32.45,
      37.59
    ],
    [
      19.1,
      52.48,
      32.45,
      51.61,
      36.77,
      70.18,
      57.14,
      40.26,
      60.0,
      100000.0,
      27.73,
      51.35,
      100000.0,
      28.32,
      38.12,
      34.48,
      100000.0,
      39.01,
      27.8,
      100000.0,
      33.38,
      100000.0,
      26.57,
      59.51,
      100000.0,
      47.01,
      55.36,
      32.2,
      34.41,
      100000.0,
      100000.0,
      100000.0,
      100000.0,
      44.0,
      49.09,
      59.36,
      63.13,
      8.54,
      9.43,
      100000.0,
      5.0,
      74.41,
      79.91,
      40.61,
      38.6,
      52.2,
      56.04,
      62.43,
      61.61,
      34.23,
      39.32,
      34.06,
      38.21
    ],
    [
      16.12,
      48.26,
      35.47,
      48.88,
      33.42,
      66.03,
      53.01,
      39.32,
      55.0,
      100000.0,
      25.96,
      46.39,
      100000.0,
      31.89,
      38.83,
      38.91,
      100000.0,
      34.01,
      31.11,
      100000.0,
      34.48,
      100000.0,
      21.93,
      55.01,
      100000.0,
      43.19,
      54.13,
      36.77,
      37.54,
      100000.0,
      100000.0,
      100000.0,
      100000.0,
      39.0,
      44.1,
      62.2,
      65.73,
      13.34,
      12.81,
      5.0,
      100000.0,
      70.72,
      76.42,
      35.69,
      33.84,
      50.99,
      54.92,
      59.94,
      58.83,
      34.01,
      39.0,
      31.06,
      34.71
    ],
    [
      76.28,
      24.6,
      77.2,
      26.93,
      37.8,
      87.05,
      19.7,
      47.07,
      49.16,
      100000.0,
      50.12,
      55.23,
      100000.0,
      102.59,
      105.12,
      91.76,
      100000.0,
      50.92,
      77.83,
      100000.0,
      102.2,
      100000.0,
      65.76,
      24.08,
      100000.0,
      80.28,
      40.2,
      91.92,
      108.19,
      100000.0,
      100000.0,
      100000.0,
      100000.0,
      50.45,
      52.47,
      88.01,
      87.21,
      78.82,
      73.5,
      74.41,
      70.72,
      100000.0,
      7.07,
      58.24,
      62.94,
      41.01,
      41.3,
      23.35,
      20.02,
      97.94,
      101.71,
      41.05,
      36.24
    ],
    [
      82.68,
      31.38,
      80.41,
      30.41,
      43.14,
      94.02,
      26.57,
      49.98,
      56.08,
      100000.0,
      54.64,
      62.29,
      100000.0,
      108.19,
      111.52,
      95.34,
      100000.0,
      57.87,
      81.44,
      100000.0,
      108.47,
      100000.0,
      72.45,
      31.14,
      100000.0,
      87.32,
      41.11,
      95.71,
      113.95,
      100000.0,
      100000.0,
      100000.0,
      100000.0,
      57.49,
      59.54,
      89.2,
      88.01,
      83.87,
      78.41,
      79.91,
      76.42,
      7.07,
      100000.0,
      65.25,
      69.92,
      42.43,
      42.05,
      24.19,
      21.84,
      104.45,
      108.3,
      46.1,
      41.73
    ],
    [
      27.89,
      34.37,
      67.23,
      50.01,
      35.85,
      36.36,
      38.83,
      54.92,
      21.19,
      100000.0,
      42.52,
      11.05,
      100000.0,
      60.64,
      53.01,
      74.0,
      100000.0,
      8.06,
      63.95,
      100000.0,
      51.97,
      100000.0,
      15.13,
      34.93,
      100000.0,
      22.2,
      64.62,
      72.12,
      63.57,
      100000.0,
      100000.0,
      100000.0,
      100000.0,
      8.06,
      9.85,
      91.83,
      94.26,
      49.03,
      47.43,
      40.61,
      35.69,
      58.24,
      65.25,
      100000.0,
      5.0,
      62.24,
      65.92,
      60.41,
      57.14,
      45.0,
      47.42,
      37.59,
      35.11
    ],
    [
      24.19,
      38.83,
      66.85,
      53.46,
      38.6,
      34.83,
      43.42,
      56.82,
      25.5,
      100000.0,
      43.83,
      14.87,
      100000.0,
      56.89,
      48.26,
      72.62,
      100000.0,
      12.17,
      63.29,
      100000.0,
      47.41,
      100000.0,
      12.17,
      39.81,
      100000.0,
      18.0,
      67.36,
      70.58,
      59.48,
      100000.0,
      100000.0,
      100000.0,
      100000.0,
      13.04,
      14.42,
      92.1,
      94.76,
      47.13,
      46.1,
      38.6,
      33.84,
      62.94,
      69.92,
      5.0,
      100000.0,
      64.85,
      68.62,
      64.12,
      61.01,
      40.22,
      42.52,
      39.92,
      38.08
    ],
    [
      64.03,
      37.8,
      40.22,
      17.0,
      26.4,
      98.39,
      38.08,
      12.08,
      67.27,
      100000.0,
      25.18,
      66.57,
      100000.0,
      78.72,
      89.82,
      55.8,
      100000.0,
      54.56,
      42.52,
      100000.0,
      85.38,
      100000.0,
      59.84,
      46.32,
      100000.0,
      82.01,
      3.16,
      56.85,
      85.49,
      100000.0,
      100000.0,
      100000.0,
      100000.0,
      57.8,
      62.97,
      47.0,
      46.27,
      52.33,
      46.52,
      52.2,
      50.99,
      41.01,
      42.43,
      62.24,
      64.85,
      100000.0,
      4.0,
      18.25,
      21.0,
      84.72,
      89.56,
      25.0,
      27.29
    ],
    [
      68.03,
      40.36,
      42.64,
      19.21,
      30.08,
      101.98,
      40.22,
      15.81,
      70.29,
      100000.0,
      29.15,
      69.97,
      100000.0,
      82.35,
      93.74,
      58.26,
      100000.0,
      58.18,
      45.25,
      100000.0,
      89.27,
      100000.0,
      63.79,
      48.6,
      100000.0,
      85.87,
      1.41,
      59.46,
      89.16,
      100000.0,
      100000.0,
      100000.0,
      100000.0,
      61.29,
      66.37,
      47.17,
      46.01,
      55.95,
      50.16,
      56.04,
      54.92,
      41.3,
      42.05,
      65.92,
      68.62,
      4.0,
      100000.0,
      18.03,
      21.38,
      88.68,
      93.54,
      28.86,
      30.87
    ],
    [
      69.92,
      28.64,
      57.25,
      11.4,
      27.89,
      94.64,
      26.63,
      26.93,
      59.48,
      100000.0,
      35.0,
      61.68,
      100000.0,
      90.44,
      97.86,
      72.56,
      100000.0,
      52.35,
      58.83,
      100000.0,
      94.02,
      100000.0,
      62.51,
      35.0,
      100000.0,
      82.1,
      17.0,
      73.25,
      96.8,
      100000.0,
      100000.0,
      100000.0,
      100000.0,
      54.13,
      58.24,
      65.07,
      64.03,
      64.66,
      58.9,
      62.43,
      59.94,
      23.35,
      24.19,
      60.41,
      64.12,
      18.25,
      18.03,
      100000.0,
      4.24,
      91.71,
