{
  "name": "RM-d4-n6-k1-p2",
  "V_coordinates": [
    [
      73,
      50
    ],
    [
      50,
      87
    ],
    [
      15,
      50
    ],
    [
      50,
      25
    ],
    [
      17,
      67
    ],
    [
      33,
      63
    ],
    [
      59,
      97
    ],
    [
      68,
      75
    ],
    [
      34,
      49
    ],
    [
      65,
      88
    ],
    [
      8,
      54
    ],
    [
      80,
      18
    ],
    [
      97,
      34
    ],
    [
      42,
      7
    ],
    [
      53,
      31
    ],
    [
      58,
      76
    ],
    [
      60,
      82
    ],
    [
      92,
      32
    ],
    [
      8,
      72
    ],
    [
      68,
      62
    ],
    [
      34,
      91
    ],
    [
      5,
      94
    ],
    [
      88,
      74
    ],
    [
      6,
      53
    ],
    [
      45,
      8
    ],
    [
      62,
      39
    ],
    [
      33,
      61
    ],
    [
      7,
      8
    ],
    [
      40,
      8
    ],
    [
      46,
      10
    ],
    [
      67,
      73
    ],
    [
      71,
      72
    ],
    [
      67,
      92
    ],
    [
      62,
      91
    ],
    [
      5,
      8
    ],
    [
      9,
      5
    ],
    [
      39,
      5
    ],
    [
      43,
      9
    ],
    [
      31,
      62
    ],
    [
      34,
      59
    ],
    [
      37,
      89
    ],
    [
      31,
      89
    ],
    [
      89,
      35
    ],
    [
      97,
      31
    ]
  ],
  "V": [
    0,
    1,
    2,
    3,
    4,
    5,
    6,
    7,
    8,
    9,
    10,
    11,
    12,
    13,
    14,
    15,
    16,
    17,
    18,
    19,
    20,
    21,
    22,
    23,
    24,
    25,
    26,
    27,
    28,
    29,
    30,
    31,
    32,
    33,
    34,
    35,
    36,
    37,
    38,
    39,
    40,
    41,
    42,
    43
  ],
  "VD": [
    0,
    1,
    2,
    3
  ],
  "VC": [
    4,
    5,
    6,
    7,
    8,
    9,
    10,
    11,
    12,
    13,
    14,
    15,
    16,
    17,
    18,
    19,
    20,
    21,
    22,
    23,
    24,
    25,
    26,
    27
  ],
  "VP": [
    28,
    29,
    30,
    31,
    32,
    33,
    34,
    35,
    36,
    37,
    38,
    39,
    40,
    41,
    42,
    43
  ],
  "VC1": [
    4,
    5,
    6,
    8,
    10,
    11,
    12,
    14,
    15,
    16,
    18,
    19,
    21,
    22,
    23,
    25
  ],
  "VC2": [
    24,
    7,
    9,
    27,
    13,
    26,
    20,
    17
  ],
  "demand": [
    0,
    0,
    0,
    0,
    26,
    14,
    26,
    27,
    16,
    23,
    11,
    25,
    21,
    28,
    27,
    16,
    26,
    23,
    25,
    21,
    23,
    21,
    10,
    27,
    27,
    29,
    29,
    20,
    0,
    0,
    0,
    0,
    0,
    0,
    0,
    0,
    0,
    0,
    0,
    0,
    0,
    0,
    0,
    0
  ],
  "service_time": [
    0,
    0,
    0,
    0,
    17,
    19,
    10,
    13,
    20,
    12,
    18,
    19,
    12,
    11,
    18,
    14,
    10,
    20,
    11,
    11,
    10,
    17,
    10,
    14,
    13,
    14,
    11,
    19,
    0,
    0,
    0,
    0,
    0,
    0,
    0,
    0,
    0,
    0,
    0,
    0,
    0,
    0,
    0,
    0
  ],
  "K": [
    0,
    1,
    2,
    3
  ],
  "veh_dist_matrix": [
    [
      100000.0,
      43.57,
      58.0,
      33.97,
      58.52,
      42.06,
      49.04,
      100000.0,
      39.01,
      100000.0,
      65.12,
      32.76,
      28.84,
      100000.0,
      27.59,
      30.02,
      34.54,
      100000.0,
      68.62,
      13.0,
      100000.0,
      80.99,
      28.3,
      67.07,
      100000.0,
      15.56,
      100000.0,
      100000.0,
      53.41,
      48.26,
      23.77,
      22.09,
      42.43,
      42.45,
      79.92,
      78.24,
      56.4,
      50.8,
      43.68,
      40.02,
      53.08,
      57.31,
      21.93,
      30.61
    ],
    [
      43.57,
      100000.0,
      50.93,
      62.0,
      38.59,
      29.41,
      13.45,
      100000.0,
      41.23,
      100000.0,
      53.41,
      75.24,
      70.84,
      100000.0,
      56.08,
      13.6,
      11.18,
      100000.0,
      44.6,
      30.81,
      100000.0,
      45.54,
      40.16,
      55.61,
      100000.0,
      49.48,
      100000.0,
      100000.0,
      79.63,
      77.1,
      22.02,
      25.81,
      17.72,
      12.65,
      90.92,
      91.68,
      82.73,
      78.31,
      31.4,
      32.25,
      13.15,
      19.1,
      65.0,
      73.11
    ],
    [
      58.0,
      50.93,
      100000.0,
      43.01,
      17.12,
      22.2,
      64.38,
      100000.0,
      19.03,
      100000.0,
      8.06,
      72.45,
      83.55,
      100000.0,
      42.49,
      50.25,
      55.22,
      100000.0,
      23.09,
      54.34,
      100000.0,
      45.12,
      76.84,
      9.49,
      100000.0,
      48.27,
      100000.0,
      100000.0,
      48.88,
      50.61,
      56.86,
      60.17,
      66.84,
      62.37,
      43.17,
      45.4,
      51.0,
      49.65,
      20.0,
      21.02,
      44.78,
      42.15,
      75.5,
      84.17
    ],
    [
      33.97,
      62.0,
      43.01,
      100000.0,
      53.41,
      41.63,
      72.56,
      100000.0,
      28.84,
      100000.0,
      51.04,
      30.81,
      47.85,
      100000.0,
      6.71,
      51.62,
      57.87,
      100000.0,
      63.03,
      41.15,
      100000.0,
      82.38,
      62.01,
      52.15,
      100000.0,
      18.44,
      100000.0,
      100000.0,
      19.72,
      15.52,
      50.92,
      51.48,
      69.12,
      67.08,
      48.1,
      45.62,
      22.83,
      17.46,
      41.59,
      37.58,
      65.31,
      66.76,
      40.26,
      47.38
    ],
    [
      58.52,
      38.59,
      17.12,
      53.41,
      100000.0,
      16.49,
      51.61,
      100000.0,
      24.76,
      100000.0,
      15.81,
      79.81,
      86.54,
      100000.0,
      50.91,
      41.98,
      45.54,
      100000.0,
      10.3,
      51.24,
      100000.0,
      29.55,
      71.34,
      17.8,
      100000.0,
      53.0,
      100000.0,
      100000.0,
      63.32,
      63.95,
      50.36,
      54.23,
      55.9,
      51.0,
      60.21,
      62.51,
      65.79,
      63.56,
      14.87,
      18.79,
      29.73,
      26.08,
      78.79,
      87.73
    ],
    [
      42.06,
      29.41,
      22.2,
      41.63,
      16.49,
      100000.0,
      42.8,
      100000.0,
      14.04,
      100000.0,
      26.57,
      65.07,
      70.26,
      100000.0,
      37.74,
      28.18,
      33.02,
      100000.0,
      26.57,
      35.01,
      100000.0,
      41.77,
      56.09,
      28.79,
      100000.0,
      37.64,
      100000.0,
      100000.0,
      55.44,
      54.57,
      35.44,
      39.05,
      44.69,
      40.31,
      61.72,
      62.77,
      58.31,
      54.92,
      2.24,
      4.12,
      26.31,
      26.08,
      62.61,
      71.55
    ],
    [
      49.04,
      13.45,
      64.38,
      72.56,
      51.61,
      42.8,
      100000.0,
      100000.0,
      54.12,
      100000.0,
      66.71,
      81.74,
      73.57,
      100000.0,
      66.27,
      21.02,
      15.03,
      100000.0,
      56.8,
      36.14,
      100000.0,
      54.08,
      37.01,
      68.88,
      100000.0,
      58.08,
      100000.0,
      100000.0,
      91.01,
      87.97,
      25.3,
      27.73,
      9.43,
      6.71,
      104.1,
      104.71,
      94.15,
      89.44,
      44.82,
      45.49,
      23.41,
      29.12,
      68.88,
      76.16
    ],
    [
      100000.0,
      100000.0,
      100000.0,
      100000.0,
      100000.0,
      100000.0,
      100000.0,
      100000.0,
      100000.0,
      100000.0,
      100000.0,
      100000.0,
      100000.0,
      100000.0,
      100000.0,
      100000.0,
      100000.0,
      100000.0,
      100000.0,
      100000.0,
      100000.0,
      100000.0,
      100000.0,
      100000.0,
      100000.0,
      100000.0,
      100000.0,
      100000.0,
      100000.0,
      100000.0,
      100000.0,
      100000.0,
      100000.0,
      100000.0,
      100000.0,
      100000.0,
      100000.0,
      100000.0,
      100000.0,
      100000.0,
      100000.0,
      100000.0,
      100000.0,
      100000.0
    ],
    [
      39.01,
      41.23,
      19.03,
      28.84,
      24.76,
      14.04,
      54.12,
      100000.0,
      100000.0,
      100000.0,
      26.48,
      55.47,
      64.76,
      100000.0,
      26.17,
      36.12,
      42.01,
      100000.0,
      34.71,
      36.4,
      100000.0,
      53.54,
      59.51,
      28.28,
      100000.0,
      29.73,
      100000.0,
      100000.0,
      41.44,
      40.8,
      40.8,
      43.57,
      54.2,
      50.48,
      50.22,
      50.61,
      44.28,
      41.0,
      13.34,
      10.0,
      40.11,
      40.11,
      56.75,
      65.52
    ],
    [
      100000.0,
      100000.0,
      100000.0,
      100000.0,
      100000.0,
      100000.0,
      100000.0,
      100000.0,
      100000.0,
      100000.0,
      100000.0,
      100000.0,
      100000.0,
      100000.0,
      100000.0,
      100000.0,
      100000.0,
      100000.0,
      100000.0,
      100000.0,
      100000.0,
      100000.0,
      100000.0,
      100000.0,
      100000.0,
      100000.0,
      100000.0,
      100000.0,
      100000.0,
      100000.0,
      100000.0,
      100000.0,
      100000.0,
      100000.0,
      100000.0,
      100000.0,
      100000.0,
      100000.0,
      100000.0,
      100000.0,
      100000.0,
      100000.0,
      100000.0,
      100000.0
    ],
    [
      65.12,
      53.41,
      8.06,
      51.04,
      15.81,
      26.57,
      66.71,
      100000.0,
      26.48,
      100000.0,
      100000.0,
      80.5,
      91.22,
      100000.0,
      50.54,
      54.63,
      59.06,
      100000.0,
      18.0,
      60.53,
      100000.0,
      40.11,
      82.46,
      2.24,
      100000.0,
      56.04,
      100000.0,
      100000.0,
      56.04,
      58.14,
      61.98,
      65.52,
      70.18,
      65.46,
      46.1,
      49.01,
      57.98,
      57.01,
      24.35,
      26.48,
      45.45,
      41.88,
      83.2,
      91.92
    ],
    [
      32.76,
      75.24,
      72.45,
      30.81,
      79.81,
      65.07,
      81.74,
      100000.0,
      55.47,
      100000.0,
      80.5,
      100000.0,
      23.35,
      100000.0,
      29.97,
      62.03,
      67.05,
      100000.0,
      90.0,
      45.61,
      100000.0,
      106.78,
      56.57,
      81.86,
      100000.0,
      27.66,
      100000.0,
      100000.0,
      41.23,
      34.93,
      56.52,
      54.74,
      75.13,
      75.19,
      75.66,
      72.18,
      43.01,
      38.08,
      65.86,
      61.62,
      83.01,
      86.27,
      19.24,
      21.4
    ],
    [
      28.84,
      70.84,
      83.55,
      47.85,
      86.54,
      70.26,
      73.57,
      100000.0,
      64.76,
      100000.0,
      91.22,
      23.35,
      100000.0,
      100000.0,
      44.1,
      57.31,
      60.61,
      100000.0,
      96.77,
      40.31,
      100000.0,
      109.84,
      41.0,
      92.96,
      100000.0,
      35.36,
      100000.0,
      100000.0,
      62.65,
      56.36,
      49.2,
      46.04,
      65.3,
      66.89,
      95.6,
      92.66,
      64.85,
      59.51,
      71.69,
      67.78,
      81.39,
      85.91,
      8.06,
      3.0
    ],
    [
      100000.0,
      100000.0,
      100000.0,
      100000.0,
      100000.0,
      100000.0,
      100000.0,
      100000.0,
      100000.0,
      100000.0,
      100000.0,
      100000.0,
      100000.0,
      100000.0,
      100000.0,
      100000.0,
      100000.0,
      100000.0,
      100000.0,
      100000.0,
      100000.0,
      100000.0,
      100000.0,
      100000.0,
      100000.0,
      100000.0,
      100000.0,
      100000.0,
      100000.0,
      100000.0,
      100000.0,
      100000.0,
      100000.0,
      100000.0,
      100000.0,
      100000.0,
      100000.0,
      100000.0,
      100000.0,
      100000.0,
      100000.0,
      100000.0,
      100000.0,
      100000.0
    ],
    [
      27.59,
      56.08,
      42.49,
      6.71,
      50.91,
      37.74,
      66.27,
      100000.0,
      26.17,
      100000.0,
      50.54,
      29.97,
      44.1,
      100000.0,
      100000.0,
      45.28,
      51.48,
      100000.0,
      60.88,
      34.44,
      100000.0,
      79.2,
      55.44,
      51.89,
      100000.0,
      12.04,
      100000.0,
      100000.0,
      26.42,
      22.14,
      44.27,
      44.78,
      62.59,
      60.67,
      53.23,
      51.11,
      29.53,
      24.17,
      38.01,
      33.84,
      60.17,
      62.03,
      36.22,
      44.0
    ],
    [
      30.02,
      13.6,
      50.25,
      51.62,
      41.98,
      28.18,
      21.02,
      100000.0,
      36.12,
      100000.0,
      54.63,
      62.03,
      57.31,
      100000.0,
      45.28,
      100000.0,
      6.32,
      100000.0,
      50.16,
      17.2,
      100000.0,
      55.97,
      30.07,
      56.86,
      100000.0,
      37.22,
      100000.0,
      100000.0,
      70.34,
      67.08,
      9.49,
      13.6,
      18.36,
      15.52,
      86.21,
      86.27,
      73.5,
      68.66,
      30.41,
      29.41,
      24.7,
      29.97,
      51.4,
      59.55
    ],
    [
      34.54,
      11.18,
      55.22,
      57.87,
      45.54,
      33.02,
      15.03,
      100000.0,
      42.01,
      100000.0,
      59.06,
      67.05,
      60.61,
      100000.0,
      51.48,
      6.32,
      100000.0,
      100000.0,
      52.95,
      21.54,
      100000.0,
      56.29,
      29.12,
      61.29,
      100000.0,
      43.05,
      100000.0,
      100000.0,
      76.66,
      73.35,
      11.4,
      14.87,
      12.21,
      9.22,
      92.2,
      92.36,
      79.81,
      74.95,
      35.23,
      34.71,
      24.04,
      29.83,
      55.23,
      63.01
    ],
    [
      100000.0,
      100000.0,
      100000.0,
      100000.0,
      100000.0,
      100000.0,
      100000.0,
      100000.0,
      100000.0,
      100000.0,
      100000.0,
      100000.0,
      100000.0,
      100000.0,
      100000.0,
      100000.0,
      100000.0,
      100000.0,
      100000.0,
      100000.0,
      100000.0,
      100000.0,
      100000.0,
      100000.0,
      100000.0,
      100000.0,
      100000.0,
      100000.0,
      100000.0,
      100000.0,
      100000.0,
      100000.0,
      100000.0,
      100000.0,
      100000.0,
      100000.0,
      100000.0,
      100000.0,
      100000.0,
      100000.0,
      100000.0,
      100000.0,
      100000.0,
      100000.0
    ],
    [
      68.62,
      44.6,
      23.09,
      63.03,
      10.3,
      26.57,
      56.8,
      100000.0,
      34.71,
      100000.0,
      18.0,
      90.0,
      96.77,
      100000.0,
      60.88,
      50.16,
      52.95,
      100000.0,
      100000.0,
      60.83,
      100000.0,
      22.2,
      80.02,
      19.1,
      100000.0,
      63.29,
      100000.0,
      100000.0,
      71.55,
      72.72,
      59.01,
      63.0,
      62.3,
      57.25,
      64.07,
      67.01,
      73.82,
      72.07,
      25.08,
      29.07,
      33.62,
      28.6,
      89.05,
      97.99
    ],
    [
      13.0,
      30.81,
      54.34,
      41.15,
      51.24,
      35.01,
      36.14,
      100000.0,
      36.4,
      100000.0,
      60.53,
      45.61,
      40.31,
      100000.0,
      34.44,
      17.2,
      21.54,
      100000.0,
      60.83,
      100000.0,
      100000.0,
      70.66,
      23.32,
      62.65,
      100000.0,
      23.77,
      100000.0,
      100000.0,
      60.83,
      56.46,
      11.05,
      10.44,
      30.02,
      29.61,
      82.98,
      82.04,
      63.95,
      58.6,
      37.0,
      34.13,
      41.11,
      45.8,
      34.21,
      42.45
    ],
    [
      100000.0,
      100000.0,
      100000.0,
      100000.0,
      100000.0,
      100000.0,
      100000.0,
      100000.0,
      100000.0,
      100000.0,
      100000.0,
      100000.0,
      100000.0,
      100000.0,
      100000.0,
      100000.0,
      100000.0,
      100000.0,
      100000.0,
      100000.0,
      100000.0,
      100000.0,
      100000.0,
      100000.0,
      100000.0,
      100000.0,
      100000.0,
      100000.0,
      100000.0,
      100000.0,
      100000.0,
      100000.0,
      100000.0,
      100000.0,
      100000.0,
      100000.0,
      100000.0,
      100000.0,
      100000.0,
      100000.0,
      100000.0,
      100000.0,
      100000.0,
      100000.0
    ],
    [
      80.99,
      45.54,
      45.12,
      82.38,
      29.55,
      41.77,
      54.08,
      100000.0,
      53.54,
      100000.0,
      40.11,
      106.78,
      109.84,
      100000.0,
      79.2,
      55.97,
      56.29,
      100000.0,
      22.2,
      70.66,
      100000.0,
      100000.0,
      85.38,
      41.01,
      100000.0,
      79.21,
      100000.0,
      100000.0,
      92.85,
      93.47,
      65.46,
      69.57,
      62.03,
      57.08,
      86.0,
      89.09,
      95.27,
      93.11,
      41.23,
      45.45,
      32.39,
      26.48,
      102.65,
      111.5
    ],
    [
      28.3,
      40.16,
      76.84,
      62.01,
      71.34,
      56.09,
      37.01,
      100000.0,
      59.51,
      100000.0,
      82.46,
      56.57,
      41.0,
      100000.0,
      55.44,
      30.07,
      29.12,
      100000.0,
      80.02,
      23.32,
      100000.0,
      85.38,
      100000.0,
      84.65,
      100000.0,
      43.6,
      100000.0,
      100000.0,
      81.61,
      76.55,
      21.02,
      17.12,
      27.66,
      31.06,
      106.04,
      104.89,
      84.63,
      79.06,
      58.25,
      56.04,
      53.16,
      58.94,
      39.01,
      43.93
    ],
    [
      67.07,
      55.61,
      9.49,
      52.15,
      17.8,
      28.79,
      68.88,
      100000.0,
      28.28,
      100000.0,
      2.24,
      81.86,
      92.96,
      100000.0,
      51.89,
      56.86,
      61.29,
      100000.0,
      19.1,
      62.65,
      100000.0,
      41.01,
      84.65,
      100000.0,
      100000.0,
      57.72,
      100000.0,
      100000.0,
      56.4,
      58.73,
      64.2,
      67.72,
      72.4,
      67.68,
      45.01,
      48.09,
      58.25,
      57.49,
      26.57,
      28.64,
      47.51,
      43.83,
      84.93,
      93.62
    ],
    [
      100000.0,
      100000.0,
      100000.0,
      100000.0,
      100000.0,
      100000.0,
      100000.0,
      100000.0,
      100000.0,
      100000.0,
      100000.0,
      100000.0,
      100000.0,
      100000.0,
      100000.0,
      100000.0,
      100000.0,
      100000.0,
      100000.0,
      100000.0,
      100000.0,
      100000.0,
      100000.0,
      100000.0,
      100000.0,
      100000.0,
      100000.0,
      100000.0,
      100000.0,
      100000.0,
      100000.0,
      100000.0,
      100000.0,
      100000.0,
      100000.0,
      100000.0,
      100000.0,
      100000.0,
      100000.0,
      100000.0,
      100000.0,
      100000.0,
      100000.0,
      100000.0
    ],
    [
      15.56,
      49.48,
      48.27,
      18.44,
      53.0,
      37.64,
      58.08,
      100000.0,
      29.73,
      100000.0,
      56.04,
      27.66,
      35.36,
      100000.0,
      12.04,
      37.22,
      43.05,
      100000.0,
      63.29,
      23.77,
      100000.0,
      79.21,
      43.6,
      57.72,
      100000.0,
      100000.0,
      100000.0,
      100000.0,
      38.01,
      33.12,
      34.37,
      34.21,
      53.24,
      52.0,
      64.88,
      62.97,
      41.05,
      35.51,
      38.6,
      34.41,
      55.9,
      58.83,
      27.29,
      35.9
    ],
    [
      100000.0,
      100000.0,
      100000.0,
      100000.0,
      100000.0,
      100000.0,
      100000.0,
      100000.0,
      100000.0,
      100000.0,
      100000.0,
      100000.0,
      100000.0,
      100000.0,
      100000.0,
      100000.0,
      100000.0,
      100000.0,
      100000.0,
      100000.0,
      100000.0,
      100000.0,
      100000.0,
      100000.0,
      100000.0,
      100000.0,
      100000.0,
      100000.0,
      100000.0,
      100000.0,
      100000.0,
      100000.0,
      100000.0,
      100000.0,
      100000.0,
      100000.0,
      100000.0,
      100000.0,
      100000.0,
      100000.0,
      100000.0,
      100000.0,
      100000.0,
      100000.0
    ],
    [
      100000.0,
      100000.0,
      100000.0,
      100000.0,
      100000.0,
      100000.0,
      100000.0,
      100000.0,
      100000.0,
      100000.0,
      100000.0,
      100000.0,
      100000.0,
      100000.0,
      100000.0,
      100000.0,
      100000.0,
      100000.0,
      100000.0,
      100000.0,
      100000.0,
      100000.0,
      100000.0,
      100000.0,
      100000.0,
      100000.0,
      100000.0,
      100000.0,
      100000.0,
      100000.0,
      100000.0,
      100000.0,
      100000.0,
      100000.0,
      100000.0,
      100000.0,
      100000.0,
      100000.0,
      100000.0,
      100000.0,
      100000.0,
      100000.0,
      100000.0,
      100000.0
    ],
    [
      53.41,
      79.63,
      48.88,
      19.72,
      63.32,
      55.44,
      91.01,
      100000.0,
      41.44,
      100000.0,
      56.04,
      41.23,
      62.65,
      100000.0,
      26.42,
      70.34,
      76.66,
      100000.0,
      71.55,
      60.83,
      100000.0,
      92.85,
      81.61,
      56.4,
      100000.0,
      38.01,
      100000.0,
      100000.0,
      100000.0,
      6.32,
      70.38,
      71.11,
      88.23,
      85.87,
      35.0,
      31.14,
      3.16,
      3.16,
      54.74,
      51.35,
      81.06,
      81.5,
      55.95,
      61.47
    ],
    [
      48.26,
      77.1,
      50.61,
      15.52,
      63.95,
      54.57,
      87.97,
      100000.0,
      40.8,
      100000.0,
      58.14,
      34.93,
      56.36,
      100000.0,
      22.14,
      67.08,
      73.35,
      100000.0,
      72.72,
      56.46,
      100000.0,
      93.47,
      76.55,
      58.73,
      100000.0,
      33.12,
      100000.0,
      100000.0,
      6.32,
      100000.0,
      66.41,
      66.85,
      84.65,
      82.57,
      41.05,
      37.34,
      8.6,
      3.16,
      54.12,
      50.45,
      79.51,
      80.41,
      49.74,
      55.15
    ],
    [
      23.77,
      22.02,
      56.86,
      50.92,
      50.36,
      35.44,
      25.3,
      100000.0,
      40.8,
      100000.0,
      61.98,
      56.52,
      49.2,
      100000.0,
      44.27,
      9.49,
      11.4,
      100000.0,
      59.01,
      11.05,
      100000.0,
      65.46,
      21.02,
      64.2,
      100000.0,
      34.37,
      100000.0,
      100000.0,
      70.38,
      66.41,
      100000.0,
      4.12,
      19.0,
      18.68,
      89.83,
      89.38,
      73.54,
      68.35,
      37.64,
      35.85,
      34.0,
      39.4,
      43.91,
      51.61
    ],
    [
      22.09,
      25.81,
      60.17,
      51.48,
      54.23,
      39.05,
      27.73,
      100000.0,
      43.57,
      100000.0,
      65.52,
      54.74,
      46.04,
      100000.0,
      44.78,
      13.6,
      14.87,
      100000.0,
      63.0,
      10.44,
      100000.0,
      69.57,
      17.12,
      67.72,
      100000.0,
      34.21,
      100000.0,
      100000.0,
      71.11,
      66.85,
      4.12,
      100000.0,
      20.4,
      21.02,
      91.93,
      91.29,
      74.25,
      68.94,
      41.23,
      39.22,
      38.01,
      43.46,
      41.15,
      48.55
    ],
    [
      42.43,
      17.72,
      66.84,
      69.12,
      55.9,
      44.69,
      9.43,
      100000.0,
      54.2,
      100000.0,
      70.18,
      75.13,
      65.3,
      100000.0,
      62.59,
      18.36,
      12.21,
      100000.0,
      62.3,
      30.02,
      100000.0,
      62.03,
      27.66,
      72.4,
      100000.0,
      53.24,
      100000.0,
      100000.0,
      88.23,
      84.65,
      19.0,
      20.4,
      100000.0,
      5.1,
      104.4,
      104.56,
      91.39,
      86.4,
      46.86,
      46.67,
      30.15,
      36.12,
      61.1,
      67.98
    ],
    [
      42.45,
      12.65,
      62.37,
      67.08,
      51.0,
      40.31,
      6.71,
      100000.0,
      50.48,
      100000.0,
      65.46,
      75.19,
      66.89,
      100000.0,
      60.67,
      15.52,
      9.22,
      100000.0,
      57.25,
      29.61,
      100000.0,
      57.08,
      31.06,
      67.68,
      100000.0,
      52.0,
      100000.0,
      100000.0,
      85.87,
      82.57,
      18.68,
      21.02,
      5.1,
      100000.0,
      100.69,
      101.02,
      89.02,
      84.17,
      42.45,
      42.52,
      25.08,
      31.06,
      62.17,
      69.46
    ],
    [
      79.92,
      90.92,
      43.17,
      48.1,
      60.21,
      61.72,
      104.1,
      100000.0,
      50.22,
      100000.0,
      46.1,
      75.66,
      95.6,
      100000.0,
      53.23,
      86.21,
      92.2,
      100000.0,
      64.07,
      82.98,
      100000.0,
      86.0,
      106.04,
      45.01,
      100000.0,
      64.88,
      100000.0,
      100000.0,
      35.0,
      41.05,
      89.83,
      91.93,
      104.4,
      100.69,
      100000.0,
      5.0,
      34.13,
      38.01,
      59.93,
      58.67,
      87.09,
      85.07,
      88.23,
      94.83
    ],
    [
      78.24,
      91.68,
      45.4,
      45.62,
      62.51,
      62.77,
      104.71,
      100000.0,
      50.61,
      100000.0,
      49.01,
      72.18,
      92.66,
      100000.0,
      51.11,
      86.27,
      92.36,
      100000.0,
      67.01,
      82.04,
      100000.0,
      89.09,
      104.89,
      48.09,
      100000.0,
      62.97,
      100000.0,
      100000.0,
      31.14,
      37.34,
      89.38,
      91.29,
      104.56,
      101.02,
      5.0,
      100000.0,
      30.0,
      34.23,
      61.1,
      59.51,
      88.54,
      86.83,
      85.44,
      91.76
    ],
    [
      56.4,
      82.73,
      51.0,
      22.83,
      65.79,
      58.31,
      94.15,
      100000.0,
      44.28,
      100000.0,
      57.98,
      43.01,
      64.85,
      100000.0,
      29.53,
      73.5,
      79.81,
      100000.0,
      73.82,
      63.95,
      100000.0,
      95.27,
      84.63,
      58.25,
      100000.0,
      41.05,
      100000.0,
      100000.0,
      3.16,
      8.6,
      73.54,
      74.25,
      91.39,
      89.02,
      34.13,
      30.0,
      100000.0,
      5.66,
      57.56,
      54.23,
      84.02,
      84.38,
      58.31,
      63.56
    ],
    [
      50.8,
      78.31,
      49.65,
      17.46,
      63.56,
      54.92,
      89.44,
      100000.0,
      41.0,
      100000.0,
      57.01,
      38.08,
      59.51,
      100000.0,
      24.17,
      68.66,
      74.95,
      100000.0,
      72.07,
      58.6,
      100000.0,
      93.11,
      79.06,
      57.49,
      100000.0,
      35.51,
      100000.0,
      100000.0,
      3.16,
      3.16,
      68.35,
      68.94,
      86.4,
      84.17,
      38.01,
      34.23,
      5.66,
      100000.0,
      54.34,
      50.8,
      80.22,
      80.89,
      52.84,
      58.31
    ],
    [
      43.68,
      31.4,
      20.0,
      41.59,
      14.87,
      2.24,
      44.82,
      100000.0,
      13.34,
      100000.0,
      24.35,
      65.86,
      71.69,
      100000.0,
      38.01,
      30.41,
      35.23,
      100000.0,
      25.08,
      37.0,
      100000.0,
      41.23,
      58.25,
      26.57,
      100000.0,
      38.6,
      100000.0,
      100000.0,
      54.74,
      54.12,
      37.64,
      41.23,
      46.86,
      42.45,
      59.93,
      61.1,
      57.56,
      54.34,
      100000.0,
      4.24,
      27.66,
      27.0,
      63.98,
      72.92
    ],
    [
      40.02,
      32.25,
      21.02,
      37.58,
      18.79,
      4.12,
      45.49,
      100000.0,
      10.0,
      100000.0,
      26.48,
      61.62,
      67.78,
      100000.0,
      33.84,
      29.41,
      34.71,
      100000.0,
      29.07,
      34.13,
      100000.0,
      45.45,
      56.04,
      28.64,
      100000.0,
      34.41,
      100000.0,
      100000.0,
      51.35,
      50.45,
      35.85,
      39.22,
      46.67,
      42.52,
      58.67,
      59.51,
      54.23,
      50.8,
      4.24,
      100000.0,
      30.15,
      30.15,
      60.01,
      68.94
    ],
    [
      53.08,
      13.15,
      44.78,
      65.31,
      29.73,
      26.31,
      23.41,
      100000.0,
      40.11,
      100000.0,
      45.45,
      83.01,
      81.39,
      100000.0,
      60.17,
      24.7,
      24.04,
      100000.0,
      33.62,
      41.11,
      100000.0,
      32.39,
      53.16,
      47.51,
      100000.0,
      55.9,
      100000.0,
      100000.0,
      81.06,
      79.51,
      34.0,
      38.01,
      30.15,
      25.08,
      87.09,
      88.54,
      84.02,
      80.22,
      27.66,
      30.15,
      100000.0,
      6.0,
      74.97,
      83.45
    ],
    [
      57.31,
      19.1,
      42.15,
      66.76,
      26.08,
      26.08,
      29.12,
      100000.0,
      40.11,
      100000.0,
      41.88,
      86.27,
      85.91,
      100000.0,
      62.03,
      29.97,
      29.83,
      100000.0,
      28.6,
      45.8,
      100000.0,
      26.48,
      58.94,
      43.83,
      100000.0,
      58.83,
      100000.0,
      100000.0,
      81.5,
      80.41,
      39.4,
      43.46,
      36.12,
      31.06,
      85.07,
      86.83,
      84.38,
      80.89,
      27.0,
      30.15,
      6.0,
      100000.0,
      79.25,
      87.86
    ],
    [
      21.93,
      65.0,
      75.5,
      40.26,
      78.79,
      62.61,
      68.88,
      100000.0,
      56.75,
      100000.0,
      83.2,
      19.24,
      8.06,
      100000.0,
      36.22,
      51.4,
      55.23,
      100000.0,
      89.05,
      34.21,
      100000.0,
      102.65,
      39.01,
      84.93,
      100000.0,
      27.29,
      100000.0,
      100000.0,
      55.95,
      49.74,
      43.91,
      41.15,
      61.1,
      62.17,
      88.23,
      85.44,
      58.31,
      52.84,
      63.98,
      60.01,
      74.97,
      79.25,
      100000.0,
      8.94
    ],
    [
      30.61,
      73.11,
      84.17,
      47.38,
      87.73,
      71.55,
      76.16,
      100000.0,
      65.52,
      100000.0,
      91.92,
      21.4,
      3.0,
      100000.0,
      44.0,
      59.55,
      63.01,
      100000.0,
      97.99,
      42.45,
      100000.0,
      111.5,
      43.93,
      93.62,
      100000.0,
      35.9,
      100000.0,
      100000.0,
      61.47,
      55.15,
      51.61,
      48.55,
      67.98,
      69.46,
      94.83,
      91.76,
      63.56,
      58.31,
      72.92,
      68.94,
      83.45,
      87.86,
      8.94,
      100000.0
    ]
  ],
  "rob_power_matrix": [
    [
      10000.0,
      10000.0,
      10000.0,
      10000.0,
      10000.0,
      10000.0,
      10000.0,
      10000.0,
      10000.0,
      10000.0,
      10000.0,
      10000.0,
      10000.0,
      10000.0,
      10000.0,
      10000.0,
      10000.0,
      10000.0,
      10000.0,
      10000.0,
      10000.0,
      10000.0,
      10000.0,
      10000.0,
      10000.0,
      10000.0,
      10000.0,
      10000.0,
      10000.0,
      10000.0,
      10000.0,
      10000.0,
      10000.0,
      10000.0,
      10000.0,
      10000.0,
      10000.0,
      10000.0,
      10000.0,
      10000.0,
      10000.0,
      10000.0,
      10000.0,
      10000.0
    ],
    [
      10000.0,
      10000.0,
      10000.0,
      10000.0,
      10000.0,
      10000.0,
      10000.0,
      10000.0,
      10000.0,
      10000.0,
      10000.0,
      10000.0,
      10000.0,
      10000.0,
      10000.0,
      10000.0,
      10000.0,
      10000.0,
      10000.0,
      10000.0,
      10000.0,
      10000.0,
      10000.0,
      10000.0,
      10000.0,
      10000.0,
      10000.0,
      10000.0,
      10000.0,
      10000.0,
      10000.0,
      10000.0,
      10000.0,
      10000.0,
      10000.0,
      10000.0,
      10000.0,
      10000.0,
      10000.0,
      10000.0,
      10000.0,
      10000.0,
      10000.0,
      10000.0
    ],
    [
      10000.0,
      10000.0,
      10000.0,
      10000.0,
      10000.0,
      10000.0,
      10000.0,
      10000.0,
      10000.0,
      10000.0,
      10000.0,
      10000.0,
      10000.0,
      10000.0,
      10000.0,
      10000.0,
      10000.0,
      10000.0,
      10000.0,
      10000.0,
      10000.0,
      10000.0,
      10000.0,
      10000.0,
      10000.0,
      10000.0,
      10000.0,
      10000.0,
      10000.0,
      10000.0,
      10000.0,
      10000.0,
      10000.0,
      10000.0,
      10000.0,
      10000.0,
      10000.0,
      10000.0,
      10000.0,
      10000.0,
      10000.0,
      10000.0,
      10000.0,
      10000.0
    ],
    [
      10000.0,
      10000.0,
      10000.0,
      10000.0,
      10000.0,
      10000.0,
      10000.0,
      10000.0,
      10000.0,
      10000.0,
      10000.0,
      10000.0,
      10000.0,
      10000.0,
      10000.0,
      10000.0,
      10000.0,
      10000.0,
      10000.0,
      10000.0,
      10000.0,
      10000.0,
      10000.0,
      10000.0,
      10000.0,
      10000.0,
      10000.0,
      10000.0,
      10000.0,
      10000.0,
      10000.0,
      10000.0,
      10000.0,
      10000.0,
      10000.0,
      10000.0,
      10000.0,
      10000.0,
      10000.0,
      10000.0,
      10000.0,
      10000.0,
      10000.0,
      10000.0
    ],
    [
      10000.0,
      10000.0,
      10000.0,
      10000.0,
      10000.0,
      1.649,
      5.1610000000000005,
      5.162,
      2.4760000000000004,
      5.239000000000001,
      1.5810000000000002,
      7.981000000000001,
      8.654000000000002,
      6.5,
      5.091,
      4.1979999999999995,
      4.554,
      8.276000000000002,
      1.03,
      5.1240000000000006,
      2.9410000000000003,
      2.955,
      7.134,
      1.7800000000000002,
      6.531000000000001,
      5.300000000000001,
      1.709,
      5.984000000000001,
      6.332000000000001,
      6.3950000000000005,
      5.0360000000000005,
      5.423,
      5.59,
      5.1000000000000005,
      6.021000000000001,
      6.251,
      6.579000000000001,
      6.356000000000001,
      1.487,
      1.879,
      2.9730000000000003,
      2.608,
      7.879000000000001,
      8.773000000000001
    ],
    [
      10000.0,
      10000.0,
      10000.0,
      10000.0,
      1.649,
      10000.0,
      4.28,
      3.7,
      1.404,
      4.061,
      2.657,
      6.507,
      7.026000000000001,
      5.672000000000001,
      3.7740000000000005,
      2.818,
      3.3020000000000005,
      6.665000000000001,
      2.657,
      3.501,
      2.802,
      4.1770000000000005,
      5.609000000000001,
      2.879,
      5.6290000000000004,
      3.7640000000000002,
      0.2,
      6.0840000000000005,
      5.5440000000000005,
      5.457000000000001,
      3.544,
      3.905,
      4.469,
      4.031000000000001,
      6.172000000000001,
      6.277000000000001,
      5.831,
      5.492000000000001,
      0.22400000000000003,
      0.41200000000000003,
      2.6310000000000002,
      2.608,
      6.261,
      7.155
    ],
    [
      10000.0,
      10000.0,
      10000.0,
      10000.0,
      5.1610000000000005,
      4.28,
      10000.0,
      2.3770000000000002,
      5.412,
      1.082,
      6.670999999999999,
      8.174,
      7.356999999999999,
      9.159,
      6.627,
      2.102,
      1.5030000000000001,
      7.290000000000001,
      5.68,
      3.6140000000000003,
      2.571,
      5.408,
      3.701,
      6.888,
      9.009,
      5.808,
      4.441,
      10.308,
      9.101,
      8.797,
      2.5300000000000002,
      2.773,
      0.9430000000000001,
      0.671,
      10.41,
      10.471,
      9.415000000000001,
      8.944,
      4.482,
      4.549,
      2.341,
      2.9120000000000004,
      6.888,
      7.616
    ],
    [
      10000.0,
      10000.0,
      10000.0,
      10000.0,
      5.162,
      3.7,
      2.3770000000000002,
      10000.0,
      4.28,
      1.334,
      6.357,
      5.825,
      5.022,
      7.28,
      4.649,
      1.0050000000000001,
      1.0630000000000002,
      4.924,
      6.007000000000001,
      1.3,
      3.758,
      6.58,
      2.0020000000000002,
      6.579000000000001,
      7.0840000000000005,
      3.6500000000000004,
      3.7700000000000005,
      9.061,
      7.2620000000000005,
      6.862000000000001,
      0.22400000000000003,
      0.42400000000000004,
      1.7030000000000003,
      1.709,
      9.197000000000001,
      9.155,
      7.577,
      7.058,
      3.922,
      3.758,
      3.401,
      3.9560000000000004,
      4.518,
      5.2700000000000005
    ],
    [
      10000.0,
      10000.0,
      10000.0,
      10000.0,
      2.4760000000000004,
      1.404,
      5.412,
      4.28,
      10000.0,
      4.982,
      2.648,
      5.547000000000001,
      6.476000000000001,
      4.276,
      2.6170000000000004,
      3.612,
      4.201,
      6.0440000000000005,
      3.471,
      3.64,
      4.2,
      5.354,
      5.9510000000000005,
      2.8280000000000003,
      4.245,
      2.9730000000000003,
      1.204,
      4.909000000000001,
      4.144,
      4.08,
      4.08,
      4.357,
      5.420000000000001,
      5.048,
      5.022,
      5.061,
      4.428,
      4.1000000000000005,
      1.334,
      1.0,
      4.011,
      4.011,
      5.675000000000001,
      6.552
    ],
    [
      10000.0,
      10000.0,
      10000.0,
      10000.0,
      5.239000000000001,
      4.061,
      1.082,
      1.334,
      4.982,
      10000.0,
      6.6370000000000005,
      7.159000000000001,
      6.277000000000001,
      8.42,
      5.825,
      1.3890000000000002,
      0.781,
      6.2170000000000005,
      5.920000000000001,
      2.6170000000000004,
      3.1140000000000003,
      6.03,
      2.693,
      6.859999999999999,
      8.246,
      4.909000000000001,
      4.187,
      9.881,
      8.382,
      8.028,
      1.5130000000000001,
      1.709,
      0.447,
      0.42400000000000004,
      10.0,
      10.012,
      8.698,
      8.201,
      4.28,
      4.245,
      2.802,
      3.401,
      5.8180000000000005,
      6.537000000000001
    ],
    [
      10000.0,
      10000.0,
      10000.0,
      10000.0,
      1.5810000000000002,
      2.657,
      6.670999999999999,
      6.357,
      2.648,
      6.6370000000000005,
      10000.0,
      8.05,
      9.122,
      5.801,
      5.054,
      5.463000000000001,
      5.906000000000001,
      8.683,
      1.8,
      6.053000000000001,
      4.522,
      4.011,
      8.246,
      0.22400000000000003,
      5.9030000000000005,
      5.604,
      2.596,
      4.601,
      5.604,
      5.814,
      6.198,
      6.552,
      7.018000000000001,
      6.545999999999999,
      4.61,
      4.901,
      5.798,
      5.7010000000000005,
      2.4350000000000005,
      2.648,
      4.545000000000001,
      4.188000000000001,
      8.32,
      9.192
    ],
    [
      10000.0,
      10000.0,
      10000.0,
      10000.0,
      7.981000000000001,
      6.507,
      8.174,
      5.825,
      5.547000000000001,
      7.159000000000001,
      8.05,
      10000.0,
      2.3350000000000004,
      3.9560000000000004,
      2.997,
      6.203,
      6.705,
      1.8440000000000003,
      9.0,
      4.561,
      8.628,
      10.678,
      5.657,
      8.186,
      3.64,
      2.766,
      6.370000000000001,
      7.368000000000001,
      4.123,
      3.4930000000000003,
      5.652000000000001,
      5.474,
      7.513,
      7.519,
      7.566,
      7.218000000000001,
      4.301,
      3.808,
      6.586,
      6.162,
      8.301,
      8.627,
      1.924,
      2.14
    ],
    [
      10000.0,
      10000.0,
      10000.0,
      10000.0,
      8.654000000000002,
      7.026000000000001,
      7.356999999999999,
      5.022,
      6.476000000000001,
      6.277000000000001,
      9.122,
      2.3350000000000004,
      10000.0,
      6.127000000000001,
      4.41,
      5.731000000000001,
