{
  "name": "RM-d4-n3-k1-p2",
  "V_coordinates": [
    [
      73,
      50
    ],
    [
      50,
      87
    ],
    [
      15,
      50
    ],
    [
      50,
      25
    ],
    [
      60,
      82
    ],
    [
      62,
      39
    ],
    [
      68,
      62
    ],
    [
      65,
      88
    ],
    [
      5,
      94
    ],
    [
      17,
      67
    ],
    [
      8,
      54
    ],
    [
      45,
      8
    ],
    [
      7,
      8
    ],
    [
      80,
      18
    ],
    [
      97,
      34
    ],
    [
      53,
      31
    ],
    [
      95,
      37
    ],
    [
      97,
      29
    ],
    [
      10,
      10
    ],
    [
      7,
      6
    ],
    [
      65,
      83
    ],
    [
      68,
      87
    ],
    [
      44,
      13
    ],
    [
      40,
      8
    ]
  ],
  "V": [
    0,
    1,
    2,
    3,
    4,
    5,
    6,
    7,
    8,
    9,
    10,
    11,
    12,
    13,
    14,
    15,
    16,
    17,
    18,
    19,
    20,
    21,
    22,
    23
  ],
  "VD": [
    0,
    1,
    2,
    3
  ],
  "VC": [
    4,
    5,
    6,
    7,
    8,
    9,
    10,
    11,
    12,
    13,
    14,
    15
  ],
  "VP": [
    16,
    17,
    18,
    19,
    20,
    21,
    22,
    23
  ],
  "VC1": [
    4,
    5,
    6,
    8,
    9,
    10,
    13,
    15
  ],
  "VC2": [
    14,
    12,
    7,
    11
  ],
  "demand": [
    0,
    0,
    0,
    0,
    22,
    28,
    11,
    25,
    17,
    22,
    23,
    15,
    21,
    27,
    21,
    12,
    0,
    0,
    0,
    0,
    0,
    0,
    0,
    0
  ],
  "service_time": [
    0,
    0,
    0,
    0,
    17,
    20,
    18,
    11,
    12,
    18,
    16,
    15,
    17,
    10,
    17,
    10,
    0,
    0,
    0,
    0,
    0,
    0,
    0,
    0
  ],
  "K": [
    0,
    1,
    2,
    3
  ],
  "veh_dist_matrix": [
    [
      100000.0,
      43.57,
      58.0,
      33.97,
      34.54,
      15.56,
      13.0,
      100000.0,
      80.99,
      58.52,
      65.12,
      100000.0,
      100000.0,
      32.76,
      100000.0,
      27.59,
      25.55,
      31.89,
      74.63,
      79.32,
      33.96,
      37.34,
      47.01,
      53.41
    ],
    [
      43.57,
      100000.0,
      50.93,
      62.0,
      11.18,
      49.48,
      30.81,
      100000.0,
      45.54,
      38.59,
      53.41,
      100000.0,
      100000.0,
      75.24,
      100000.0,
      56.08,
      67.27,
      74.65,
      86.77,
      91.71,
      15.52,
      18.0,
      74.24,
      79.63
    ],
    [
      58.0,
      50.93,
      100000.0,
      43.01,
      55.22,
      48.27,
      54.34,
      100000.0,
      45.12,
      17.12,
      8.06,
      100000.0,
      100000.0,
      72.45,
      100000.0,
      42.49,
      81.05,
      84.65,
      40.31,
      44.72,
      59.91,
      64.64,
      47.01,
      48.88
    ],
    [
      33.97,
      62.0,
      43.01,
      100000.0,
      57.87,
      18.44,
      41.15,
      100000.0,
      82.38,
      53.41,
      51.04,
      100000.0,
      100000.0,
      30.81,
      100000.0,
      6.71,
      46.57,
      47.17,
      42.72,
      47.01,
      59.91,
      64.56,
      13.42,
      19.72
    ],
    [
      34.54,
      11.18,
      55.22,
      57.87,
      100000.0,
      43.05,
      21.54,
      100000.0,
      56.29,
      45.54,
      59.06,
      100000.0,
      100000.0,
      67.05,
      100000.0,
      51.48,
      57.01,
      64.64,
      87.66,
      92.66,
      5.1,
      9.43,
      70.83,
      76.66
    ],
    [
      15.56,
      49.48,
      48.27,
      18.44,
      43.05,
      100000.0,
      23.77,
      100000.0,
      79.21,
      53.0,
      56.04,
      100000.0,
      100000.0,
      27.66,
      100000.0,
      12.04,
      33.06,
      36.4,
      59.54,
      64.14,
      44.1,
      48.37,
      31.62,
      38.01
    ],
    [
      13.0,
      30.81,
      54.34,
      41.15,
      21.54,
      23.77,
      100000.0,
      100000.0,
      70.66,
      51.24,
      60.53,
      100000.0,
      100000.0,
      45.61,
      100000.0,
      34.44,
      36.8,
      43.93,
      77.9,
      82.81,
      21.21,
      25.0,
      54.56,
      60.83
    ],
    [
      100000.0,
      100000.0,
      100000.0,
      100000.0,
      100000.0,
      100000.0,
      100000.0,
      100000.0,
      100000.0,
      100000.0,
      100000.0,
      100000.0,
      100000.0,
      100000.0,
      100000.0,
      100000.0,
      100000.0,
      100000.0,
      100000.0,
      100000.0,
      100000.0,
      100000.0,
      100000.0,
      100000.0
    ],
    [
      80.99,
      45.54,
      45.12,
      82.38,
      56.29,
      79.21,
      70.66,
      100000.0,
      100000.0,
      29.55,
      40.11,
      100000.0,
      100000.0,
      106.78,
      100000.0,
      79.2,
      106.53,
      112.65,
      84.15,
      88.02,
      61.0,
      63.39,
      89.9,
      92.85
    ],
    [
      58.52,
      38.59,
      17.12,
      53.41,
      45.54,
      53.0,
      51.24,
      100000.0,
      29.55,
      100000.0,
      15.81,
      100000.0,
      100000.0,
      79.81,
      100000.0,
      50.91,
      83.57,
      88.57,
      57.43,
      61.81,
      50.6,
      54.78,
      60.37,
      63.32
    ],
    [
      65.12,
      53.41,
      8.06,
      51.04,
      59.06,
      56.04,
      60.53,
      100000.0,
      40.11,
      15.81,
      100000.0,
      100000.0,
      100000.0,
      80.5,
      100000.0,
      50.54,
      88.65,
      92.44,
      44.05,
      48.01,
      63.95,
      68.48,
      54.56,
      56.04
    ],
    [
      100000.0,
      100000.0,
      100000.0,
      100000.0,
      100000.0,
      100000.0,
      100000.0,
      100000.0,
      100000.0,
      100000.0,
      100000.0,
      100000.0,
      100000.0,
      100000.0,
      100000.0,
      100000.0,
      100000.0,
      100000.0,
      100000.0,
      100000.0,
      100000.0,
      100000.0,
      100000.0,
      100000.0
    ],
    [
      100000.0,
      100000.0,
      100000.0,
      100000.0,
      100000.0,
      100000.0,
      100000.0,
      100000.0,
      100000.0,
      100000.0,
      100000.0,
      100000.0,
      100000.0,
      100000.0,
      100000.0,
      100000.0,
      100000.0,
      100000.0,
      100000.0,
      100000.0,
      100000.0,
      100000.0,
      100000.0,
      100000.0
    ],
    [
      32.76,
      75.24,
      72.45,
      30.81,
      67.05,
      27.66,
      45.61,
      100000.0,
      106.78,
      79.81,
      80.5,
      100000.0,
      100000.0,
      100000.0,
      100000.0,
      29.97,
      24.21,
      20.25,
      70.46,
      73.98,
      66.71,
      70.04,
      36.35,
      41.23
    ],
    [
      100000.0,
      100000.0,
      100000.0,
      100000.0,
      100000.0,
      100000.0,
      100000.0,
      100000.0,
      100000.0,
      100000.0,
      100000.0,
      100000.0,
      100000.0,
      100000.0,
      100000.0,
      100000.0,
      100000.0,
      100000.0,
      100000.0,
      100000.0,
      100000.0,
      100000.0,
      100000.0,
      100000.0
    ],
    [
      27.59,
      56.08,
      42.49,
      6.71,
      51.48,
      12.04,
      34.44,
      100000.0,
      79.2,
      50.91,
      50.54,
      100000.0,
      100000.0,
      29.97,
      100000.0,
      100000.0,
      42.43,
      44.05,
      47.85,
      52.35,
      53.37,
      57.97,
      20.12,
      26.42
    ],
    [
      25.55,
      67.27,
      81.05,
      46.57,
      57.01,
      33.06,
      36.8,
      100000.0,
      106.53,
      83.57,
      88.65,
      100000.0,
      100000.0,
      24.21,
      100000.0,
      42.43,
      100000.0,
      8.25,
      89.19,
      93.3,
      54.92,
      56.82,
      56.36,
      62.18
    ],
    [
      31.89,
      74.65,
      84.65,
      47.17,
      64.64,
      36.4,
      43.93,
      100000.0,
      112.65,
      88.57,
      92.44,
      100000.0,
      100000.0,
      20.25,
      100000.0,
      44.05,
      8.25,
      100000.0,
      89.05,
      92.89,
      62.77,
      64.85,
      55.36,
      60.75
    ],
    [
      74.63,
      86.77,
      40.31,
      42.72,
      87.66,
      59.54,
      77.9,
      100000.0,
      84.15,
      57.43,
      44.05,
      100000.0,
      100000.0,
      70.46,
      100000.0,
      47.85,
      89.19,
      89.05,
      100000.0,
      5.0,
      91.4,
      96.4,
      34.13,
      30.07
    ],
    [
      79.32,
      91.71,
      44.72,
      47.01,
      92.66,
      64.14,
      82.81,
      100000.0,
      88.02,
      61.81,
      48.01,
      100000.0,
      100000.0,
      73.98,
      100000.0,
      52.35,
      93.3,
      92.89,
      5.0,
      100000.0,
      96.4,
      101.4,
      37.66,
      33.06
    ],
    [
      33.96,
      15.52,
      59.91,
      59.91,
      5.1,
      44.1,
      21.21,
      100000.0,
      61.0,
      50.6,
      63.95,
      100000.0,
      100000.0,
      66.71,
      100000.0,
      53.37,
      54.92,
      62.77,
      91.4,
      96.4,
      100000.0,
      5.0,
      73.08,
      79.06
    ],
    [
      37.34,
      18.0,
      64.64,
      64.56,
      9.43,
      48.37,
      25.0,
      100000.0,
      63.39,
      54.78,
      68.48,
      100000.0,
      100000.0,
      70.04,
      100000.0,
      57.97,
      56.82,
      64.85,
      96.4,
      101.4,
      5.0,
      100000.0,
      77.79,
      83.82
    ],
    [
      47.01,
      74.24,
      47.01,
      13.42,
      70.83,
      31.62,
      54.56,
      100000.0,
      89.9,
      60.37,
      54.56,
      100000.0,
      100000.0,
      36.35,
      100000.0,
      20.12,
      56.36,
      55.36,
      34.13,
      37.66,
      73.08,
      77.79,
      100000.0,
      6.4
    ],
    [
      53.41,
      79.63,
      48.88,
      19.72,
      76.66,
      38.01,
      60.83,
      100000.0,
      92.85,
      63.32,
      56.04,
      100000.0,
      100000.0,
      41.23,
      100000.0,
      26.42,
      62.18,
      60.75,
      30.07,
      33.06,
      79.06,
      83.82,
      6.4,
      100000.0
    ]
  ],
  "rob_power_matrix": [
    [
      10000.0,
      10000.0,
      10000.0,
      10000.0,
      10000.0,
      10000.0,
      10000.0,
      10000.0,
      10000.0,
      10000.0,
      10000.0,
      10000.0,
      10000.0,
      10000.0,
      10000.0,
      10000.0,
      10000.0,
      10000.0,
      10000.0,
      10000.0,
      10000.0,
      10000.0,
      10000.0,
      10000.0
    ],
    [
      10000.0,
      10000.0,
      10000.0,
      10000.0,
      10000.0,
      10000.0,
      10000.0,
      10000.0,
      10000.0,
      10000.0,
      10000.0,
      10000.0,
      10000.0,
      10000.0,
      10000.0,
      10000.0,
      10000.0,
      10000.0,
      10000.0,
      10000.0,
      10000.0,
      10000.0,
      10000.0,
      10000.0
    ],
    [
      10000.0,
      10000.0,
      10000.0,
      10000.0,
      10000.0,
      10000.0,
      10000.0,
      10000.0,
      10000.0,
      10000.0,
      10000.0,
      10000.0,
      10000.0,
      10000.0,
      10000.0,
      10000.0,
      10000.0,
      10000.0,
      10000.0,
      10000.0,
      10000.0,
      10000.0,
      10000.0,
      10000.0
    ],
    [
      10000.0,
      10000.0,
      10000.0,
      10000.0,
      10000.0,
      10000.0,
      10000.0,
      10000.0,
      10000.0,
      10000.0,
      10000.0,
      10000.0,
      10000.0,
      10000.0,
      10000.0,
      10000.0,
      10000.0,
      10000.0,
      10000.0,
      10000.0,
      10000.0,
      10000.0,
      10000.0,
      10000.0
    ],
    [
      10000.0,
      10000.0,
      10000.0,
      10000.0,
      10000.0,
      4.305,
      2.154,
      0.781,
      5.6290000000000004,
      4.554,
      5.906000000000001,
      7.550000000000001,
      9.102,
      6.705,
      6.061,
      5.148,
      5.7010000000000005,
      6.464,
      8.766,
      9.266,
      0.51,
      0.9430000000000001,
      7.083,
      7.666
    ],
    [
      10000.0,
      10000.0,
      10000.0,
      10000.0,
      4.305,
      10000.0,
      2.3770000000000002,
      4.909000000000001,
      7.920999999999999,
      5.300000000000001,
      5.604,
      3.536,
      6.313000000000001,
      2.766,
      3.536,
      1.204,
      3.3060000000000005,
      3.64,
      5.954000000000001,
      6.414000000000001,
      4.41,
      4.837,
      3.1620000000000004,
      3.801
    ],
    [
      10000.0,
      10000.0,
      10000.0,
      10000.0,
      2.154,
      2.3770000000000002,
      10000.0,
      2.6170000000000004,
      7.066,
      5.1240000000000006,
      6.053000000000001,
      5.869,
      8.147,
      4.561,
      4.031000000000001,
      3.444,
      3.6799999999999997,
      4.393,
      7.790000000000001,
      8.281,
      2.121,
      2.5,
      5.456,
      6.083
    ],
    [
      10000.0,
      10000.0,
      10000.0,
      10000.0,
      0.781,
      4.909000000000001,
      2.6170000000000004,
      10000.0,
      6.03,
      5.239000000000001,
      6.6370000000000005,
      8.246,
      9.881,
      7.159000000000001,
      6.277000000000001,
      5.825,
      5.917000000000001,
      6.712000000000001,
      9.544,
      10.044,
      0.5,
      0.31600000000000006,
      7.788,
      8.382
    ],
    [
      10000.0,
      10000.0,
      10000.0,
      10000.0,
      5.6290000000000004,
      7.920999999999999,
      7.066,
      6.03,
      10000.0,
      2.955,
      4.011,
      9.485,
      8.602,
      10.678,
      10.984000000000002,
      7.920000000000001,
      10.653,
      11.265,
      8.415000000000001,
      8.802,
      6.1000000000000005,
      6.339,
      8.99,
      9.285
    ],
    [
      10000.0,
      10000.0,
      10000.0,
      10000.0,
      4.554,
      5.300000000000001,
      5.1240000000000006,
      5.239000000000001,
      2.955,
      10000.0,
      1.5810000000000002,
      6.531000000000001,
      5.984000000000001,
      7.981000000000001,
      8.654000000000002,
      5.091,
      8.357,
      8.857,
      5.743,
      6.181000000000001,
      5.0600000000000005,
      5.478000000000001,
      6.037,
      6.332000000000001
    ],
    [
      10000.0,
      10000.0,
      10000.0,
      10000.0,
      5.906000000000001,
      5.604,
      6.053000000000001,
      6.6370000000000005,
      4.011,
      1.5810000000000002,
      10000.0,
      5.9030000000000005,
      4.601,
      8.05,
      9.122,
      5.054,
      8.865,
      9.244,
      4.405,
      4.801,
      6.3950000000000005,
      6.848000000000001,
      5.456,
      5.604
    ],
    [
      10000.0,
      10000.0,
      10000.0,
      10000.0,
      7.550000000000001,
      3.536,
      5.869,
      8.246,
      9.485,
      6.531000000000001,
      5.9030000000000005,
      10000.0,
      3.8000000000000003,
      3.64,
      5.814,
      2.4350000000000005,
      5.78,
      5.6080000000000005,
      3.5060000000000002,
      3.8049999999999997,
      7.7620000000000005,
      8.228,
      0.51,
      0.5
    ],
    [
      10000.0,
      10000.0,
      10000.0,
      10000.0,
      9.102,
      6.313000000000001,
      8.147,
      9.881,
      8.602,
      5.984000000000001,
      4.601,
      3.8000000000000003,
      10000.0,
      7.368000000000001,
      9.368,
      5.143000000000001,
      9.266,
      9.242,
      0.361,
      0.2,
      9.481,
      9.981000000000002,
      3.7340000000000004,
      3.3000000000000003
    ],
    [
      10000.0,
      10000.0,
      10000.0,
      10000.0,
      6.705,
      2.766,
      4.561,
      7.159000000000001,
      10.678,
      7.981000000000001,
      8.05,
      3.64,
      7.368000000000001,
      10000.0,
      2.3350000000000004,
      2.997,
      2.4210000000000003,
      2.025,
      7.045999999999999,
      7.398000000000001,
      6.670999999999999,
      7.004000000000001,
      3.6350000000000002,
      4.123
    ],
    [
      10000.0,
      10000.0,
      10000.0,
      10000.0,
      6.061,
      3.536,
      4.031000000000001,
      6.277000000000001,
      10.984000000000002,
      8.654000000000002,
      9.122,
      5.814,
      9.368,
      2.3350000000000004,
      10000.0,
      4.41,
      0.361,
      0.5,
      9.025,
      9.425,
      5.852,
      6.042000000000001,
      5.7010000000000005,
      6.265000000000001
    ],
    [
      10000.0,
      10000.0,
      10000.0,
      10000.0,
      5.148,
      1.204,
      3.444,
      5.825,
      7.920000000000001,
      5.091,
      5.054,
      2.4350000000000005,
      5.143000000000001,
      2.997,
      4.41,
      10000.0,
      4.243,
      4.405,
      4.785,
      5.235,
      5.337,
      5.797000000000001,
      2.012,
      2.6420000000000003
    ],
    [
      10000.0,
      10000.0,
      10000.0,
      10000.0,
      5.7010000000000005,
      3.3060000000000005,
      3.6799999999999997,
      5.917000000000001,
      10.653,
      8.357,
      8.865,
      5.78,
      9.266,
      2.4210000000000003,
      0.361,
      4.243,
      10000.0,
      0.8250000000000001,
      8.919,
      9.33,
      5.492000000000001,
      5.682,
      5.636,
      6.218
    ],
    [
      10000.0,
      10000.0,
      10000.0,
      10000.0,
      6.464,
      3.64,
      4.393,
      6.712000000000001,
      11.265,
      8.857,
      9.244,
      5.6080000000000005,
      9.242,
      2.025,
      0.5,
      4.405,
      0.8250000000000001,
      10000.0,
      8.905,
      9.289,
      6.277000000000001,
      6.484999999999999,
      5.5360000000000005,
      6.075
    ],
    [
      10000.0,
      10000.0,
      10000.0,
      10000.0,
      8.766,
      5.954000000000001,
      7.790000000000001,
      9.544,
      8.415000000000001,
      5.743,
      4.405,
      3.5060000000000002,
      0.361,
      7.045999999999999,
      9.025,
      4.785,
      8.919,
      8.905,
      10000.0,
      0.5,
      9.14,
      9.64,
      3.4130000000000003,
      3.007
    ],
    [
      10000.0,
      10000.0,
      10000.0,
      10000.0,
      9.266,
      6.414000000000001,
      8.281,
      10.044,
      8.802,
      6.181000000000001,
      4.801,
      3.8049999999999997,
      0.2,
      7.398000000000001,
      9.425,
      5.235,
      9.33,
      9.289,
      0.5,
      10000.0,
      9.64,
      10.14,
      3.766,
      3.3060000000000005
    ],
    [
      10000.0,
      10000.0,
      10000.0,
      10000.0,
      0.51,
      4.41,
      2.121,
      0.5,
      6.1000000000000005,
      5.0600000000000005,
      6.3950000000000005,
      7.7620000000000005,
      9.481,
      6.670999999999999,
      5.852,
      5.337,
      5.492000000000001,
      6.277000000000001,
      9.14,
      9.64,
      10000.0,
      0.5,
      7.308,
      7.906000000000001
    ],
    [
      10000.0,
      10000.0,
      10000.0,
      10000.0,
      0.9430000000000001,
      4.837,
      2.5,
      0.31600000000000006,
      6.339,
      5.478000000000001,
      6.848000000000001,
      8.228,
      9.981000000000002,
      7.004000000000001,
      6.042000000000001,
      5.797000000000001,
      5.682,
      6.484999999999999,
      9.64,
      10.14,
      0.5,
      10000.0,
      7.779000000000001,
      8.382
    ],
    [
      10000.0,
      10000.0,
      10000.0,
      10000.0,
      7.083,
      3.1620000000000004,
      5.456,
      7.788,
      8.99,
      6.037,
      5.456,
      0.51,
      3.7340000000000004,
      3.6350000000000002,
      5.7010000000000005,
      2.012,
      5.636,
      5.5360000000000005,
      3.4130000000000003,
      3.766,
      7.308,
      7.779000000000001,
      10000.0,
      0.6400000000000001
    ],
    [
      10000.0,
      10000.0,
      10000.0,
      10000.0,
      7.666,
      3.801,
      6.083,
      8.382,
      9.285,
      6.332000000000001,
      5.604,
      0.5,
      3.3000000000000003,
      4.123,
      6.265000000000001,
      2.6420000000000003,
      6.218,
      6.075,
      3.007,
      3.3060000000000005,
      7.906000000000001,
      8.382,
      0.6400000000000001,
      10000.0
    ]
  ],
  "vehicle_cost_matrix": [
    [
      100000.0,
      87.14,
      116.0,
      67.94,
      69.08,
      31.12,
      26.0,
      100000.0,
      161.98,
      117.04,
      130.24,
      100000.0,
      100000.0,
      65.52,
      100000.0,
      55.18,
      51.1,
      63.78,
      149.26,
      158.64,
      67.92,
      74.68,
      94.02,
      106.82
    ],
    [
      87.14,
      100000.0,
      101.86,
      124.0,
      22.36,
      98.96,
      61.62,
      100000.0,
      91.08,
      77.18,
      106.82,
      100000.0,
      100000.0,
      150.48,
      100000.0,
      112.16,
      134.54,
      149.3,
      173.54,
      183.42,
      31.04,
      36.0,
      148.48,
      159.26
    ],
    [
      116.0,
      101.86,
      100000.0,
      86.02,
      110.44,
      96.54,
      108.68,
      100000.0,
      90.24,
      34.24,
      16.12,
      100000.0,
      100000.0,
      144.9,
      100000.0,
      84.98,
      162.1,
      169.3,
      80.62,
      89.44,
      119.82,
      129.28,
      94.02,
      97.76
    ],
    [
      67.94,
      124.0,
      86.02,
      100000.0,
      115.74,
      36.88,
      82.3,
      100000.0,
      164.76,
      106.82,
      102.08,
      100000.0,
      100000.0,
      61.62,
      100000.0,
      13.42,
      93.14,
      94.34,
      85.44,
      94.02,
      119.82,
      129.12,
      26.84,
      39.44
    ],
    [
      69.08,
      22.36,
      110.44,
      115.74,
      100000.0,
      86.1,
      43.08,
      100000.0,
      112.58,
      91.08,
      118.12,
      100000.0,
      100000.0,
      134.1,
      100000.0,
      102.96,
      114.02,
      129.28,
      175.32,
      185.32,
      10.2,
      18.86,
      141.66,
      153.32
    ],
    [
      31.12,
      98.96,
      96.54,
      36.88,
      86.1,
      100000.0,
      47.54,
      100000.0,
      158.42,
      106.0,
      112.08,
      100000.0,
      100000.0,
      55.32,
      100000.0,
      24.08,
      66.12,
      72.8,
      119.08,
      128.28,
      88.2,
      96.74,
      63.24,
      76.02
    ],
    [
      26.0,
      61.62,
      108.68,
      82.3,
      43.08,
      47.54,
      100000.0,
      100000.0,
      141.32,
      102.48,
      121.06,
      100000.0,
      100000.0,
      91.22,
      100000.0,
      68.88,
      73.6,
      87.86,
      155.8,
      165.62,
      42.42,
      50.0,
      109.12,
      121.66
    ],
    [
      100000.0,
      100000.0,
      100000.0,
      100000.0,
      100000.0,
      100000.0,
      100000.0,
      100000.0,
      100000.0,
      100000.0,
      100000.0,
      100000.0,
      100000.0,
      100000.0,
      100000.0,
      100000.0,
      100000.0,
      100000.0,
      100000.0,
      100000.0,
      100000.0,
      100000.0,
      100000.0,
      100000.0
    ],
    [
      161.98,
      91.08,
      90.24,
      164.76,
      112.58,
      158.42,
      141.32,
      100000.0,
      100000.0,
      59.1,
      80.22,
      100000.0,
      100000.0,
      213.56,
      100000.0,
      158.4,
      213.06,
      225.3,
      168.3,
      176.04,
      122.0,
      126.78,
      179.8,
      185.7
    ],
    [
      117.04,
      77.18,
      34.24,
      106.82,
      91.08,
      106.0,
      102.48,
      100000.0,
      59.1,
      100000.0,
      31.62,
      100000.0,
      100000.0,
      159.62,
      100000.0,
      101.82,
      167.14,
      177.14,
      114.86,
      123.62,
      101.2,
      109.56,
      120.74,
      126.64
    ],
    [
      130.24,
      106.82,
      16.12,
      102.08,
      118.12,
      112.08,
      121.06,
      100000.0,
      80.22,
      31.62,
      100000.0,
      100000.0,
      100000.0,
      161.0,
      100000.0,
      101.08,
      177.3,
      184.88,
      88.1,
      96.02,
      127.9,
      136.96,
      109.12,
      112.08
    ],
    [
      100000.0,
      100000.0,
      100000.0,
      100000.0,
      100000.0,
      100000.0,
      100000.0,
      100000.0,
      100000.0,
      100000.0,
      100000.0,
      100000.0,
      100000.0,
      100000.0,
      100000.0,
      100000.0,
      100000.0,
      100000.0,
      100000.0,
      100000.0,
      100000.0,
      100000.0,
      100000.0,
      100000.0
    ],
    [
      100000.0,
      100000.0,
      100000.0,
      100000.0,
      100000.0,
      100000.0,
      100000.0,
      100000.0,
      100000.0,
      100000.0,
      100000.0,
      100000.0,
      100000.0,
      100000.0,
      100000.0,
      100000.0,
      100000.0,
      100000.0,
      100000.0,
      100000.0,
      100000.0,
      100000.0,
      100000.0,
      100000.0
    ],
    [
      65.52,
      150.48,
      144.9,
      61.62,
      134.1,
      55.32,
      91.22,
      100000.0,
      213.56,
      159.62,
      161.0,
      100000.0,
      100000.0,
      100000.0,
      100000.0,
      59.94,
      48.42,
      40.5,
      140.92,
      147.96,
      133.42,
      140.08,
      72.7,
      82.46
    ],
    [
      100000.0,
      100000.0,
      100000.0,
      100000.0,
      100000.0,
      100000.0,
      100000.0,
      100000.0,
      100000.0,
      100000.0,
      100000.0,
      100000.0,
      100000.0,
      100000.0,
      100000.0,
      100000.0,
      100000.0,
      100000.0,
      100000.0,
      100000.0,
      100000.0,
      100000.0,
      100000.0,
      100000.0
    ],
    [
      55.18,
      112.16,
      84.98,
      13.42,
      102.96,
      24.08,
      68.88,
      100000.0,
      158.4,
      101.82,
      101.08,
      100000.0,
      100000.0,
      59.94,
      100000.0,
      100000.0,
      84.86,
      88.1,
      95.7,
      104.7,
      106.74,
      115.94,
      40.24,
      52.84
    ],
    [
      51.1,
      134.54,
      162.1,
      93.14,
      114.02,
      66.12,
      73.6,
      100000.0,
      213.06,
      167.14,
      177.3,
      100000.0,
      100000.0,
      48.42,
      100000.0,
      84.86,
      100000.0,
      16.5,
      178.38,
      186.6,
      109.84,
      113.64,
      112.72,
      124.36
    ],
    [
      63.78,
      149.3,
      169.3,
      94.34,
      129.28,
      72.8,
      87.86,
      100000.0,
      225.3,
      177.14,
      184.88,
      100000.0,
      100000.0,
      40.5,
      100000.0,
      88.1,
      16.5,
      100000.0,
      178.1,
      185.78,
      125.54,
      129.7,
      110.72,
      121.5
    ],
    [
      149.26,
      173.54,
      80.62,
      85.44,
      175.32,
      119.08,
      155.8,
      100000.0,
      168.3,
      114.86,
      88.1,
      100000.0,
      100000.0,
      140.92,
      100000.0,
      95.7,
      178.38,
      178.1,
      100000.0,
      10.0,
      182.8,
      192.8,
      68.26,
      60.14
    ],
    [
      158.64,
      183.42,
      89.44,
      94.02,
      185.32,
      128.28,
      165.62,
      100000.0,
      176.04,
      123.62,
      96.02,
      100000.0,
      100000.0,
      147.96,
      100000.0,
      104.7,
      186.6,
      185.78,
      10.0,
      100000.0,
      192.8,
      202.8,
      75.32,
      66.12
    ],
    [
      67.92,
      31.04,
      119.82,
      119.82,
      10.2,
      88.2,
      42.42,
      100000.0,
      122.0,
      101.2,
      127.9,
      100000.0,
      100000.0,
      133.42,
      100000.0,
      106.74,
      109.84,
      125.54,
      182.8,
      192.8,
      100000.0,
      10.0,
      146.16,
      158.12
    ],
    [
      74.68,
      36.0,
      129.28,
      129.12,
      18.86,
      96.74,
      50.0,
      100000.0,
      126.78,
      109.56,
      136.96,
      100000.0,
      100000.0,
      140.08,
      100000.0,
      115.94,
      113.64,
      129.7,
      192.8,
      202.8,
      10.0,
      100000.0,
      155.58,
      167.64
    ],
    [
      94.02,
      148.48,
      94.02,
      26.84,
      141.66,
      63.24,
      109.12,
      100000.0,
      179.8,
      120.74,
      109.12,
      100000.0,
      100000.0,
      72.7,
      100000.0,
      40.24,
      112.72,
      110.72,
      68.26,
      75.32,
      146.16,
      155.58,
      100000.0,
      12.8
    ],
    [
      106.82,
      159.26,
      97.76,
      39.44,
      153.32,
      76.02,
      121.66,
      100000.0,
      185.7,
      126.64,
      112.08,
      100000.0,
      100000.0,
      82.46,
      100000.0,
      52.84,
      124.36,
      121.5,
      60.14,
      66.12,
      158.12,
      167.64,
      12.8,
      100000.0
    ]
  ],
  "robot_cost_matrix": [
    [
      100000.0,
      100000.0,
      100000.0,
      100000.0,
      100000.0,
      100000.0,
      100000.0,
      100000.0,
      100000.0,
      100000.0,
      100000.0,
      100000.0,
      100000.0,
      100000.0,
      100000.0,
      100000.0,
      100000.0,
      100000.0,
      100000.0,
      100000.0,
      100000.0,
      100000.0,
      100000.0,
      100000.0
    ],
    [
      100000.0,
      100000.0,
      100000.0,
      100000.0,
      100000.0,
      100000.0,
      100000.0,
      100000.0,
      100000.0,
      100000.0,
      100000.0,
      100000.0,
      100000.0,
      100000.0,
      100000.0,
      100000.0,
      100000.0,
      100000.0,
      100000.0,
      100000.0,
      100000.0,
      100000.0,
      100000.0,
      100000.0
    ],
    [
      100000.0,
      100000.0,
      100000.0,
      100000.0,
      100000.0,
      100000.0,
      100000.0,
      100000.0,
      100000.0,
      100000.0,
      100000.0,
      100000.0,
      100000.0,
      100000.0,
      100000.0,
      100000.0,
      100000.0,
      100000.0,
      100000.0,
      100000.0,
      100000.0,
      100000.0,
      100000.0,
      100000.0
    ],
    [
      100000.0,
      100000.0,
      100000.0,
      100000.0,
      100000.0,
      100000.0,
      100000.0,
      100000.0,
      100000.0,
      100000.0,
      100000.0,
      100000.0,
      100000.0,
      100000.0,
      100000.0,
      100000.0,
      100000.0,
      100000.0,
      100000.0,
      100000.0,
      100000.0,
      100000.0,
      100000.0,
      100000.0
    ],
    [
      100000.0,
      100000.0,
      100000.0,
      100000.0,
      100000.0,
      43.05,
      21.54,
      7.81,
      56.29,
      45.54,
      59.06,
      75.5,
      91.02,
      67.05,
      60.61,
      51.48,
      57.01,
      64.64,
      87.66,
      92.66,
      5.1,
      9.43,
      70.83,
      76.66
    ],
    [
      100000.0,
      100000.0,
      100000.0,
      100000.0,
      43.05,
      100000.0,
      23.77,
      49.09,
      79.21,
      53.0,
      56.04,
      35.36,
      63.13,
      27.66,
      35.36,
      12.04,
      33.06,
      36.4,
      59.54,
      64.14,
      44.1,
      48.37,
      31.62,
      38.01
    ],
    [
      100000.0,
      100000.0,
      100000.0,
      100000.0,
      21.54,
      23.77,
      100000.0,
      26.17,
      70.66,
      51.24,
      60.53,
      58.69,
      81.47,
      45.61,
      40.31,
      34.44,
      36.8,
      43.93,
      77.9,
      82.81,
      21.21,
      25.0,
      54.56,
      60.83
    ],
    [
      100000.0,
      100000.0,
      100000.0,
      100000.0,
      7.81,
      49.09,
      26.17,
      100000.0,
      60.3,
      52.39,
      66.37,
      82.46,
      98.81,
      71.59,
      62.77,
      58.25,
      59.17,
      67.12,
      95.44,
      100.44,
      5.0,
      3.16,
      77.88,
      83.82
    ],
    [
      100000.0,
      100000.0,
      100000.0,
      100000.0,
      56.29,
      79.21,
      70.66,
      60.3,
      100000.0,
      29.55,
      40.11,
      94.85,
      86.02,
      106.78,
      109.84,
      79.2,
      106.53,
      112.65,
      84.15,
      88.02,
      61.0,
      63.39,
      89.9,
      92.85
    ],
    [
      100000.0,
      100000.0,
      100000.0,
      100000.0,
      45.54,
      53.0,
      51.24,
      52.39,
      29.55,
      100000.0,
      15.81,
      65.31,
      59.84,
      79.81,
      86.54,
      50.91,
      83.57,
      88.57,
      57.43,
      61.81,
      50.6,
      54.78,
      60.37,
      63.32
    ],
    [
      100000.0,
      100000.0,
      100000.0,
      100000.0,
      59.06,
      56.04,
      60.53,
      66.37,
      40.11,
      15.81,
      100000.0,
      59.03,
      46.01,
      80.5,
      91.22,
      50.54,
      88.65,
      92.44,
      44.05,
      48.01,
      63.95,
      68.48,
      54.56,
      56.04
    ],
    [
      100000.0,
      100000.0,
      100000.0,
      100000.0,
      75.5,
      35.36,
      58.69,
      82.46,
      94.85,
      65.31,
      59.03,
      100000.0,
      38.0,
      36.4,
      58.14,
      24.35,
      57.8,
      56.08,
      35.06,
      38.05,
      77.62,
      82.28,
      5.1,
      5.0
    ],
    [
      100000.0,
      100000.0,
      100000.0,
      100000.0,
      91.02,
      63.13,
      81.47,
      98.81,
      86.02,
      59.84,
      46.01,
      38.0,
      100000.0,
      73.68,
      93.68,
      51.43,
      92.66,
      92.42,
      3.61,
      2.0,
      94.81,
      99.81,
      37.34,
      33.0
    ],
    [
      100000.0,
      100000.0,
      100000.0,
      100000.0,
      67.05,
      27.66,
      45.61,
      71.59,
      106.78,
      79.81,
      80.5,
      36.4,
      73.68,
      100000.0,
      23.35,
      29.97,
      24.21,
      20.25,
      70.46,
      73.98,
      66.71,
      70.04,
      36.35,
      41.23
    ],
    [
      100000.0,
      100000.0,
      100000.0,
      100000.0,
      60.61,
      35.36,
      40.31,
      62.77,
      109.84,
      86.54,
      91.22,
      58.14,
      93.68,
      23.35,
      100000.0,
      44.1,
      3.61,
      5.0,
      90.25,
      94.25,
      58.52,
      60.42,
      57.01,
      62.65
    ],
    [
      100000.0,
      100000.0,
      100000.0,
      100000.0,
      51.48,
      12.04,
      34.44,
      58.25,
      79.2,
      50.91,
      50.54,
      24.35,
      51.43,
      29.97,
      44.1,
      100000.0,
      42.43,
      44.05,
      47.85,
      52.35,
      53.37,
      57.97,
      20.12,
      26.42
    ],
    [
      100000.0,
      100000.0,
      100000.0,
      100000.0,
      57.01,
      33.06,
      36.8,
      59.17,
      106.53,
      83.57,
      88.65,
      57.8,
      92.66,
      24.21,
      3.61,
      42.43,
      100000.0,
      8.25,
      89.19,
      93.3,
      54.92,
      56.82,
      56.36,
      62.18
    ],
    [
      100000.0,
      100000.0,
      100000.0,
      100000.0,
      64.64,
      36.4,
      43.93,
      67.12,
      112.65,
      88.57,
      92.44,
      56.08,
      92.42,
      20.25,
      5.0,
      44.05,
      8.25,
      100000.0,
      89.05,
      92.89,
      62.77,
      64.85,
      55.36,
      60.75
    ],
    [
      100000.0,
      100000.0,
      100000.0,
      100000.0,
      87.66,
      59.54,
      77.9,
      95.44,
      84.15,
      57.43,
      44.05,
      35.06,
      3.61,
      70.46,
      90.25,
      47.85,
      89.19,
      89.05,
      100000.0,
      5.0,
      91.4,
      96.4,
      34.13,
      30.07
    ],
    [
      100000.0,
      100000.0,
      100000.0,
      100000.0,
      92.66,
      64.14,
      82.81,
      100.44,
      88.02,
      61.81,
      48.01,
      38.05,
      2.0,
      73.98,
      94.25,
      52.35,
      93.3,
      92.89,
      5.0,
      100000.0,
      96.4,
      101.4,
      37.66,
      33.06
    ],
    [
      100000.0,
      100000.0,
      100000.0,
      100000.0,
      5.1,
      44.1,
      21.21,
      5.0,
      61.0,
      50.6,
      63.95,
      77.62,
      94.81,
      66.71,
      58.52,
      53.37,
      54.92,
      62.77,
      91.4,
      96.4,
      100000.0,
      5.0,
      73.08,
      79.06
    ],
    [
      100000.0,
      100000.0,
      100000.0,
      100000.0,
      9.43,
      48.37,
      25.0,
      3.16,
      63.39,
      54.78,
      68.48,
      82.28,
      99.81,
      70.04,
      60.42,
      57.97,
      56.82,
      64.85,
      96.4,
      101.4,
      5.0,
      100000.0,
      77.79,
      83.82
    ],
    [
      100000.0,
      100000.0,
      100000.0,
      100000.0,
      70.83,
      31.62,
      54.56,
      77.88,
      89.9,
      60.37,
      54.56,
      5.1,
      37.34,
      36.35,
      57.01,
      20.12,
      56.36,
      55.36,
      34.13,
      37.66,
      73.08,
      77.79,
      100000.0,
      6.4
    ],
    [
      100000.0,
      100000.0,
      100000.0,
      100000.0,
      76.66,
      38.01,
      60.83,
      83.82,
      92.85,
      63.32,
      56.04,
      5.0,
      33.0,
      41.23,
      62.65,
      26.42,
      62.18,
      60.75,
      30.07,
      33.06,
      79.06,
      83.82,
      6.4,
      100000.0
    ]
  ],
  "vehicle_time_matrix": [
    [
      100000.0,
      1.36,
      1.81,
      1.06,
      1.08,
      0.49,
      0.41,
      100000.0,
      2.53,
      1.83,
      2.04,
      100000.0,
      100000.0,
      1.02,
      100000.0,
      0.86,
      0.8,
      1.0,
      2.33,
      2.48,
      1.06,
      1.17,
      1.47,
      1.67
    ],
    [
      1.36,
      100000.0,
      1.59,
      1.94,
      0.35,
      1.55,
      0.96,
      100000.0,
      1.42,
      1.21,
      1.67,
      100000.0,
      100000.0,
      2.35,
      100000.0,
      1.75,
      2.1,
      2.33,
      2.71,
      2.87,
      0.48,
      0.56,
      2.32,
      2.49
    ],
    [
      1.81,
      1.59,
      100000.0,
      1.34,
      1.73,
      1.51,
      1.7,
      100000.0,
      1.41,
      0.54,
      0.25,
      100000.0,
      100000.0,
      2.26,
      100000.0,
      1.33,
      2.53,
      2.65,
      1.26,
      1.4,
      1.87,
      2.02,
      1.47,
      1.53
    ],
    [
      1.06,
      1.94,
      1.34,
      100000.0,
      1.81,
      0.58,
      1.29,
      100000.0,
      2.57,
      1.67,
      1.59,
      100000.0,
      100000.0,
      0.96,
      100000.0,
      0.21,
      1.46,
      1.47,
      1.33,
      1.47,
      1.87,
      2.02,
      0.42,
      0.62
    ],
    [
      1.08,
      0.35,
      1.73,
      1.81,
      100000.0,
      1.35,
      0.67,
      100000.0,
      1.76,
      1.42,
      1.85,
      100000.0,
      100000.0,
      2.1,
      100000.0,
      1.61,
      1.78,
      2.02,
      2.74,
      2.9,
      0.16,
      0.29,
      2.21,
      2.4
    ],
    [
      0.49,
      1.55,
      1.51,
      0.58,
      1.35,
      100000.0,
      0.74,
      100000.0,
      2.48,
      1.66,
      1.75,
      100000.0,
      100000.0,
      0.86,
      100000.0,
      0.38,
      1.03,
      1.14,
      1.86,
      2.0,
      1.38,
      1.51,
      0.99,
      1.19
    ],
    [
      0.41,
      0.96,
      1.7,
      1.29,
      0.67,
      0.74,
      100000.0,
      100000.0,
      2.21,
      1.6,
      1.89,
      100000.0,
      100000.0,
      1.43,
      100000.0,
      1.08,
      1.15,
      1.37,
      2.43,
      2.59,
      0.66,
      0.78,
      1.71,
      1.9
    ],
    [
      100000.0,
      100000.0,
      100000.0,
      100000.0,
      100000.0,
      100000.0,
      100000.0,
      100000.0,
      100000.0,
      100000.0,
      100000.0,
      100000.0,
      100000.0,
      100000.0,
      100000.0,
      100000.0,
      100000.0,
      100000.0,
      100000.0,
      100000.0,
      100000.0,
      100000.0,
      100000.0,
      100000.0
    ],
    [
      2.53,
      1.42,
      1.41,
      2.57,
      1.76,
      2.48,
      2.21,
      100000.0,
      100000.0,
      0.92,
      1.25,
      100000.0,
      100000.0,
      3.34,
      100000.0,
      2.48,
      3.33,
      3.52,
      2.63,
      2.75,
      1.91,
      1.98,
      2.81,
      2.9
    ],
    [
      1.83,
