{
  "name": "RM-d2-n3-k1-p2",
  "V_coordinates": [
    [
      73,
      50
    ],
    [
      13,
      50
    ],
    [
      62,
      65
    ],
    [
      31,
      17
    ],
    [
      20,
      68
    ],
    [
      88,
      53
    ],
    [
      13,
      37
    ],
    [
      67,
      8
    ],
    [
      93,
      53
    ],
    [
      86,
      49
    ],
    [
      66,
      64
    ],
    [
      58,
      67
    ]
  ],
  "V": [
    0,
    1,
    2,
    3,
    4,
    5,
    6,
    7,
    8,
    9,
    10,
    11
  ],
  "VD": [
    0,
    1
  ],
  "VC": [
    2,
    3,
    4,
    5,
    6,
    7
  ],
  "VP": [
    8,
    9,
    10,
    11
  ],
  "VC1": [
    3,
    4,
    6,
    7
  ],
  "VC2": [
    5,
    2
  ],
  "demand": [
    0,
    0,
    30,
    13,
    15,
    30,
    19,
    13,
    0,
    0,
    0,
    0
  ],
  "service_time": [
    0,
    0,
    15,
    18,
    16,
    18,
    20,
    13,
    0,
    0,
    0,
    0
  ],
  "K": [
    0,
    1
  ],
  "veh_dist_matrix": [
    [
      100000.0,
      60.0,
      100000.0,
      53.41,
      55.97,
      100000.0,
      61.39,
      42.43,
      20.22,
      13.04,
      15.65,
      22.67
    ],
    [
      60.0,
      100000.0,
      100000.0,
      37.59,
      19.31,
      100000.0,
      13.0,
      68.41,
      80.06,
      73.01,
      54.82,
      48.1
    ],
    [
      100000.0,
      100000.0,
      100000.0,
      100000.0,
      100000.0,
      100000.0,
      100000.0,
      100000.0,
      100000.0,
      100000.0,
      100000.0,
      100000.0
    ],
    [
      53.41,
      37.59,
      100000.0,
      100000.0,
      52.17,
      100000.0,
      26.91,
      37.11,
      71.69,
      63.63,
      58.6,
      56.82
    ],
    [
      55.97,
      19.31,
      100000.0,
      52.17,
      100000.0,
      100000.0,
      31.78,
      76.22,
      74.53,
      68.68,
      46.17,
      38.01
    ],
    [
      100000.0,
      100000.0,
      100000.0,
      100000.0,
      100000.0,
      100000.0,
      100000.0,
      100000.0,
      100000.0,
      100000.0,
      100000.0,
      100000.0
    ],
    [
      61.39,
      13.0,
      100000.0,
      26.91,
      31.78,
      100000.0,
      100000.0,
      61.29,
      81.58,
      73.98,
      59.48,
      54.08
    ],
    [
      42.43,
      68.41,
      100000.0,
      37.11,
      76.22,
      100000.0,
      61.29,
      100000.0,
      51.97,
      45.19,
      56.01,
      59.68
    ],
    [
      20.22,
      80.06,
      100000.0,
      71.69,
      74.53,
      100000.0,
      81.58,
      51.97,
      100000.0,
      8.06,
      29.15,
      37.7
    ],
    [
      13.04,
      73.01,
      100000.0,
      63.63,
      68.68,
      100000.0,
      73.98,
      45.19,
      8.06,
      100000.0,
      25.0,
      33.29
    ],
    [
      15.65,
      54.82,
      100000.0,
      58.6,
      46.17,
      100000.0,
      59.48,
      56.01,
      29.15,
      25.0,
      100000.0,
      8.54
    ],
    [
      22.67,
      48.1,
      100000.0,
      56.82,
      38.01,
      100000.0,
      54.08,
      59.68,
      37.7,
      33.29,
      8.54,
      100000.0
    ]
  ],
  "rob_power_matrix": [
    [
      10000.0,
      10000.0,
      10000.0,
      10000.0,
      10000.0,
      10000.0,
      10000.0,
      10000.0,
      10000.0,
      10000.0,
      10000.0,
      10000.0
    ],
    [
      10000.0,
      10000.0,
      10000.0,
      10000.0,
      10000.0,
      10000.0,
      10000.0,
      10000.0,
      10000.0,
      10000.0,
      10000.0,
      10000.0
    ],
    [
      10000.0,
      10000.0,
      10000.0,
      5.714,
      4.211,
      2.8640000000000003,
      5.644,
      5.722,
      3.3240000000000003,
      2.8840000000000003,
      0.41200000000000003,
      0.447
    ],
    [
      10000.0,
      10000.0,
      5.714,
      10000.0,
      5.2170000000000005,
      6.742000000000001,
      2.6910000000000003,
      3.7110000000000003,
      7.1690000000000005,
      6.363,
      5.86,
      5.682
    ],
    [
      10000.0,
      10000.0,
      4.211,
      5.2170000000000005,
      10000.0,
      6.963,
      3.1780000000000004,
      7.622,
      7.453,
      6.868000000000001,
      4.617,
      3.801
    ],
    [
      10000.0,
      10000.0,
      2.8640000000000003,
      6.742000000000001,
      6.963,
      10000.0,
      7.6690000000000005,
      4.966,
      0.5,
      0.447,
      2.4600000000000004,
      3.311
    ],
    [
      10000.0,
      10000.0,
      5.644,
      2.6910000000000003,
      3.1780000000000004,
      7.6690000000000005,
      10000.0,
      6.1290000000000004,
      8.158,
      7.398000000000001,
      5.948,
      5.408
    ],
    [
      10000.0,
      10000.0,
      5.722,
      3.7110000000000003,
      7.622,
      4.966,
      6.1290000000000004,
      10000.0,
      5.197,
      4.519,
      5.601,
      5.968
    ],
    [
      10000.0,
      10000.0,
      3.3240000000000003,
      7.1690000000000005,
      7.453,
      0.5,
      8.158,
      5.197,
      10000.0,
      0.806,
      2.915,
      3.7700000000000005
    ],
    [
      10000.0,
      10000.0,
      2.8840000000000003,
      6.363,
      6.868000000000001,
      0.447,
      7.398000000000001,
      4.519,
      0.806,
      10000.0,
      2.5,
      3.329
    ],
    [
      10000.0,
      10000.0,
      0.41200000000000003,
      5.86,
      4.617,
      2.4600000000000004,
      5.948,
      5.601,
      2.915,
      2.5,
      10000.0,
      0.854
    ],
    [
      10000.0,
      10000.0,
      0.447,
      5.682,
      3.801,
      3.311,
      5.408,
      5.968,
      3.7700000000000005,
      3.329,
      0.854,
      10000.0
    ]
  ],
  "vehicle_cost_matrix": [
    [
      100000.0,
      120.0,
      100000.0,
      106.82,
      111.94,
      100000.0,
      122.78,
      84.86,
      40.44,
      26.08,
      31.3,
      45.34
    ],
    [
      120.0,
      100000.0,
      100000.0,
      75.18,
      38.62,
      100000.0,
      26.0,
      136.82,
      160.12,
      146.02,
      109.64,
      96.2
    ],
    [
      100000.0,
      100000.0,
      100000.0,
      100000.0,
      100000.0,
      100000.0,
      100000.0,
      100000.0,
      100000.0,
      100000.0,
      100000.0,
      100000.0
    ],
    [
      106.82,
      75.18,
      100000.0,
      100000.0,
      104.34,
      100000.0,
      53.82,
      74.22,
      143.38,
      127.26,
      117.2,
      113.64
    ],
    [
      111.94,
      38.62,
      100000.0,
      104.34,
      100000.0,
      100000.0,
      63.56,
      152.44,
      149.06,
      137.36,
      92.34,
      76.02
    ],
    [
      100000.0,
      100000.0,
      100000.0,
      100000.0,
      100000.0,
      100000.0,
      100000.0,
      100000.0,
      100000.0,
      100000.0,
      100000.0,
      100000.0
    ],
    [
      122.78,
      26.0,
      100000.0,
      53.82,
      63.56,
      100000.0,
      100000.0,
      122.58,
      163.16,
      147.96,
      118.96,
      108.16
    ],
    [
      84.86,
      136.82,
      100000.0,
      74.22,
      152.44,
      100000.0,
      122.58,
      100000.0,
      103.94,
      90.38,
      112.02,
      119.36
    ],
    [
      40.44,
      160.12,
      100000.0,
      143.38,
      149.06,
      100000.0,
      163.16,
      103.94,
      100000.0,
      16.12,
      58.3,
      75.4
    ],
    [
      26.08,
      146.02,
      100000.0,
      127.26,
      137.36,
      100000.0,
      147.96,
      90.38,
      16.12,
      100000.0,
      50.0,
      66.58
    ],
    [
      31.3,
      109.64,
      100000.0,
      117.2,
      92.34,
      100000.0,
      118.96,
      112.02,
      58.3,
      50.0,
      100000.0,
      17.08
    ],
    [
      45.34,
      96.2,
      100000.0,
      113.64,
      76.02,
      100000.0,
      108.16,
      119.36,
      75.4,
      66.58,
      17.08,
      100000.0
    ]
  ],
  "robot_cost_matrix": [
    [
      100000.0,
      100000.0,
      100000.0,
      100000.0,
      100000.0,
      100000.0,
      100000.0,
      100000.0,
      100000.0,
      100000.0,
      100000.0,
      100000.0
    ],
    [
      100000.0,
      100000.0,
      100000.0,
      100000.0,
      100000.0,
      100000.0,
      100000.0,
      100000.0,
      100000.0,
      100000.0,
      100000.0,
      100000.0
    ],
    [
      100000.0,
      100000.0,
      100000.0,
      57.14,
      42.11,
      28.64,
      56.44,
      57.22,
      33.24,
      28.84,
      4.12,
      4.47
    ],
    [
      100000.0,
      100000.0,
      57.14,
      100000.0,
      52.17,
      67.42,
      26.91,
      37.11,
      71.69,
      63.63,
      58.6,
      56.82
    ],
    [
      100000.0,
      100000.0,
      42.11,
      52.17,
      100000.0,
      69.63,
      31.78,
      76.22,
      74.53,
      68.68,
      46.17,
      38.01
    ],
    [
      100000.0,
      100000.0,
      28.64,
      67.42,
      69.63,
      100000.0,
      76.69,
      49.66,
      5.0,
      4.47,
      24.6,
      33.11
    ],
    [
      100000.0,
      100000.0,
      56.44,
      26.91,
      31.78,
      76.69,
      100000.0,
      61.29,
      81.58,
      73.98,
      59.48,
      54.08
    ],
    [
      100000.0,
      100000.0,
      57.22,
      37.11,
      76.22,
      49.66,
      61.29,
      100000.0,
      51.97,
      45.19,
      56.01,
      59.68
    ],
    [
      100000.0,
      100000.0,
      33.24,
      71.69,
      74.53,
      5.0,
      81.58,
      51.97,
      100000.0,
      8.06,
      29.15,
      37.7
    ],
    [
      100000.0,
      100000.0,
      28.84,
      63.63,
      68.68,
      4.47,
      73.98,
      45.19,
      8.06,
      100000.0,
      25.0,
      33.29
    ],
    [
      100000.0,
      100000.0,
      4.12,
      58.6,
      46.17,
      24.6,
      59.48,
      56.01,
      29.15,
      25.0,
      100000.0,
      8.54
    ],
    [
      100000.0,
      100000.0,
      4.47,
      56.82,
      38.01,
      33.11,
      54.08,
      59.68,
      37.7,
      33.29,
      8.54,
      100000.0
    ]
  ],
  "vehicle_time_matrix": [
    [
      100000.0,
      1.88,
      100000.0,
      1.67,
      1.75,
      100000.0,
      1.92,
      1.33,
      0.63,
      0.41,
      0.49,
      0.71
    ],
    [
      1.88,
      100000.0,
      100000.0,
      1.17,
      0.6,
      100000.0,
      0.41,
      2.14,
      2.5,
      2.28,
      1.71,
      1.5
    ],
    [
      100000.0,
      100000.0,
      100000.0,
      100000.0,
      100000.0,
      100000.0,
      100000.0,
      100000.0,
      100000.0,
      100000.0,
      100000.0,
      100000.0
    ],
    [
      1.67,
      1.17,
      100000.0,
      100000.0,
      1.63,
      100000.0,
      0.84,
      1.16,
      2.24,
      1.99,
      1.83,
      1.78
    ],
    [
      1.75,
      0.6,
      100000.0,
      1.63,
      100000.0,
      100000.0,
      0.99,
      2.38,
      2.33,
      2.15,
      1.44,
      1.19
    ],
    [
      100000.0,
      100000.0,
      100000.0,
      100000.0,
      100000.0,
      100000.0,
      100000.0,
      100000.0,
      100000.0,
      100000.0,
      100000.0,
      100000.0
    ],
    [
      1.92,
      0.41,
      100000.0,
      0.84,
      0.99,
      100000.0,
      100000.0,
      1.92,
      2.55,
      2.31,
      1.86,
      1.69
    ],
    [
      1.33,
      2.14,
      100000.0,
      1.16,
      2.38,
      100000.0,
      1.92,
      100000.0,
      1.62,
      1.41,
      1.75,
      1.86
    ],
    [
      0.63,
      2.5,
      100000.0,
      2.24,
      2.33,
      100000.0,
      2.55,
      1.62,
      100000.0,
      0.25,
      0.91,
      1.18
    ],
    [
      0.41,
      2.28,
      100000.0,
      1.99,
      2.15,
      100000.0,
      2.31,
      1.41,
      0.25,
      100000.0,
      0.78,
      1.04
    ],
    [
      0.49,
      1.71,
      100000.0,
      1.83,
      1.44,
      100000.0,
      1.86,
      1.75,
      0.91,
      0.78,
      100000.0,
      0.27
    ],
    [
      0.71,
      1.5,
      100000.0,
      1.78,
      1.19,
      100000.0,
      1.69,
      1.86,
      1.18,
      1.04,
      0.27,
      100000.0
    ]
  ],
  "robot_time_matrix": [
    [
      100000.0,
      100000.0,
      100000.0,
      100000.0,
      100000.0,
      100000.0,
      100000.0,
      100000.0,
      100000.0,
      100000.0,
      100000.0,
      100000.0
    ],
    [
      100000.0,
      100000.0,
      100000.0,
      100000.0,
      100000.0,
      100000.0,
      100000.0,
      100000.0,
      100000.0,
      100000.0,
      100000.0,
      100000.0
    ],
    [
      100000.0,
      100000.0,
      100000.0,
      5.71,
      4.21,
      2.86,
      5.64,
      5.72,
      3.32,
      2.88,
      0.41,
      0.45
    ],
    [
      100000.0,
      100000.0,
      5.71,
      100000.0,
      5.22,
      6.74,
      2.69,
      3.71,
      7.17,
      6.36,
      5.86,
      5.68
    ],
    [
      100000.0,
      100000.0,
      4.21,
      5.22,
      100000.0,
      6.96,
      3.18,
      7.62,
      7.45,
      6.87,
      4.62,
      3.8
    ],
    [
      100000.0,
      100000.0,
      2.86,
      6.74,
      6.96,
      100000.0,
      7.67,
      4.97,
      0.5,
      0.45,
      2.46,
      3.31
    ],
    [
      100000.0,
      100000.0,
      5.64,
      2.69,
      3.18,
      7.67,
      100000.0,
      6.13,
      8.16,
      7.4,
      5.95,
      5.41
    ],
    [
      100000.0,
      100000.0,
      5.72,
      3.71,
      7.62,
      4.97,
      6.13,
      100000.0,
      5.2,
      4.52,
      5.6,
      5.97
    ],
    [
      100000.0,
      100000.0,
      3.32,
      7.17,
      7.45,
      0.5,
      8.16,
      5.2,
      100000.0,
      0.81,
      2.92,
      3.77
    ],
    [
      100000.0,
      100000.0,
      2.88,
      6.36,
      6.87,
      0.45,
      7.4,
      4.52,
      0.81,
      100000.0,
      2.5,
      3.33
    ],
    [
      100000.0,
      100000.0,
      0.41,
      5.86,
      4.62,
      2.46,
      5.95,
      5.6,
      2.92,
      2.5,
      100000.0,
      0.85
    ],
    [
      100000.0,
      100000.0,
      0.45,
      5.68,
      3.8,
      3.31,
      5.41,
      5.97,
      3.77,
      3.33,
      0.85,
      100000.0
    ]
  ],
  "cus_with_depot": {
    "0": [
      7,
      4,
      5
    ],
    "1": [
      2,
      3,
      6
    ]
  },
  "veh_with_depot": {
    "0": [
      0
    ],
    "1": [
      1
    ]
  },
  "veh_depot_dict": {
    "0": 0,
    "1": 1
  },
  "depot_with_node": {
    "0": [
      7,
      4,
      5,
      8,
      9,
      0
    ],
    "1": [
      2,
      3,
      6,
      10,
      11,
      1
    ]
  },
  "VC2_with_VP": {
    "5": [
      8,
      9
    ],
    "2": [
      10,
      11
    ]
  },
  "max_travel_time": 66.45,
  "cf": 50,
  "vehicle_speed": 32,
  "robot_speed": 10,
  "vehicle_cost": 2,
  "robot_cost": 1,
  "very_big": 100000.0,
  "veh_cap": 300,
  "rob_cap": 30,
  "rob_weight": 30,
  "operation_time": 5,
  "veh_dist_ub": 300,
  "robot_ub": 3,
  "robot_unit_consumption": 0.1
}