{
  "name": "RM-d3-n6-k1-p2",
  "V_coordinates": [
    [
      73,
      50
    ],
    [
      32,
      82
    ],
    [
      32,
      19
    ],
    [
      37,
      20
    ],
    [
      60,
      82
    ],
    [
      92,
      32
    ],
    [
      62,
      39
    ],
    [
      68,
      62
    ],
    [
      8,
      72
    ],
    [
      65,
      88
    ],
    [
      5,
      94
    ],
    [
      88,
      74
    ],
    [
      6,
      53
    ],
    [
      17,
      67
    ],
    [
      8,
      54
    ],
    [
      45,
      8
    ],
    [
      7,
      8
    ],
    [
      80,
      18
    ],
    [
      97,
      34
    ],
    [
      53,
      31
    ],
    [
      59,
      97
    ],
    [
      8,
      96
    ],
    [
      5,
      92
    ],
    [
      80,
      13
    ],
    [
      83,
      17
    ],
    [
      98,
      33
    ],
    [
      96,
      39
    ],
    [
      56,
      99
    ],
    [
      60,
      93
    ],
    [
      6,
      58
    ],
    [
      6,
      52
    ],
    [
      7,
      57
    ],
    [
      4,
      52
    ]
  ],
  "V": [
    0,
    1,
    2,
    3,
    4,
    5,
    6,
    7,
    8,
    9,
    10,
    11,
    12,
    13,
    14,
    15,
    16,
    17,
    18,
    19,
    20,
    21,
    22,
    23,
    24,
    25,
    26,
    27,
    28,
    29,
    30,
    31,
    32
  ],
  "VD": [
    0,
    1,
    2
  ],
  "VC": [
    3,
    4,
    5,
    6,
    7,
    8,
    9,
    10,
    11,
    12,
    13,
    14,
    15,
    16,
    17,
    18,
    19,
    20
  ],
  "VP": [
    21,
    22,
    23,
    24,
    25,
    26,
    27,
    28,
    29,
    30,
    31,
    32
  ],
  "VC1": [
    3,
    4,
    5,
    6,
    7,
    8,
    9,
    11,
    13,
    15,
    16,
    19
  ],
  "VC2": [
    10,
    17,
    18,
    20,
    14,
    12
  ],
  "demand": [
    0,
    0,
    0,
    21,
    28,
    21,
    24,
    18,
    27,
    29,
    10,
    22,
    26,
    14,
    26,
    27,
    16,
    23,
    11,
    25,
    21,
    0,
    0,
    0,
    0,
    0,
    0,
    0,
    0,
    0,
    0,
    0,
    0
  ],
  "service_time": [
    0,
    0,
    0,
    19,
    18,
    13,
    18,
    16,
    17,
    15,
    16,
    15,
    10,
    18,
    18,
    19,
    19,
    15,
    17,
    19,
    10,
    0,
    0,
    0,
    0,
    0,
    0,
    0,
    0,
    0,
    0,
    0,
    0
  ],
  "K": [
    0,
    1,
    2
  ],
  "veh_dist_matrix": [
    [
      100000.0,
      52.01,
      51.4,
      46.86,
      34.54,
      26.17,
      15.56,
      13.0,
      68.62,
      38.83,
      100000.0,
      28.3,
      100000.0,
      58.52,
      100000.0,
      50.48,
      78.23,
      100000.0,
      100000.0,
      27.59,
      100000.0,
      79.63,
      79.92,
      37.66,
      34.48,
      30.23,
      25.5,
      51.87,
      44.92,
      67.48,
      67.03,
      66.37,
      69.03
    ],
    [
      52.01,
      100000.0,
      63.0,
      62.2,
      28.0,
      78.1,
      52.43,
      41.18,
      26.0,
      33.54,
      100000.0,
      56.57,
      100000.0,
      21.21,
      100000.0,
      75.13,
      78.11,
      100000.0,
      100000.0,
      55.15,
      100000.0,
      27.78,
      28.79,
      84.05,
      82.62,
      82.2,
      77.1,
      29.41,
      30.08,
      35.38,
      39.7,
      35.36,
      41.04
    ],
    [
      51.4,
      63.0,
      100000.0,
      5.1,
      68.94,
      61.39,
      36.06,
      56.08,
      58.18,
      76.49,
      100000.0,
      78.49,
      100000.0,
      50.29,
      100000.0,
      17.03,
      27.31,
      100000.0,
      100000.0,
      24.19,
      100000.0,
      80.65,
      77.83,
      48.37,
      51.04,
      67.47,
      67.05,
      83.52,
      79.12,
      46.87,
      42.01,
      45.49,
      43.28
    ],
    [
      46.86,
      62.2,
      5.1,
      100000.0,
      66.13,
      56.29,
      31.4,
      52.2,
      59.54,
      73.54,
      100000.0,
      74.28,
      100000.0,
      51.08,
      100000.0,
      14.42,
      32.31,
      100000.0,
      100000.0,
      19.42,
      100000.0,
      81.34,
      78.79,
      43.57,
      46.1,
      62.37,
      61.98,
      81.25,
      76.54,
      49.04,
      44.55,
      47.63,
      45.97
    ],
    [
      34.54,
      28.0,
      68.94,
      66.13,
      100000.0,
      59.36,
      43.05,
      21.54,
      52.95,
      7.81,
      100000.0,
      29.12,
      100000.0,
      45.54,
      100000.0,
      75.5,
      91.02,
      100000.0,
      100000.0,
      51.48,
      100000.0,
      53.85,
      55.9,
      71.84,
      68.95,
      62.01,
      56.08,
      17.46,
      11.0,
      59.09,
      61.77,
      58.6,
      63.53
    ],
    [
      26.17,
      78.1,
      61.39,
      56.29,
      59.36,
      100000.0,
      30.81,
      38.42,
      93.04,
      62.17,
      100000.0,
      42.19,
      100000.0,
      82.76,
      100000.0,
      52.77,
      88.32,
      100000.0,
      100000.0,
      39.01,
      100000.0,
      105.6,
      105.68,
      22.47,
      17.49,
      6.08,
      8.06,
      76.06,
      68.88,
      89.84,
      88.29,
      88.6,
      90.24
    ],
    [
      15.56,
      52.43,
      36.06,
      31.4,
      43.05,
      30.81,
      100000.0,
      23.77,
      63.29,
      49.09,
      100000.0,
      43.6,
      100000.0,
      53.0,
      100000.0,
      35.36,
      63.13,
      100000.0,
      100000.0,
      12.04,
      100000.0,
      78.52,
      77.83,
      31.62,
      30.41,
      36.5,
      34.0,
      60.3,
      54.04,
      59.14,
      57.49,
      57.87,
      59.44
    ],
    [
      13.0,
      41.18,
      56.08,
      52.2,
      21.54,
      38.42,
      23.77,
      100000.0,
      60.83,
      26.17,
      100000.0,
      23.32,
      100000.0,
      51.24,
      100000.0,
      58.69,
      81.47,
      100000.0,
      100000.0,
      34.44,
      100000.0,
      68.96,
      69.78,
      50.45,
      47.43,
      41.73,
      36.24,
      38.9,
      32.02,
      62.13,
      62.8,
      61.2,
      64.78
    ],
    [
      68.62,
      26.0,
      58.18,
      59.54,
      52.95,
      93.04,
      63.29,
      60.83,
      100000.0,
      59.2,
      100000.0,
      80.02,
      100000.0,
      10.3,
      100000.0,
      73.93,
      64.01,
      100000.0,
      100000.0,
      60.88,
      100000.0,
      24.0,
      20.22,
      93.09,
      93.01,
      98.09,
      93.98,
      55.07,
      56.08,
      14.14,
      20.1,
      15.03,
      20.4
    ],
    [
      38.83,
      33.54,
      76.49,
      73.54,
      7.81,
      62.17,
      49.09,
      26.17,
      59.2,
      100000.0,
      100000.0,
      26.93,
      100000.0,
      52.39,
      100000.0,
      82.46,
      98.81,
      100000.0,
      100000.0,
      58.25,
      100000.0,
      57.56,
      60.13,
      76.49,
      73.25,
      64.14,
      57.98,
      14.21,
      7.07,
      66.19,
      69.12,
      65.76,
      70.83
    ],
    [
      100000.0,
      100000.0,
      100000.0,
      100000.0,
      100000.0,
      100000.0,
      100000.0,
      100000.0,
      100000.0,
      100000.0,
      100000.0,
      100000.0,
      100000.0,
      100000.0,
      100000.0,
      100000.0,
      100000.0,
      100000.0,
      100000.0,
      100000.0,
      100000.0,
      100000.0,
      100000.0,
      100000.0,
      100000.0,
      100000.0,
      100000.0,
      100000.0,
      100000.0,
      100000.0,
      100000.0,
      100000.0,
      100000.0
    ],
    [
      28.3,
      56.57,
      78.49,
      74.28,
      29.12,
      42.19,
      43.6,
      23.32,
      80.02,
      26.93,
      100000.0,
      100000.0,
      100000.0,
      71.34,
      100000.0,
      78.77,
      104.48,
      100000.0,
      100000.0,
      55.44,
      100000.0,
      82.97,
      84.93,
      61.52,
      57.22,
      42.2,
      35.9,
      40.61,
      33.84,
      83.55,
      84.9,
      82.76,
      86.83
    ],
    [
      100000.0,
      100000.0,
      100000.0,
      100000.0,
      100000.0,
      100000.0,
      100000.0,
      100000.0,
      100000.0,
      100000.0,
      100000.0,
      100000.0,
      100000.0,
      100000.0,
      100000.0,
      100000.0,
      100000.0,
      100000.0,
      100000.0,
      100000.0,
      100000.0,
      100000.0,
      100000.0,
      100000.0,
      100000.0,
      100000.0,
      100000.0,
      100000.0,
      100000.0,
      100000.0,
      100000.0,
      100000.0,
      100000.0
    ],
    [
      58.52,
      21.21,
      50.29,
      51.08,
      45.54,
      82.76,
      53.0,
      51.24,
      10.3,
      52.39,
      100000.0,
      71.34,
      100000.0,
      100000.0,
      100000.0,
      65.31,
      59.84,
      100000.0,
      100000.0,
      50.91,
      100000.0,
      30.36,
      27.73,
      82.98,
      82.8,
      87.85,
      83.82,
      50.45,
      50.25,
      14.21,
      18.6,
      14.14,
      19.85
    ],
    [
      100000.0,
      100000.0,
      100000.0,
      100000.0,
      100000.0,
      100000.0,
      100000.0,
      100000.0,
      100000.0,
      100000.0,
      100000.0,
      100000.0,
      100000.0,
      100000.0,
      100000.0,
      100000.0,
      100000.0,
      100000.0,
      100000.0,
      100000.0,
      100000.0,
      100000.0,
      100000.0,
      100000.0,
      100000.0,
      100000.0,
      100000.0,
      100000.0,
      100000.0,
      100000.0,
      100000.0,
      100000.0,
      100000.0
    ],
    [
      50.48,
      75.13,
      17.03,
      14.42,
      75.5,
      52.77,
      35.36,
      58.69,
      73.93,
      82.46,
      100000.0,
      78.77,
      100000.0,
      65.31,
      100000.0,
      100000.0,
      38.0,
      100000.0,
      100000.0,
      24.35,
      100000.0,
      95.46,
      93.04,
      35.36,
      39.05,
      58.6,
      59.68,
      91.66,
      86.31,
      63.41,
      58.8,
      62.01,
      60.14
    ],
    [
      78.23,
      78.11,
      27.31,
      32.31,
      91.02,
      88.32,
      63.13,
      81.47,
      64.01,
      98.81,
      100000.0,
      104.48,
      100000.0,
      59.84,
      100000.0,
      38.0,
      100000.0,
      100000.0,
      100000.0,
      51.43,
      100000.0,
      88.01,
      84.02,
      73.17,
      76.53,
      94.37,
      94.24,
      103.35,
      100.17,
      50.01,
      44.01,
      49.0,
      44.1
    ],
    [
      100000.0,
      100000.0,
      100000.0,
      100000.0,
      100000.0,
      100000.0,
      100000.0,
      100000.0,
      100000.0,
      100000.0,
      100000.0,
      100000.0,
      100000.0,
      100000.0,
      100000.0,
      100000.0,
      100000.0,
      100000.0,
      100000.0,
      100000.0,
      100000.0,
      100000.0,
      100000.0,
      100000.0,
      100000.0,
      100000.0,
      100000.0,
      100000.0,
      100000.0,
      100000.0,
      100000.0,
      100000.0,
      100000.0
    ],
    [
      100000.0,
      100000.0,
      100000.0,
      100000.0,
      100000.0,
      100000.0,
      100000.0,
      100000.0,
      100000.0,
      100000.0,
      100000.0,
      100000.0,
      100000.0,
      100000.0,
      100000.0,
      100000.0,
      100000.0,
      100000.0,
      100000.0,
      100000.0,
      100000.0,
      100000.0,
      100000.0,
      100000.0,
      100000.0,
      100000.0,
      100000.0,
      100000.0,
      100000.0,
      100000.0,
      100000.0,
      100000.0,
      100000.0
    ],
    [
      27.59,
      55.15,
      24.19,
      19.42,
      51.48,
      39.01,
      12.04,
      34.44,
      60.88,
      58.25,
      100000.0,
      55.44,
      100000.0,
      50.91,
      100000.0,
      24.35,
      51.43,
      100000.0,
      100000.0,
      100000.0,
      100000.0,
      79.06,
      77.62,
      32.45,
      33.11,
      45.04,
      43.74,
      68.07,
      62.39,
      54.2,
      51.48,
      52.84,
      53.31
    ],
    [
      100000.0,
      100000.0,
      100000.0,
      100000.0,
      100000.0,
      100000.0,
      100000.0,
      100000.0,
      100000.0,
      100000.0,
      100000.0,
      100000.0,
      100000.0,
      100000.0,
      100000.0,
      100000.0,
      100000.0,
      100000.0,
      100000.0,
      100000.0,
      100000.0,
      100000.0,
      100000.0,
      100000.0,
      100000.0,
      100000.0,
      100000.0,
      100000.0,
      100000.0,
      100000.0,
      100000.0,
      100000.0,
      100000.0
    ],
    [
      79.63,
      27.78,
      80.65,
      81.34,
      53.85,
      105.6,
      78.52,
      68.96,
      24.0,
      57.56,
      100000.0,
      82.97,
      100000.0,
      30.36,
      100000.0,
      95.46,
      88.01,
      100000.0,
      100000.0,
      79.06,
      100000.0,
      100000.0,
      5.0,
      109.88,
      108.93,
      109.86,
      104.85,
      48.09,
      52.09,
      38.05,
      44.05,
      39.01,
      44.18
    ],
    [
      79.92,
      28.79,
      77.83,
      78.79,
      55.9,
      105.68,
      77.83,
      69.78,
      20.22,
      60.13,
      100000.0,
      84.93,
      100000.0,
      27.73,
      100000.0,
      93.04,
      84.02,
      100000.0,
      100000.0,
      77.62,
      100000.0,
      5.0,
      100000.0,
      108.93,
      108.21,
      110.14,
      105.31,
      51.48,
      55.01,
      34.01,
      40.01,
      35.06,
      40.01
    ],
    [
      37.66,
      84.05,
      48.37,
      43.57,
      71.84,
      22.47,
      31.62,
      50.45,
      93.09,
      76.49,
      100000.0,
      61.52,
      100000.0,
      82.98,
      100000.0,
      35.36,
      73.17,
      100000.0,
      100000.0,
      32.45,
      100000.0,
      109.88,
      108.93,
      100000.0,
      5.0,
      26.91,
      30.53,
      89.29,
      82.46,
      86.61,
      83.65,
      85.23,
      85.42
    ],
    [
      34.48,
      82.62,
      51.04,
      46.1,
      68.95,
      17.49,
      30.41,
      47.43,
      93.01,
      73.25,
      100000.0,
      57.22,
      100000.0,
      82.8,
      100000.0,
      39.05,
      76.53,
      100000.0,
      100000.0,
      33.11,
      100000.0,
      108.93,
      108.21,
      5.0,
      100000.0,
      21.93,
      25.55,
      86.33,
      79.4,
      87.24,
      84.58,
      85.88,
      86.41
    ],
    [
      30.23,
      82.2,
      67.47,
      62.37,
      62.01,
      6.08,
      36.5,
      41.73,
      98.09,
      64.14,
      100000.0,
      42.2,
      100000.0,
      87.85,
      100000.0,
      58.6,
      94.37,
      100000.0,
      100000.0,
      45.04,
      100000.0,
      109.86,
      110.14,
      26.91,
      21.93,
      100000.0,
      6.32,
      78.23,
      71.02,
      95.34,
      93.94,
      94.11,
      95.9
    ],
    [
      25.5,
      77.1,
      67.05,
      61.98,
      56.08,
      8.06,
      34.0,
      36.24,
      93.98,
      57.98,
      100000.0,
      35.9,
      100000.0,
      83.82,
      100000.0,
      59.68,
      94.24,
      100000.0,
      100000.0,
      43.74,
      100000.0,
      104.85,
      105.31,
      30.53,
      25.55,
      6.32,
      100000.0,
      72.11,
      64.9,
      91.98,
      90.93,
      90.8,
      92.91
    ],
    [
      51.87,
      29.41,
      83.52,
      81.25,
      17.46,
      76.06,
      60.3,
      38.9,
      55.07,
      14.21,
      100000.0,
      40.61,
      100000.0,
      50.45,
      100000.0,
      91.66,
      103.35,
      100000.0,
      100000.0,
      68.07,
      100000.0,
      48.09,
      51.48,
      89.29,
      86.33,
      78.23,
      72.11,
      100000.0,
      7.21,
      64.66,
      68.62,
      64.54,
      70.09
    ],
    [
      44.92,
      30.08,
      79.12,
      76.54,
      11.0,
      68.88,
      54.04,
      32.02,
      56.08,
      7.07,
      100000.0,
      33.84,
      100000.0,
      50.25,
      100000.0,
      86.31,
      100.17,
      100000.0,
      100000.0,
      62.39,
      100000.0,
      52.09,
      55.01,
      82.46,
      79.4,
      71.02,
      64.9,
      7.21,
      100000.0,
      64.35,
      67.8,
      64.07,
      69.4
    ],
    [
      67.48,
      35.38,
      46.87,
      49.04,
      59.09,
      89.84,
      59.14,
      62.13,
      14.14,
      66.19,
      100000.0,
      83.55,
      100000.0,
      14.21,
      100000.0,
      63.41,
      50.01,
      100000.0,
      100000.0,
      54.2,
      100000.0,
      38.05,
      34.01,
      86.61,
      87.24,
      95.34,
      91.98,
      64.66,
      64.35,
      100000.0,
      6.0,
      1.41,
      6.32
    ],
    [
      67.03,
      39.7,
      42.01,
      44.55,
      61.77,
      88.29,
      57.49,
      62.8,
      20.1,
      69.12,
      100000.0,
      84.9,
      100000.0,
      18.6,
      100000.0,
      58.8,
      44.01,
      100000.0,
      100000.0,
      51.48,
      100000.0,
      44.05,
      40.01,
      83.65,
      84.58,
      93.94,
      90.93,
      68.62,
      67.8,
      6.0,
      100000.0,
      5.1,
      2.0
    ],
    [
      66.37,
      35.36,
      45.49,
      47.63,
      58.6,
      88.6,
      57.87,
      61.2,
      15.03,
      65.76,
      100000.0,
      82.76,
      100000.0,
      14.14,
      100000.0,
      62.01,
      49.0,
      100000.0,
      100000.0,
      52.84,
      100000.0,
      39.01,
      35.06,
      85.23,
      85.88,
      94.11,
      90.8,
      64.54,
      64.07,
      1.41,
      5.1,
      100000.0,
      5.83
    ],
    [
      69.03,
      41.04,
      43.28,
      45.97,
      63.53,
      90.24,
      59.44,
      64.78,
      20.4,
      70.83,
      100000.0,
      86.83,
      100000.0,
      19.85,
      100000.0,
      60.14,
      44.1,
      100000.0,
      100000.0,
      53.31,
      100000.0,
      44.18,
      40.01,
      85.42,
      86.41,
      95.9,
      92.91,
      70.09,
      69.4,
      6.32,
      2.0,
      5.83,
      100000.0
    ]
  ],
  "rob_power_matrix": [
    [
      10000.0,
      10000.0,
      10000.0,
      10000.0,
      10000.0,
      10000.0,
      10000.0,
      10000.0,
      10000.0,
      10000.0,
      10000.0,
      10000.0,
      10000.0,
      10000.0,
      10000.0,
      10000.0,
      10000.0,
      10000.0,
      10000.0,
      10000.0,
      10000.0,
      10000.0,
      10000.0,
      10000.0,
      10000.0,
      10000.0,
      10000.0,
      10000.0,
      10000.0,
      10000.0,
      10000.0,
      10000.0,
      10000.0
    ],
    [
      10000.0,
      10000.0,
      10000.0,
      10000.0,
      10000.0,
      10000.0,
      10000.0,
      10000.0,
      10000.0,
      10000.0,
      10000.0,
      10000.0,
      10000.0,
      10000.0,
      10000.0,
      10000.0,
      10000.0,
      10000.0,
      10000.0,
      10000.0,
      10000.0,
      10000.0,
      10000.0,
      10000.0,
      10000.0,
      10000.0,
      10000.0,
      10000.0,
      10000.0,
      10000.0,
      10000.0,
      10000.0,
      10000.0
    ],
    [
      10000.0,
      10000.0,
      10000.0,
      10000.0,
      10000.0,
      10000.0,
      10000.0,
      10000.0,
      10000.0,
      10000.0,
      10000.0,
      10000.0,
      10000.0,
      10000.0,
      10000.0,
      10000.0,
      10000.0,
      10000.0,
      10000.0,
      10000.0,
      10000.0,
      10000.0,
      10000.0,
      10000.0,
      10000.0,
      10000.0,
      10000.0,
      10000.0,
      10000.0,
      10000.0,
      10000.0,
      10000.0,
      10000.0
    ],
    [
      10000.0,
      10000.0,
      10000.0,
      10000.0,
      6.6129999999999995,
      5.6290000000000004,
      3.14,
      5.220000000000001,
      5.954000000000001,
      7.354000000000001,
      8.062000000000001,
      7.428000000000001,
      4.5280000000000005,
      5.1080000000000005,
      4.469,
      1.4420000000000002,
      3.2310000000000003,
      4.305,
      6.1610000000000005,
      1.9420000000000002,
      8.008000000000001,
      8.134,
      7.879000000000001,
      4.357,
      4.61,
      6.237,
      6.198,
      8.125,
      7.654000000000001,
      4.904,
      4.455,
      4.763000000000001,
      4.597
    ],
    [
      10000.0,
      10000.0,
      10000.0,
      6.6129999999999995,
      10000.0,
      5.936,
      4.305,
      2.154,
      5.295000000000001,
      0.781,
      5.6290000000000004,
      2.9120000000000004,
      6.1290000000000004,
      4.554,
      5.906000000000001,
      7.550000000000001,
      9.102,
      6.705,
      6.061,
      5.148,
      1.5030000000000001,
      5.385000000000001,
      5.59,
      7.184000000000001,
      6.8950000000000005,
      6.2010000000000005,
      5.6080000000000005,
      1.7460000000000002,
      1.1,
      5.909000000000001,
      6.1770000000000005,
      5.86,
      6.353000000000001
    ],
    [
      10000.0,
      10000.0,
      10000.0,
      5.6290000000000004,
      5.936,
      10000.0,
      3.081,
      3.8420000000000005,
      9.304,
      6.2170000000000005,
      10.683,
      4.219,
      8.853,
      8.276000000000002,
      8.683,
      5.277000000000001,
      8.831999999999999,
      1.8440000000000003,
      0.539,
      3.901,
      7.290000000000001,
      10.56,
      10.568000000000001,
      2.247,
      1.7489999999999999,
      0.6080000000000001,
      0.806,
      7.606000000000001,
      6.888,
      8.984,
      8.829,
      8.86,
      9.024
    ],
    [
      10000.0,
      10000.0,
      10000.0,
      3.14,
      4.305,
      3.081,
      10000.0,
      2.3770000000000002,
      6.329000000000001,
      4.909000000000001,
      7.920999999999999,
      4.36,
      5.772,
      5.300000000000001,
      5.604,
      3.536,
      6.313000000000001,
      2.766,
      3.536,
      1.204,
      5.808,
      7.852,
      7.783,
      3.1620000000000004,
      3.0410000000000004,
      3.6500000000000004,
      3.4000000000000004,
      6.03,
      5.404,
      5.914000000000001,
      5.7490000000000006,
      5.787,
      5.944
    ],
    [
      10000.0,
      10000.0,
      10000.0,
      5.220000000000001,
      2.154,
      3.8420000000000005,
      2.3770000000000002,
      10000.0,
      6.083,
      2.6170000000000004,
      7.066,
      2.3320000000000003,
      6.265000000000001,
      5.1240000000000006,
      6.053000000000001,
      5.869,
      8.147,
      4.561,
      4.031000000000001,
      3.444,
      3.6140000000000003,
      6.896,
      6.978000000000001,
      5.045000000000001,
      4.743,
      4.173,
      3.6240000000000006,
      3.89,
      3.2020000000000004,
      6.213000000000001,
      6.28,
      6.120000000000001,
      6.478000000000001
    ],
    [
      10000.0,
      10000.0,
      10000.0,
      5.954000000000001,
      5.295000000000001,
      9.304,
      6.329000000000001,
      6.083,
      10000.0,
      5.920000000000001,
      2.22,
      8.002,
      1.9100000000000001,
      1.03,
      1.8,
      7.393000000000001,
      6.401000000000001,
      9.0,
      9.677,
      6.088000000000001,
      5.68,
      2.4000000000000004,
      2.022,
      9.309000000000001,
      9.301,
      9.809000000000001,
      9.398000000000001,
      5.507000000000001,
      5.6080000000000005,
      1.4140000000000001,
      2.0100000000000002,
      1.5030000000000001,
      2.04
    ],
    [
      10000.0,
      10000.0,
      10000.0,
      7.354000000000001,
      0.781,
      6.2170000000000005,
      4.909000000000001,
      2.6170000000000004,
      5.920000000000001,
      10000.0,
      6.03,
      2.693,
      6.859999999999999,
      5.239000000000001,
      6.6370000000000005,
      8.246,
      9.881,
      7.159000000000001,
      6.277000000000001,
      5.825,
      1.082,
      5.756,
      6.013000000000001,
      7.649,
      7.325,
      6.414000000000001,
      5.798,
      1.4210000000000003,
      0.7070000000000001,
      6.619,
      6.912000000000001,
      6.5760000000000005,
      7.083
    ],
    [
      10000.0,
      10000.0,
      10000.0,
      8.062000000000001,
      5.6290000000000004,
      10.683,
      7.920999999999999,
      7.066,
      2.22,
      6.03,
      10000.0,
      8.538,
      4.101,
      2.955,
      4.011,
      9.485,
      8.602,
      10.678,
      10.984000000000002,
      7.920000000000001,
      5.408,
      0.361,
      0.2,
      11.039000000000001,
      10.96,
      11.122,
      10.633000000000001,
      5.1240000000000006,
      5.501,
      3.601,
      4.201,
      3.705,
      4.201
    ],
    [
      10000.0,
      10000.0,
      10000.0,
      7.428000000000001,
      2.9120000000000004,
      4.219,
      4.36,
      2.3320000000000003,
      8.002,
      2.693,
      8.538,
      10000.0,
      8.465000000000002,
      7.134,
      8.246,
      7.877,
      10.448,
      5.657,
      4.1000000000000005,
      5.5440000000000005,
      3.701,
      8.297,
      8.493,
      6.152000000000001,
      5.722,
      4.220000000000001,
      3.59,
      4.061,
      3.3840000000000003,
      8.355,
      8.49,
      8.276000000000002,
      8.683
    ],
    [
      10000.0,
      10000.0,
      10000.0,
      4.5280000000000005,
      6.1290000000000004,
      8.853,
      5.772,
      6.265000000000001,
      1.9100000000000001,
      6.859999999999999,
      4.101,
      8.465000000000002,
      10000.0,
      1.7800000000000002,
      0.22400000000000003,
      5.955,
      4.501,
      8.186,
      9.296,
      5.189,
      6.888,
      4.305,
      3.901,
      8.412,
      8.5,
      9.415000000000001,
      9.108,
      6.7940000000000005,
      6.720000000000001,
      0.5,
      0.1,
      0.41200000000000003,
      0.22400000000000003
    ],
    [
      10000.0,
      10000.0,
      10000.0,
      5.1080000000000005,
      4.554,
      8.276000000000002,
      5.300000000000001,
      5.1240000000000006,
      1.03,
      5.239000000000001,
      2.955,
      7.134,
      1.7800000000000002,
      10000.0,
      1.5810000000000002,
      6.531000000000001,
      5.984000000000001,
      7.981000000000001,
      8.654000000000002,
      5.091,
      5.1610000000000005,
      3.036,
      2.773,
      8.298,
      8.28,
      8.785,
      8.382,
      5.045000000000001,
      5.025,
      1.4210000000000003,
      1.8600000000000003,
      1.4140000000000001,
      1.9850000000000003
    ],
    [
      10000.0,
      10000.0,
      10000.0,
      4.469,
      5.906000000000001,
      8.683,
      5.604,
      6.053000000000001,
      1.8,
      6.6370000000000005,
      4.011,
      8.246,
      0.22400000000000003,
      1.5810000000000002,
      10000.0,
      5.9030000000000005,
      4.601,
      8.05,
      9.122,
      5.054,
      6.670999999999999,
      4.2,
      3.812,
      8.286,
      8.363,
      9.242,
      8.927,
      6.58,
      6.5,
      0.447,
      0.28300000000000003,
      0.31600000000000006,
      0.447
    ],
    [
      10000.0,
      10000.0,
      10000.0,
      1.4420000000000002,
      7.550000000000001,
      5.277000000000001,
      3.536,
      5.869,
      7.393000000000001,
      8.246,
      9.485,
      7.877,
      5.955,
      6.531000000000001,
      5.9030000000000005,
      10000.0,
      3.8000000000000003,
      3.64,
      5.814,
      2.4350000000000005,
      9.009,
      9.546,
      9.304,
      3.536,
      3.905,
      5.86,
      5.968,
      9.166,
      8.631,
      6.341,
      5.88,
      6.2010000000000005,
      6.014
    ],
    [
      10000.0,
      10000.0,
      10000.0,
      3.2310000000000003,
      9.102,
      8.831999999999999,
      6.313000000000001,
      8.147,
      6.401000000000001,
      9.881,
      8.602,
      10.448,
      4.501,
      5.984000000000001,
      4.601,
      3.8000000000000003,
      10000.0,
      7.368000000000001,
      9.368,
      5.143000000000001,
      10.308,
      8.801,
      8.402,
      7.317,
      7.6530000000000005,
      9.437000000000001,
      9.424,
      10.335,
      10.017000000000001,
      5.001,
      4.401,
      4.9,
      4.41
    ],
    [
      10000.0,
      10000.0,
      10000.0,
      4.305,
      6.705,
      1.8440000000000003,
      2.766,
      4.561,
      9.0,
      7.159000000000001,
      10.678,
      5.657,
      8.186,
      7.981000000000001,
      8.05,
      3.64,
      7.368000000000001,
      10000.0,
      2.3350000000000004,
      2.997,
      8.174,
      10.615000000000002,
      10.536000000000001,
      0.5,
      0.31600000000000006,
      2.343,
      2.64,
      8.448,
      7.7620000000000005,
      8.412,
      8.144,
      8.276000000000002,
      8.326
    ],
    [
      10000.0,
      10000.0,
      10000.0,
      6.1610000000000005,
      6.061,
      0.539,
      3.536,
      4.031000000000001,
      9.677,
      6.277000000000001,
      10.984000000000002,
      4.1000000000000005,
      9.296,
      8.654000000000002,
      9.122,
      5.814,
      9.368,
      2.3350000000000004,
      10000.0,
      4.41,
      7.356999999999999,
      10.847000000000001,
      10.876000000000001,
      2.702,
      2.202,
      0.141,
      0.51,
      7.685,
      6.964,
      9.411,
      9.276000000000002,
      9.289,
      9.473
    ],
    [
      10000.0,
      10000.0,
      10000.0,
      1.9420000000000002,
      5.148,
      3.901,
      1.204,
      3.444,
      6.088000000000001,
      5.825,
      7.920000000000001,
      5.5440000000000005,
      5.189,
      5.091,
      5.054,
      2.4350000000000005,
      5.143000000000001,
      2.997,
      4.41,
      10000.0,
      6.627,
      7.906000000000001,
      7.7620000000000005,
      3.2450000000000006,
      3.311,
      4.5040000000000004,
      4.3740000000000006,
      6.8069999999999995,
      6.239000000000001,
      5.420000000000001,
      5.148,
      5.284000000000001,
      5.331
    ],
    [
      10000.0,
      10000.0,
      10000.0,
      8.008000000000001,
      1.5030000000000001,
      7.290000000000001,
      5.808,
      3.6140000000000003,
      5.68,
      1.082,
      5.408,
      3.701,
      6.888,
      5.1610000000000005,
      6.670999999999999,
      9.009,
      10.308,
      8.174,
      7.356999999999999,
      6.627,
      10000.0,
      5.101,
      5.423,
      8.659,
      8.352,
      7.495000000000001,
      6.88,
      0.361,
      0.41200000000000003,
      6.58,
      6.953,
      6.56,
      7.106000000000001
    ],
    [
      10000.0,
      10000.0,
      10000.0,
      8.134,
      5.385000000000001,
      10.56,
      7.852,
      6.896,
      2.4000000000000004,
      5.756,
      0.361,
      8.297,
      4.305,
      3.036,
      4.2,
      9.546,
      8.801,
      10.615000000000002,
      10.847000000000001,
      7.906000000000001,
      5.101,
      10000.0,
      0.5,
      10.988,
      10.893,
      10.986,
      10.485,
      4.809000000000001,
      5.2090000000000005,
      3.8049999999999997,
      4.405,
      3.901,
      4.418
    ],
    [
      10000.0,
      10000.0,
      10000.0,
      7.879000000000001,
      5.59,
      10.568000000000001,
      7.783,
      6.978000000000001,
      2.022,
      6.013000000000001,
      0.2,
      8.493,
      3.901,
      2.773,
      3.812,
      9.304,
      8.402,
      10.536000000000001,
      10.876000000000001,
      7.7620000000000005,
      5.423,
      0.5,
      10000.0,
      10.893,
      10.821,
      11.014000000000001,
      10.531,
      5.148,
      5.501,
      3.401,
      4.001,
      3.5060000000000002,
      4.001
    ],
    [
      10000.0,
      10000.0,
      10000.0,
      4.357,
      7.184000000000001,
      2.247,
      3.1620000000000004,
      5.045000000000001,
      9.309000000000001,
      7.649,
      11.039000000000001,
      6.152000000000001,
      8.412,
      8.298,
      8.286,
      3.536,
      7.317,
      0.5,
      2.702,
      3.2450000000000006,
      8.659,
      10.988,
      10.893,
      10000.0,
      0.5,
      2.6910000000000003,
      3.0530000000000004,
      8.929,
      8.246,
      8.661,
      8.365,
      8.523000000000001,
      8.542
    ],
    [
      10000.0,
      10000.0,
      10000.0,
      4.61,
      6.8950000000000005,
      1.7489999999999999,
      3.0410000000000004,
      4.743,
      9.301,
      7.325,
      10.96,
      5.722,
      8.5,
      8.28,
      8.363,
      3.905,
      7.6530000000000005,
      0.31600000000000006,
      2.202,
      3.311,
      8.352,
      10.893,
      10.821,
      0.5,
      10000.0,
      2.193,
      2.555,
      8.633000000000001,
      7.940000000000001,
      8.724,
      8.458,
      8.588,
      8.641
    ],
    [
      10000.0,
      10000.0,
      10000.0,
      6.237,
      6.2010000000000005,
      0.6080000000000001,
      3.6500000000000004,
      4.173,
      9.809000000000001,
      6.414000000000001,
      11.122,
      4.220000000000001,
      9.415000000000001,
      8.785,
      9.242,
      5.86,
      9.437000000000001,
      2.343,
      0.141,
      4.5040000000000004,
      7.495000000000001,
      10.986,
      11.014000000000001,
      2.6910000000000003,
      2.193,
      10000.0,
      0.6320000000000001,
      7.823,
      7.102,
      9.534,
      9.394,
      9.411,
      9.590000000000002
    ],
    [
      10000.0,
      10000.0,
      10000.0,
      6.198,
      5.6080000000000005,
      0.806,
      3.4000000000000004,
      3.6240000000000006,
      9.398000000000001,
      5.798,
      10.633000000000001,
      3.59,
      9.108,
      8.382,
      8.927,
      5.968,
      9.424,
      2.64,
      0.51,
      4.3740000000000006,
      6.88,
      10.485,
      10.531,
      3.0530000000000004,
      2.555,
      0.6320000000000001,
      10000.0,
      7.211,
      6.490000000000001,
      9.198,
      9.093000000000002,
      9.08,
      9.291
    ],
    [
      10000.0,
      10000.0,
      10000.0,
      8.125,
      1.7460000000000002,
      7.606000000000001,
      6.03,
      3.89,
      5.507000000000001,
      1.4210000000000003,
      5.1240000000000006,
      4.061,
      6.7940000000000005,
      5.045000000000001,
      6.58,
      9.166,
      10.335,
      8.448,
      7.685,
      6.8069999999999995,
      0.361,
      4.809000000000001,
      5.148,
      8.929,
      8.633000000000001,
      7.823,
      7.211,
      10000.0,
      0.7210000000000001,
      6.466,
      6.862000000000001,
      6.454000000000001,
      7.009
    ],
    [
      10000.0,
      10000.0,
      10000.0,
      7.654000000000001,
      1.1,
      6.888,
      5.404,
      3.2020000000000004,
      5.6080000000000005,
      0.7070000000000001,
      5.501,
      3.3840000000000003,
      6.720000000000001,
      5.025,
      6.5,
      8.631,
      10.017000000000001,
      7.7620000000000005,
      6.964,
      6.239000000000001,
      0.41200000000000003,
      5.2090000000000005,
      5.501,
      8.246,
      7.940000000000001,
      7.102,
      6.490000000000001,
      0.7210000000000001,
      10000.0,
      6.435,
      6.78,
      6.407,
      6.940000000000001
    ],
    [
      10000.0,
      10000.0,
      10000.0,
      4.904,
      5.909000000000001,
      8.984,
      5.914000000000001,
      6.213000000000001,
      1.4140000000000001,
      6.619,
      3.601,
      8.355,
      0.5,
      1.4210000000000003,
      0.447,
      6.341,
      5.001,
      8.412,
      9.411,
      5.420000000000001,
      6.58,
      3.8049999999999997,
      3.401,
      8.661,
      8.724,
      9.534,
      9.198,
      6.466,
      6.435,
      10000.0,
      0.6000000000000001,
      0.141,
      0.6320000000000001
    ],
    [
      10000.0,
      10000.0,
      10000.0,
      4.455,
      6.1770000000000005,
      8.829,
      5.7490000000000006,
      6.28,
      2.0100000000000002,
      6.912000000000001,
      4.201,
      8.49,
      0.1,
      1.8600000000000003,
      0.28300000000000003,
      5.88,
      4.401,
      8.144,
      9.276000000000002,
      5.148,
      6.953,
      4.405,
      4.001,
      8.365,
      8.458,
      9.394,
      9.093000000000002,
      6.862000000000001,
      6.78,
      0.6000000000000001,
      10000.0,
      0.51,
      0.2
    ],
    [
      10000.0,
      10000.0,
      10000.0,
      4.763000000000001,
      5.86,
      8.86,
      5.787,
      6.120000000000001,
      1.5030000000000001,
      6.5760000000000005,
      3.705,
      8.276000000000002,
      0.41200000000000003,
      1.4140000000000001,
      0.31600000000000006,
      6.2010000000000005,
      4.9,
      8.276000000000002,
      9.289,
      5.284000000000001,
      6.56,
      3.901,
      3.5060000000000002,
      8.523000000000001,
      8.588,
      9.411,
      9.08,
      6.454000000000001,
      6.407,
      0.141,
      0.51,
      10000.0,
      0.5830000000000001
    ],
    [
      10000.0,
      10000.0,
      10000.0,
      4.597,
      6.353000000000001,
      9.024,
      5.944,
      6.478000000000001,
      2.04,
      7.083,
      4.201,
      8.683,
      0.22400000000000003,
      1.9850000000000003,
      0.447,
      6.014,
      4.41,
      8.326,
      9.473,
      5.331,
      7.106000000000001,
      4.418,
      4.001,
      8.542,
      8.641,
      9.590000000000002,
      9.291,
      7.009,
      6.940000000000001,
      0.6320000000000001,
      0.2,
      0.5830000000000001,
      10000.0
    ]
  ],
  "vehicle_cost_matrix": [
    [
      100000.0,
      104.02,
      102.8,
      93.72,
      69.08,
      52.34,
      31.12,
      26.0,
      137.24,
      77.66,
      100000.0,
      56.6,
      100000.0,
      117.04,
      100000.0,
      100.96,
      156.46,
      100000.0,
      100000.0,
      55.18,
      100000.0,
      159.26,
      159.84,
      75.32,
      68.96,
      60.46,
      51.0,
      103.74,
      89.84,
      134.96,
      134.06,
      132.74,
      138.06
    ],
    [
      104.02,
      100000.0,
      126.0,
      124.4,
      56.0,
      156.2,
      104.86,
      82.36,
      52.0,
      67.08,
      100000.0,
      113.14,
      100000.0,
      42.42,
      100000.0,
      150.26,
      156.22,
      100000.0,
      100000.0,
      110.3,
      100000.0,
      55.56,
      57.58,
      168.1,
      165.24,
      164.4,
      154.2,
      58.82,
      60.16,
      70.76,
      79.4,
      70.72,
      82.08
    ],
    [
      102.8,
      126.0,
      100000.0,
      10.2,
      137.88,
      122.78,
      72.12,
      112.16,
      116.36,
      152.98,
      100000.0,
      156.98,
      100000.0,
      100.58,
      100000.0,
      34.06,
      54.62,
      100000.0,
      100000.0,
      48.38,
      100000.0,
      161.3,
      155.66,
      96.74,
      102.08,
      134.94,
      134.1,
      167.04,
      158.24,
      93.74,
      84.02,
      90.98,
      86.56
    ],
    [
      93.72,
      124.4,
      10.2,
      100000.0,
      132.26,
      112.58,
      62.8,
      104.4,
      119.08,
      147.08,
      100000.0,
      148.56,
      100000.0,
      102.16,
      100000.0,
      28.84,
      64.62,
      100000.0,
      100000.0,
      38.84,
      100000.0,
      162.68,
      157.58,
      87.14,
      92.2,
      124.74,
      123.96,
      162.5,
      153.08,
      98.08,
      89.1,
      95.26,
      91.94
    ],
    [
      69.08,
      56.0,
      137.88,
      132.26,
      100000.0,
      118.72,
      86.1,
      43.08,
      105.9,
      15.62,
      100000.0,
      58.24,
      100000.0,
      91.08,
      100000.0,
      151.0,
      182.04,
      100000.0,
      100000.0,
      102.96,
      100000.0,
      107.7,
      111.8,
      143.68,
      137.9,
      124.02,
      112.16,
      34.92,
      22.0,
      118.18,
      123.54,
      117.2,
      127.06
    ],
    [
      52.34,
      156.2,
      122.78,
      112.58,
      118.72,
      100000.0,
      61.62,
      76.84,
      186.08,
      124.34,
