{
  "name": "RM-d3-n9-k1-p2",
  "V_coordinates": [
    [
      73,
      50
    ],
    [
      32,
      82
    ],
    [
      32,
      19
    ],
    [
      17,
      67
    ],
    [
      33,
      63
    ],
    [
      28,
      85
    ],
    [
      59,
      97
    ],
    [
      68,
      75
    ],
    [
      34,
      49
    ],
    [
      65,
      88
    ],
    [
      8,
      54
    ],
    [
      80,
      18
    ],
    [
      97,
      34
    ],
    [
      42,
      7
    ],
    [
      53,
      31
    ],
    [
      58,
      76
    ],
    [
      37,
      20
    ],
    [
      60,
      82
    ],
    [
      92,
      32
    ],
    [
      8,
      72
    ],
    [
      68,
      62
    ],
    [
      34,
      91
    ],
    [
      5,
      94
    ],
    [
      88,
      74
    ],
    [
      6,
      53
    ],
    [
      45,
      8
    ],
    [
      87,
      17
    ],
    [
      62,
      39
    ],
    [
      33,
      61
    ],
    [
      7,
      8
    ],
    [
      86,
      20
    ],
    [
      90,
      14
    ],
    [
      94,
      34
    ],
    [
      99,
      34
    ],
    [
      58,
      98
    ],
    [
      54,
      97
    ],
    [
      43,
      4
    ],
    [
      39,
      6
    ],
    [
      49,
      10
    ],
    [
      43,
      7
    ],
    [
      8,
      76
    ],
    [
      7,
      71
    ],
    [
      10,
      10
    ],
    [
      6,
      9
    ],
    [
      5,
      50
    ],
    [
      5,
      56
    ],
    [
      68,
      88
    ],
    [
      63,
      89
    ]
  ],
  "V": [
    0,
    1,
    2,
    3,
    4,
    5,
    6,
    7,
    8,
    9,
    10,
    11,
    12,
    13,
    14,
    15,
    16,
    17,
    18,
    19,
    20,
    21,
    22,
    23,
    24,
    25,
    26,
    27,
    28,
    29,
    30,
    31,
    32,
    33,
    34,
    35,
    36,
    37,
    38,
    39,
    40,
    41,
    42,
    43,
    44,
    45,
    46,
    47
  ],
  "VD": [
    0,
    1,
    2
  ],
  "VC": [
    3,
    4,
    5,
    6,
    7,
    8,
    9,
    10,
    11,
    12,
    13,
    14,
    15,
    16,
    17,
    18,
    19,
    20,
    21,
    22,
    23,
    24,
    25,
    26,
    27,
    28,
    29
  ],
  "VP": [
    30,
    31,
    32,
    33,
    34,
    35,
    36,
    37,
    38,
    39,
    40,
    41,
    42,
    43,
    44,
    45,
    46,
    47
  ],
  "VC1": [
    3,
    4,
    5,
    7,
    8,
    10,
    11,
    14,
    15,
    16,
    17,
    18,
    20,
    21,
    22,
    23,
    27,
    28
  ],
  "VC2": [
    26,
    12,
    6,
    13,
    25,
    19,
    29,
    24,
    9
  ],
  "demand": [
    0,
    0,
    0,
    13,
    18,
    26,
    16,
    29,
    23,
    10,
    17,
    10,
    22,
    14,
    11,
    15,
    24,
    26,
    23,
    27,
    17,
    30,
    26,
    24,
    17,
    26,
    30,
    10,
    22,
    28,
    0,
    0,
    0,
    0,
    0,
    0,
    0,
    0,
    0,
    0,
    0,
    0,
    0,
    0,
    0,
    0,
    0,
    0
  ],
  "service_time": [
    0,
    0,
    0,
    15,
    20,
    20,
    16,
    10,
    14,
    12,
    13,
    10,
    14,
    11,
    11,
    14,
    14,
    12,
    16,
    19,
    14,
    12,
    10,
    18,
    10,
    19,
    13,
    19,
    17,
    12,
    0,
    0,
    0,
    0,
    0,
    0,
    0,
    0,
    0,
    0,
    0,
    0,
    0,
    0,
    0,
    0,
    0,
    0
  ],
  "K": [
    0,
    1,
    2
  ],
  "veh_dist_matrix": [
    [
      100000.0,
      52.01,
      51.4,
      58.52,
      42.06,
      57.01,
      100000.0,
      25.5,
      39.01,
      100000.0,
      65.12,
      32.76,
      100000.0,
      100000.0,
      27.59,
      30.02,
      46.86,
      34.54,
      26.17,
      100000.0,
      13.0,
      56.59,
      80.99,
      28.3,
      100000.0,
      100000.0,
      100000.0,
      15.56,
      41.48,
      100000.0,
      32.7,
      39.81,
      26.4,
      30.53,
      50.29,
      50.7,
      54.92,
      55.61,
      46.65,
      52.43,
      70.01,
      69.26,
      74.63,
      78.55,
      68.0,
      68.26,
      38.33,
      40.26
    ],
    [
      52.01,
      100000.0,
      63.0,
      21.21,
      19.03,
      5.0,
      100000.0,
      36.67,
      33.06,
      100000.0,
      36.88,
      80.0,
      100000.0,
      100000.0,
      55.15,
      26.68,
      62.2,
      28.0,
      78.1,
      100000.0,
      41.18,
      9.22,
      29.55,
      56.57,
      100000.0,
      100000.0,
      100000.0,
      52.43,
      21.02,
      100000.0,
      82.22,
      89.38,
      78.41,
      82.42,
      30.53,
      26.63,
      78.77,
      76.32,
      73.98,
      75.8,
      24.74,
      27.31,
      75.29,
      77.49,
      41.87,
      37.48,
      36.5,
      31.78
    ],
    [
      51.4,
      63.0,
      100000.0,
      50.29,
      44.01,
      66.12,
      100000.0,
      66.57,
      30.07,
      100000.0,
      42.44,
      48.01,
      100000.0,
      100000.0,
      24.19,
      62.65,
      5.1,
      68.94,
      61.39,
      100000.0,
      56.08,
      72.03,
      79.71,
      78.49,
      100000.0,
      100000.0,
      100000.0,
      36.06,
      42.01,
      100000.0,
      54.01,
      58.22,
      63.79,
      68.66,
      83.17,
      81.04,
      18.6,
      14.76,
      19.24,
      16.28,
      61.85,
      57.7,
      23.77,
      27.86,
      41.11,
      45.8,
      77.83,
      76.56
    ],
    [
      58.52,
      21.21,
      50.29,
      100000.0,
      16.49,
      21.1,
      100000.0,
      51.62,
      24.76,
      100000.0,
      15.81,
      79.81,
      100000.0,
      100000.0,
      50.91,
      41.98,
      51.08,
      45.54,
      82.76,
      100000.0,
      51.24,
      29.41,
      29.55,
      71.34,
      100000.0,
      100000.0,
      100000.0,
      53.0,
      17.09,
      100000.0,
      83.49,
      90.21,
      83.77,
      88.39,
      51.4,
      47.63,
      68.15,
      64.85,
      65.37,
      65.39,
      12.73,
      10.77,
      57.43,
      59.03,
      20.81,
      16.28,
      55.15,
      50.99
    ],
    [
      42.06,
      19.03,
      44.01,
      16.49,
      100000.0,
      22.56,
      100000.0,
      37.0,
      14.04,
      100000.0,
      26.57,
      65.07,
      100000.0,
      100000.0,
      37.74,
      28.18,
      43.19,
      33.02,
      66.65,
      100000.0,
      35.01,
      28.02,
      41.77,
      56.09,
      100000.0,
      100000.0,
      100000.0,
      37.64,
      2.0,
      100000.0,
      68.25,
      75.17,
      67.54,
      72.09,
      43.01,
      39.96,
      59.84,
      57.31,
      55.36,
      56.89,
      28.18,
      27.2,
      57.78,
      60.37,
      30.87,
      28.86,
      43.01,
      39.7
    ],
    [
      57.01,
      5.0,
      66.12,
      21.1,
      22.56,
      100000.0,
      100000.0,
      41.23,
      36.5,
      100000.0,
      36.89,
      84.81,
      100000.0,
      100000.0,
      59.51,
      31.32,
      65.62,
      32.14,
      83.1,
      100000.0,
      46.14,
      8.49,
      24.7,
      61.0,
      100000.0,
      100000.0,
      100000.0,
      57.2,
      24.52,
      100000.0,
      87.11,
      94.26,
      83.41,
      87.42,
      32.7,
      28.64,
      82.38,
      79.76,
      77.88,
      79.43,
      21.93,
      25.24,
      77.13,
      79.12,
      41.88,
      37.01,
      40.11,
      35.23
    ],
    [
      100000.0,
      100000.0,
      100000.0,
      100000.0,
      100000.0,
      100000.0,
      100000.0,
      100000.0,
      100000.0,
      100000.0,
      100000.0,
      100000.0,
      100000.0,
      100000.0,
      100000.0,
      100000.0,
      100000.0,
      100000.0,
      100000.0,
      100000.0,
      100000.0,
      100000.0,
      100000.0,
      100000.0,
      100000.0,
      100000.0,
      100000.0,
      100000.0,
      100000.0,
      100000.0,
      100000.0,
      100000.0,
      100000.0,
      100000.0,
      100000.0,
      100000.0,
      100000.0,
      100000.0,
      100000.0,
      100000.0,
      100000.0,
      100000.0,
      100000.0,
      100000.0,
      100000.0,
      100000.0,
      100000.0,
      100000.0
    ],
    [
      25.5,
      36.67,
      66.57,
      51.62,
      37.0,
      41.23,
      100000.0,
      100000.0,
      42.8,
      100000.0,
      63.57,
      58.25,
      100000.0,
      100000.0,
      46.49,
      10.05,
      63.13,
      10.63,
      49.24,
      100000.0,
      13.0,
      37.58,
      65.8,
      20.02,
      100000.0,
      100000.0,
      100000.0,
      36.5,
      37.7,
      100000.0,
      57.87,
      64.85,
      48.55,
      51.4,
      25.08,
      26.08,
      75.27,
      74.85,
      67.72,
      72.45,
      60.01,
      61.13,
      87.11,
      90.55,
      67.78,
      65.8,
      13.0,
      14.87
    ],
    [
      39.01,
      33.06,
      30.07,
      24.76,
      14.04,
      36.5,
      100000.0,
      42.8,
      100000.0,
      100000.0,
      26.48,
      55.47,
      100000.0,
      100000.0,
      26.17,
      36.12,
      29.15,
      42.01,
      60.44,
      100000.0,
      36.4,
      42.0,
      53.54,
      59.51,
      100000.0,
      100000.0,
      100000.0,
      29.73,
      12.04,
      100000.0,
      59.54,
      66.04,
      61.85,
      66.71,
      54.56,
      52.0,
      45.89,
      43.29,
      41.79,
      42.95,
      37.48,
      34.83,
      45.79,
      48.83,
      29.02,
      29.83,
      51.74,
      49.41
    ],
    [
      100000.0,
      100000.0,
      100000.0,
      100000.0,
      100000.0,
      100000.0,
      100000.0,
      100000.0,
      100000.0,
      100000.0,
      100000.0,
      100000.0,
      100000.0,
      100000.0,
      100000.0,
      100000.0,
      100000.0,
      100000.0,
      100000.0,
      100000.0,
      100000.0,
      100000.0,
      100000.0,
      100000.0,
      100000.0,
      100000.0,
      100000.0,
      100000.0,
      100000.0,
      100000.0,
      100000.0,
      100000.0,
      100000.0,
      100000.0,
      100000.0,
      100000.0,
      100000.0,
      100000.0,
      100000.0,
      100000.0,
      100000.0,
      100000.0,
      100000.0,
      100000.0,
      100000.0,
      100000.0,
      100000.0,
      100000.0
    ],
    [
      65.12,
      36.88,
      42.44,
      15.81,
      26.57,
      36.89,
      100000.0,
      63.57,
      26.48,
      100000.0,
      100000.0,
      80.5,
      100000.0,
      100000.0,
      50.54,
      54.63,
      44.69,
      59.06,
      86.83,
      100000.0,
      60.53,
      45.22,
      40.11,
      82.46,
      100000.0,
      100000.0,
      100000.0,
      56.04,
      25.96,
      100000.0,
      85.09,
      91.24,
      88.29,
      93.17,
      66.6,
      62.97,
      61.03,
      57.14,
      60.14,
      58.6,
      22.0,
      17.03,
      44.05,
      45.04,
      5.0,
      3.61,
      68.96,
      65.19
    ],
    [
      32.76,
      80.0,
      48.01,
      79.81,
      65.07,
      84.81,
      100000.0,
      58.25,
      55.47,
      100000.0,
      80.5,
      100000.0,
      100000.0,
      100000.0,
      29.97,
      62.03,
      43.05,
      67.05,
      18.44,
      100000.0,
      45.61,
      86.28,
      106.78,
      56.57,
      100000.0,
      100000.0,
      100000.0,
      27.66,
      63.7,
      100000.0,
      6.32,
      10.77,
      21.26,
      24.84,
      82.97,
      83.17,
      39.56,
      42.72,
      32.02,
      38.6,
      92.46,
      90.21,
      70.46,
      74.55,
      81.54,
      84.08,
      71.02,
      73.01
    ],
    [
      100000.0,
      100000.0,
      100000.0,
      100000.0,
      100000.0,
      100000.0,
      100000.0,
      100000.0,
      100000.0,
      100000.0,
      100000.0,
      100000.0,
      100000.0,
      100000.0,
      100000.0,
      100000.0,
      100000.0,
      100000.0,
      100000.0,
      100000.0,
      100000.0,
      100000.0,
      100000.0,
      100000.0,
      100000.0,
      100000.0,
      100000.0,
      100000.0,
      100000.0,
      100000.0,
      100000.0,
      100000.0,
      100000.0,
      100000.0,
      100000.0,
      100000.0,
      100000.0,
      100000.0,
      100000.0,
      100000.0,
      100000.0,
      100000.0,
      100000.0,
      100000.0,
      100000.0,
      100000.0,
      100000.0,
      100000.0
    ],
    [
      100000.0,
      100000.0,
      100000.0,
      100000.0,
      100000.0,
      100000.0,
      100000.0,
      100000.0,
      100000.0,
      100000.0,
      100000.0,
      100000.0,
      100000.0,
      100000.0,
      100000.0,
      100000.0,
      100000.0,
      100000.0,
      100000.0,
      100000.0,
      100000.0,
      100000.0,
      100000.0,
      100000.0,
      100000.0,
      100000.0,
      100000.0,
      100000.0,
      100000.0,
      100000.0,
      100000.0,
      100000.0,
      100000.0,
      100000.0,
      100000.0,
      100000.0,
      100000.0,
      100000.0,
      100000.0,
      100000.0,
      100000.0,
      100000.0,
      100000.0,
      100000.0,
      100000.0,
      100000.0,
      100000.0,
      100000.0
    ],
    [
      27.59,
      55.15,
      24.19,
      50.91,
      37.74,
      59.51,
      100000.0,
      46.49,
      26.17,
      100000.0,
      50.54,
      29.97,
      100000.0,
      100000.0,
      100000.0,
      45.28,
      19.42,
      51.48,
      39.01,
      100000.0,
      34.44,
      62.94,
      79.2,
      55.44,
      100000.0,
      100000.0,
      100000.0,
      12.04,
      36.06,
      100000.0,
      34.79,
      40.72,
      41.11,
      46.1,
      67.19,
      66.01,
      28.79,
      28.65,
      21.38,
      26.0,
      63.64,
      60.96,
      47.85,
      51.89,
      51.62,
      54.12,
      58.94,
      58.86
    ],
    [
      30.02,
      26.68,
      62.65,
      41.98,
      28.18,
      31.32,
      100000.0,
      10.05,
      36.12,
      100000.0,
      54.63,
      62.03,
      100000.0,
      100000.0,
      45.28,
      100000.0,
      59.81,
      6.32,
      55.61,
      100000.0,
      17.2,
      28.3,
      55.97,
      30.07,
      100000.0,
      100000.0,
      100000.0,
      37.22,
      29.15,
      100000.0,
      62.61,
      69.77,
      55.32,
      58.69,
      22.0,
      21.38,
      73.55,
      72.53,
      66.61,
      70.61,
      50.0,
      51.24,
      81.61,
      84.81,
      59.03,
      56.65,
      15.62,
      13.93
    ],
    [
      46.86,
      62.2,
      5.1,
      51.08,
      43.19,
      65.62,
      100000.0,
      63.13,
      29.15,
      100000.0,
      44.69,
      43.05,
      100000.0,
      100000.0,
      19.42,
      59.81,
      100000.0,
      66.13,
      56.29,
      100000.0,
      52.2,
      71.06,
      80.62,
      74.28,
      100000.0,
      100000.0,
      100000.0,
      31.4,
      41.19,
      100000.0,
      49.0,
      53.34,
      58.69,
      63.56,
      80.78,
      78.85,
      17.09,
      14.14,
      15.62,
      14.32,
      63.06,
      59.17,
      28.79,
      32.89,
      43.86,
      48.17,
      74.73,
      73.74
    ],
    [
      34.54,
      28.0,
      68.94,
      45.54,
      33.02,
      32.14,
      100000.0,
      10.63,
      42.01,
      100000.0,
      59.06,
      67.05,
      100000.0,
      100000.0,
      51.48,
      6.32,
      66.13,
      100000.0,
      59.36,
      100000.0,
      21.54,
      27.51,
      56.29,
      29.12,
      100000.0,
      100000.0,
      100000.0,
      43.05,
      34.21,
      100000.0,
      67.23,
      74.32,
      58.82,
      61.85,
      16.12,
      16.16,
      79.83,
      78.85,
      72.84,
      76.9,
      52.35,
      54.13,
      87.66,
      90.8,
      63.63,
      60.84,
      10.0,
      7.62
    ],
    [
      26.17,
      78.1,
      61.39,
      82.76,
      66.65,
      83.1,
      100000.0,
      49.24,
      60.44,
      100000.0,
      86.83,
      18.44,
      100000.0,
      100000.0,
      39.01,
      55.61,
      56.29,
      59.36,
      100000.0,
      100000.0,
      38.42,
      82.73,
      106.83,
      42.19,
      100000.0,
      100000.0,
      100000.0,
      30.81,
      65.74,
      100000.0,
      13.42,
      18.11,
      2.83,
      7.28,
      74.24,
      75.29,
      56.44,
      59.03,
      48.3,
      55.01,
      94.83,
      93.52,
      84.9,
      89.02,
      88.84,
      90.25,
      60.93,
      63.95
    ],
    [
      100000.0,
      100000.0,
      100000.0,
      100000.0,
      100000.0,
      100000.0,
      100000.0,
      100000.0,
      100000.0,
      100000.0,
      100000.0,
      100000.0,
      100000.0,
      100000.0,
      100000.0,
      100000.0,
      100000.0,
      100000.0,
      100000.0,
      100000.0,
      100000.0,
      100000.0,
      100000.0,
      100000.0,
      100000.0,
      100000.0,
      100000.0,
      100000.0,
      100000.0,
      100000.0,
      100000.0,
      100000.0,
      100000.0,
      100000.0,
      100000.0,
      100000.0,
      100000.0,
      100000.0,
      100000.0,
      100000.0,
      100000.0,
      100000.0,
      100000.0,
      100000.0,
      100000.0,
      100000.0,
      100000.0,
      100000.0
    ],
    [
      13.0,
      41.18,
      56.08,
      51.24,
      35.01,
      46.14,
      100000.0,
      13.0,
      36.4,
      100000.0,
      60.53,
      45.61,
      100000.0,
      100000.0,
      34.44,
      17.2,
      52.2,
      21.54,
      38.42,
      100000.0,
      100000.0,
      44.69,
      70.66,
      23.32,
      100000.0,
      100000.0,
      100000.0,
      23.77,
      35.01,
      100000.0,
      45.69,
      52.8,
      38.21,
      41.77,
      37.36,
      37.7,
      63.16,
      63.06,
      55.36,
      60.42,
      61.61,
      61.66,
      77.9,
      81.57,
      64.13,
      63.29,
      26.0,
      27.46
    ],
    [
      56.59,
      9.22,
      72.03,
      29.41,
      28.02,
      8.49,
      100000.0,
      37.58,
      42.0,
      100000.0,
      45.22,
      86.28,
      100000.0,
      100000.0,
      62.94,
      28.3,
      71.06,
      27.51,
      82.73,
      100000.0,
      44.69,
      100000.0,
      29.15,
      56.61,
      100000.0,
      100000.0,
      100000.0,
      59.06,
      30.02,
      100000.0,
      88.01,
      95.21,
      82.76,
      86.45,
      25.0,
      20.88,
      87.46,
      85.15,
      82.38,
      84.48,
      30.02,
      33.6,
      84.48,
      86.65,
      50.22,
      45.45,
      34.13,
      29.07
    ],
    [
      80.99,
      29.55,
      79.71,
      29.55,
      41.77,
      24.7,
      100000.0,
      65.8,
      53.54,
      100000.0,
      40.11,
      106.78,
      100000.0,
      100000.0,
      79.2,
      55.97,
      80.62,
      56.29,
      106.83,
      100000.0,
      70.66,
      29.15,
      100000.0,
      85.38,
      100000.0,
      100000.0,
      100000.0,
      79.21,
      43.28,
      100000.0,
      109.71,
      116.73,
      107.34,
      111.52,
      53.15,
      49.09,
      97.69,
      94.34,
      94.83,
      94.94,
      18.25,
      23.09,
      84.15,
      85.01,
      44.0,
      38.0,
      63.29,
      58.22
    ],
    [
      28.3,
      56.57,
      78.49,
      71.34,
      56.09,
      61.0,
      100000.0,
      20.02,
      59.51,
      100000.0,
      82.46,
      56.57,
      100000.0,
      100000.0,
      55.44,
      30.07,
      74.28,
      29.12,
      42.19,
      100000.0,
      23.32,
      56.61,
      85.38,
      100000.0,
      100000.0,
      100000.0,
      100000.0,
      43.6,
      56.52,
      100000.0,
      54.04,
      60.03,
      40.45,
      41.48,
      38.42,
      41.05,
      83.22,
      83.82,
      74.95,
      80.71,
      80.02,
      81.06,
      100.9,
      104.64,
      86.4,
      84.93,
      24.41,
      29.15
    ],
    [
      100000.0,
      100000.0,
      100000.0,
      100000.0,
      100000.0,
      100000.0,
      100000.0,
      100000.0,
      100000.0,
      100000.0,
      100000.0,
      100000.0,
      100000.0,
      100000.0,
      100000.0,
      100000.0,
      100000.0,
      100000.0,
      100000.0,
      100000.0,
      100000.0,
      100000.0,
      100000.0,
      100000.0,
      100000.0,
      100000.0,
      100000.0,
      100000.0,
      100000.0,
      100000.0,
      100000.0,
      100000.0,
      100000.0,
      100000.0,
      100000.0,
      100000.0,
      100000.0,
      100000.0,
      100000.0,
      100000.0,
      100000.0,
      100000.0,
      100000.0,
      100000.0,
      100000.0,
      100000.0,
      100000.0,
      100000.0
    ],
    [
      100000.0,
      100000.0,
      100000.0,
      100000.0,
      100000.0,
      100000.0,
      100000.0,
      100000.0,
      100000.0,
      100000.0,
      100000.0,
      100000.0,
      100000.0,
      100000.0,
      100000.0,
      100000.0,
      100000.0,
      100000.0,
      100000.0,
      100000.0,
      100000.0,
      100000.0,
      100000.0,
      100000.0,
      100000.0,
      100000.0,
      100000.0,
      100000.0,
      100000.0,
      100000.0,
      100000.0,
      100000.0,
      100000.0,
      100000.0,
      100000.0,
      100000.0,
      100000.0,
      100000.0,
      100000.0,
      100000.0,
      100000.0,
      100000.0,
      100000.0,
      100000.0,
      100000.0,
      100000.0,
      100000.0,
      100000.0
    ],
    [
      100000.0,
      100000.0,
      100000.0,
      100000.0,
      100000.0,
      100000.0,
      100000.0,
      100000.0,
      100000.0,
      100000.0,
      100000.0,
      100000.0,
      100000.0,
      100000.0,
      100000.0,
      100000.0,
      100000.0,
      100000.0,
      100000.0,
      100000.0,
      100000.0,
      100000.0,
      100000.0,
      100000.0,
      100000.0,
      100000.0,
      100000.0,
      100000.0,
      100000.0,
      100000.0,
      100000.0,
      100000.0,
      100000.0,
      100000.0,
      100000.0,
      100000.0,
      100000.0,
      100000.0,
      100000.0,
      100000.0,
      100000.0,
      100000.0,
      100000.0,
      100000.0,
      100000.0,
      100000.0,
      100000.0,
      100000.0
    ],
    [
      15.56,
      52.43,
      36.06,
      53.0,
      37.64,
      57.2,
      100000.0,
      36.5,
      29.73,
      100000.0,
      56.04,
      27.66,
      100000.0,
      100000.0,
      12.04,
      37.22,
      31.4,
      43.05,
      30.81,
      100000.0,
      23.77,
      59.06,
      79.21,
      43.6,
      100000.0,
      100000.0,
      100000.0,
      100000.0,
      36.4,
      100000.0,
      30.61,
      37.54,
      32.39,
      37.34,
      59.14,
      58.55,
      39.82,
      40.22,
      31.78,
      37.22,
      65.46,
      63.63,
      59.54,
      63.53,
      58.05,
      59.48,
      49.37,
      50.01
    ],
    [
      41.48,
      21.02,
      42.01,
      17.09,
      2.0,
      24.52,
      100000.0,
      37.7,
      12.04,
      100000.0,
      25.96,
      63.7,
      100000.0,
      100000.0,
      36.06,
      29.15,
      41.19,
      34.21,
      65.74,
      100000.0,
      35.01,
      30.02,
      43.28,
      56.52,
      100000.0,
      100000.0,
      100000.0,
      36.4,
      100000.0,
      100000.0,
      67.01,
      73.88,
      66.71,
      71.31,
      44.65,
      41.68,
      57.87,
      55.33,
      53.45,
      54.92,
      29.15,
      27.86,
      55.95,
      58.59,
      30.08,
      28.44,
      44.2,
      41.04
    ],
    [
      100000.0,
      100000.0,
      100000.0,
      100000.0,
      100000.0,
      100000.0,
      100000.0,
      100000.0,
      100000.0,
      100000.0,
      100000.0,
      100000.0,
      100000.0,
      100000.0,
      100000.0,
      100000.0,
      100000.0,
      100000.0,
      100000.0,
      100000.0,
      100000.0,
      100000.0,
      100000.0,
      100000.0,
      100000.0,
      100000.0,
      100000.0,
      100000.0,
      100000.0,
      100000.0,
      100000.0,
      100000.0,
      100000.0,
      100000.0,
      100000.0,
      100000.0,
      100000.0,
      100000.0,
      100000.0,
      100000.0,
      100000.0,
      100000.0,
      100000.0,
      100000.0,
      100000.0,
      100000.0,
      100000.0,
      100000.0
    ],
    [
      32.7,
      82.22,
      54.01,
      83.49,
      68.25,
      87.11,
      100000.0,
      57.87,
      59.54,
      100000.0,
      85.09,
      6.32,
      100000.0,
      100000.0,
      34.79,
      62.61,
      49.0,
      67.23,
      13.42,
      100000.0,
      45.69,
      88.01,
      109.71,
      54.04,
      100000.0,
      100000.0,
      100000.0,
      30.61,
      67.01,
      100000.0,
      100000.0,
      7.21,
      16.12,
      19.1,
      82.87,
      83.38,
      45.88,
      49.04,
      38.33,
      44.92,
      96.02,
      94.03,
      76.66,
      80.75,
      86.38,
      88.64,
      70.34,
      72.73
    ],
    [
      39.81,
      89.38,
      58.22,
      90.21,
      75.17,
      94.26,
      100000.0,
      64.85,
      66.04,
      100000.0,
      91.24,
      10.77,
      100000.0,
      100000.0,
      40.72,
      69.77,
      53.34,
      74.32,
      18.11,
      100000.0,
      52.8,
      95.21,
      116.73,
      60.03,
      100000.0,
      100000.0,
      100000.0,
      37.54,
      73.88,
      100000.0,
      7.21,
      100000.0,
      20.4,
      21.93,
      89.89,
      90.47,
      48.05,
      51.62,
      41.19,
      47.52,
      102.8,
      100.69,
      80.1,
      84.15,
      92.31,
      94.81,
      77.2,
      79.71
    ],
    [
      26.4,
      78.41,
      63.79,
      83.77,
      67.54,
      83.41,
      100000.0,
      48.55,
      61.85,
      100000.0,
      88.29,
      21.26,
      100000.0,
      100000.0,
      41.11,
      55.32,
      58.69,
      58.82,
      2.83,
      100000.0,
      38.21,
      82.76,
      107.34,
      40.45,
      100000.0,
      100000.0,
      100000.0,
      32.39,
      66.71,
      100000.0,
      16.12,
      20.4,
      100000.0,
      5.0,
      73.43,
      74.63,
      59.17,
      61.72,
      51.0,
      57.71,
      95.71,
      94.54,
      87.36,
      91.48,
      90.43,
      91.68,
      59.93,
      63.13
    ],
    [
      30.53,
      82.42,
      68.66,
      88.39,
      72.09,
      87.42,
      100000.0,
      51.4,
      66.71,
      100000.0,
      93.17,
      24.84,
      100000.0,
      100000.0,
      46.1,
      58.69,
      63.56,
      61.85,
      7.28,
      100000.0,
      41.77,
      86.45,
      111.52,
      41.48,
      100000.0,
      100000.0,
      100000.0,
      37.34,
      71.31,
      100000.0,
      19.1,
      21.93,
      5.0,
      100000.0,
      76.01,
      77.42,
      63.53,
      66.21,
      55.46,
      62.17,
      100.22,
      99.16,
      92.18,
      96.3,
      95.35,
      96.54,
      62.27,
      65.73
    ],
    [
      50.29,
      30.53,
      83.17,
      51.4,
      43.01,
      32.7,
      100000.0,
      25.08,
      54.56,
      100000.0,
      66.6,
      82.97,
      100000.0,
      100000.0,
      67.19,
      22.0,
      80.78,
      16.12,
      74.24,
      100000.0,
      37.36,
      25.0,
      53.15,
      38.42,
      100000.0,
      100000.0,
      100000.0,
      59.14,
      44.65,
      100000.0,
      82.87,
      89.89,
      73.43,
      76.01,
      100000.0,
      4.12,
      95.19,
      93.94,
      88.46,
      92.23,
      54.63,
      57.71,
      100.24,
      103.08,
      71.51,
      67.62,
      14.14,
      10.3
    ],
    [
      50.7,
      26.63,
      81.04,
      47.63,
      39.96,
      28.64,
      100000.0,
      26.08,
      52.0,
      100000.0,
      62.97,
      83.17,
      100000.0,
      100000.0,
      66.01,
      21.38,
      78.85,
      16.16,
      75.29,
      100000.0,
      37.7,
      20.88,
      49.09,
      41.05,
      100000.0,
      100000.0,
      100000.0,
      58.55,
      41.68,
      100000.0,
      83.38,
      90.47,
      74.63,
      77.42,
      4.12,
      100000.0,
      93.65,
      92.23,
      87.14,
      90.67,
      50.57,
      53.71,
      97.49,
      100.24,
      67.9,
      63.89,
      16.64,
      12.04
    ],
    [
      54.92,
      78.77,
      18.6,
      68.15,
      59.84,
      82.38,
      100000.0,
      75.27,
      45.89,
      100000.0,
      61.03,
      39.56,
      100000.0,
      100000.0,
      28.79,
      73.55,
      17.09,
      79.83,
      56.44,
      100000.0,
      63.16,
      87.46,
      97.69,
      83.22,
      100000.0,
      100000.0,
      100000.0,
      39.82,
      57.87,
      100000.0,
      45.88,
      48.05,
      59.17,
      63.53,
      95.19,
      93.65,
      100000.0,
      4.47,
      8.49,
      3.0,
      80.06,
      76.06,
      33.54,
      37.34,
      59.67,
      64.4,
      87.64,
      87.32
    ],
    [
      55.61,
      76.32,
      14.76,
      64.85,
      57.31,
      79.76,
      100000.0,
      74.85,
      43.29,
      100000.0,
      57.14,
      42.72,
      100000.0,
      100000.0,
      28.65,
      72.53,
      14.14,
      78.85,
      59.03,
      100000.0,
      63.06,
      85.15,
      94.34,
      83.82,
      100000.0,
      100000.0,
      100000.0,
      40.22,
      55.33,
      100000.0,
      49.04,
      51.62,
      61.72,
      66.21,
      93.94,
      92.23,
      4.47,
      100000.0,
      10.77,
      4.12,
      76.56,
      72.45,
      29.27,
      33.14,
      55.61,
      60.46,
      86.98,
      86.4
    ],
    [
      46.65,
      73.98,
      19.24,
      65.37,
      55.36,
      77.88,
      100000.0,
      67.72,
      41.79,
      100000.0,
      60.14,
      32.02,
      100000.0,
      100000.0,
      21.38,
      66.61,
      15.62,
      72.84,
      48.3,
      100000.0,
      55.36,
      82.38,
      94.83,
      74.95,
      100000.0,
      100000.0,
      100000.0,
      31.78,
      53.45,
      100000.0,
      38.33,
      41.19,
      51.0,
      55.46,
      88.46,
      87.14,
      8.49,
      10.77,
      100000.0,
      6.71,
      77.7,
      74.06,
      39.0,
      43.01,
      59.46,
      63.66,
      80.28,
      80.23
    ],
    [
      52.43,
      75.8,
      16.28,
      65.39,
      56.89,
      79.43,
      100000.0,
      72.45,
      42.95,
      100000.0,
      58.6,
      38.6,
      100000.0,
      100000.0,
      26.0,
      70.61,
      14.32,
      76.9,
      55.01,
      100000.0,
      60.42,
      84.48,
      94.94,
      80.71,
      100000.0,
      100000.0,
      100000.0,
      37.22,
      54.92,
      100000.0,
      44.92,
      47.52,
      57.71,
      62.17,
      92.23,
      90.67,
      3.0,
      4.12,
      6.71,
      100000.0,
      77.37,
      73.43,
      33.14,
      37.05,
      57.38,
      62.01,
      84.77,
      84.4
    ],
    [
      70.01,
      24.74,
      61.85,
      12.73,
      28.18,
      21.93,
      100000.0,
      60.01,
      37.48,
      100000.0,
      22.0,
      92.46,
      100000.0,
      100000.0,
      63.64,
      50.0,
      63.06,
      52.35,
      94.83,
      100000.0,
      61.61,
      30.02,
      18.25,
      80.02,
      100000.0,
      100000.0,
      100000.0,
      65.46,
      29.15,
      100000.0,
      96.02,
      102.8,
      95.71,
      100.22,
      54.63,
      50.57,
      80.06,
      76.56,
      77.7,
      77.37,
      100000.0,
      5.1,
      66.03,
      67.03,
      26.17,
      20.22,
      61.19,
      56.52
    ],
    [
      69.26,
      27.31,
      57.7,
      10.77,
      27.2,
      25.24,
      100000.0,
      61.13,
      34.83,
      100000.0,
      17.03,
      90.21,
      100000.0,
      100000.0,
      60.96,
      51.24,
      59.17,
      54.13,
      93.52,
      100000.0,
      61.66,
      33.6,
      23.09,
      81.06,
      100000.0,
      100000.0,
      100000.0,
      63.63,
      27.86,
      100000.0,
      94.03,
      100.69,
      94.54,
      99.16,
      57.71,
      53.71,
      76.06,
      72.45,
      74.06,
      73.43,
      5.1,
      100000.0,
      61.07,
      62.01,
      21.1,
      15.13,
      63.32,
      58.82
    ],
    [
      74.63,
      75.29,
      23.77,
      57.43,
      57.78,
      77.13,
      100000.0,
      87.11,
      45.79,
      100000.0,
      44.05,
      70.46,
      100000.0,
      100000.0,
      47.85,
      81.61,
      28.79,
      87.66,
      84.9,
      100000.0,
      77.9,
      84.48,
      84.15,
      100.9,
      100000.0,
      100000.0,
      100000.0,
      59.54,
      55.95,
      100000.0,
      76.66,
      80.1,
      87.36,
      92.18,
      100.24,
      97.49,
      33.54,
      29.27,
      39.0,
      33.14,
      66.03,
      61.07,
      100000.0,
      4.12,
      40.31,
      46.27,
      97.2,
      95.13
    ],
    [
      78.55,
      77.49,
      27.86,
      59.03,
      60.37,
      79.12,
      100000.0,
      90.55,
      48.83,
      100000.0,
      45.04,
      74.55,
      100000.0,
      100000.0,
      51.89,
      84.81,
      32.89,
      90.8,
      89.02,
      100000.0,
      81.57,
      86.65,
      85.01,
      104.64,
      100000.0,
      100000.0,
      100000.0,
      63.53,
      58.59,
      100000.0,
      80.75,
      84.15,
      91.48,
      96.3,
      103.08,
      100.24,
      37.34,
      33.14,
      43.01,
      37.05,
      67.03,
      62.01,
      4.12,
      100000.0,
      41.01,
      47.01,
      100.42,
      98.23
    ],
    [
      68.0,
      41.87,
      41.11,
      20.81,
      30.87,
      41.88,
      100000.0,
      67.78,
      29.02,
      100000.0,
      5.0,
      81.54,
      100000.0,
      100000.0,
      51.62,
      59.03,
      43.86,
      63.63,
      88.84,
      100000.0,
      64.13,
      50.22,
      44.0,
      86.4,
      100000.0,
      100000.0,
      100000.0,
      58.05,
      30.08,
      100000.0,
      86.38,
      92.31,
      90.43,
      95.35,
      71.51,
      67.9,
      59.67,
      55.61,
      59.46,
      57.38,
      26.17,
      21.1,
      40.31,
      41.01,
      100000.0,
      6.0,
      73.57,
      69.89
    ],
    [
      68.26,
      37.48,
      45.8,
      16.28,
      28.86,
      37.01,
      100000.0,
      65.8,
      29.83,
      100000.0,
      3.61,
      84.08,
      100000.0,
      100000.0,
      54.12,
      56.65,
      48.17,
      60.84,
      90.25,
      100000.0,
      63.29,
      45.45,
      38.0,
      84.93,
      100000.0,
      100000.0,
      100000.0,
      59.48,
      28.44,
      100000.0,
      88.64,
      94.81,
      91.68,
      96.54,
      67.62,
      63.89,
      64.4,
      60.46,
      63.66,
      62.01,
      20.22,
      15.13,
      46.27,
      47.01,
      6.0,
      100000.0,
      70.66,
      66.73
    ],
    [
      38.33,
      36.5,
      77.83,
      55.15,
      43.01,
      40.11,
      100000.0,
      13.0,
      51.74,
      100000.0,
      68.96,
      71.02,
      100000.0,
      100000.0,
      58.94,
      15.62,
      74.73,
      10.0,
      60.93,
      100000.0,
      26.0,
      34.13,
      63.29,
      24.41,
      100000.0,
      100000.0,
      100000.0,
      49.37,
      44.2,
      100000.0,
      70.34,
      77.2,
      59.93,
      62.27,
      14.14,
      16.64,
      87.64,
      86.98,
      80.28,
      84.77,
      61.19,
      63.32,
      97.2,
      100.42,
      73.57,
      70.66,
      100000.0,
      5.1
    ],
    [
      40.26,
      31.78,
      76.56,
      50.99,
      39.7,
      35.23,
      100000.0,
      14.87,
      49.41,
      100000.0,
      65.19,
      73.01,
      100000.0,
      100000.0,
      58.86,
      13.93,
      73.74,
      7.62,
      63.95,
      100000.0,
      27.46,
      29.07,
      58.22,
      29.15,
      100000.0,
      100000.0,
      100000.0,
      50.01,
      41.04,
      100000.0,
      72.73,
      79.71,
      63.13,
      65.73,
      10.3,
      12.04,
      87.32,
      86.4,
      80.23,
      84.4,
      56.52,
      58.82,
      95.13,
      98.23,
      69.89,
      66.73,
      5.1,
      100000.0
    ]
  ],
  "rob_power_matrix": [
    [
      10000.0,
      10000.0,
      10000.0,
      10000.0,
      10000.0,
      10000.0,
      10000.0,
      10000.0,
      10000.0,
      10000.0,
      10000.0,
      10000.0,
      10000.0,
      10000.0,
      10000.0,
      10000.0,
      10000.0,
      10000.0,
      10000.0,
      10000.0,
      10000.0,
      10000.0,
      10000.0,
      10000.0,
      10000.0,
      10000.0,
      10000.0,
      10000.0,
      10000.0,
      10000.0,
      10000.0,
      10000.0,
      10000.0,
      10000.0,
      10000.0,
      10000.0,
      10000.0,
      10000.0,
      10000.0,
      10000.0,
      10000.0,
      10000.0,
      10000.0,
      10000.0,
      10000.0,
      10000.0,
      10000.0,
      10000.0
    ],
    [
      10000.0,
      10000.0,
      10000.0,
      10000.0,
      10000.0,
      10000.0,
      10000.0,
      10000.0,
      10000.0,
      10000.0,
      10000.0,
      10000.0,
      10000.0,
      10000.0,
      10000.0,
      10000.0,
      10000.0,
      10000.0,
      10000.0,
      10000.0,
      10000.0,
      10000.0,
      10000.0,
      10000.0,
      10000.0,
      10000.0,
      10000.0,
      10000.0,
      10000.0,
      10000.0,
      10000.0,
      10000.0,
      10000.0,
      10000.0,
      10000.0,
      10000.0,
      10000.0,
      10000.0,
      10000.0,
      10000.0,
      10000.0,
      10000.0,
      10000.0,
      10000.0,
      10000.0,
      10000.0,
      10000.0,
      10000.0
    ],
    [
      10000.0,
      10000.0,
      10000.0,
      10000.0,
      10000.0,
      10000.0,
      10000.0,
      10000.0,
      10000.0,
      10000.0,
      10000.0,
      10000.0,
      10000.0,
      10000.0,
      10000.0,
      10000.0,
      10000.0,
      10000.0,
      10000.0,
      10000.0,
      10000.0,
      10000.0,
      10000.0,
      10000.0,
      10000.0,
      10000.0,
      10000.0,
      10000.0,
      10000.0,
      10000.0,
      10000.0,
      10000.0,
      10000.0,
      10000.0,
      10000.0,
      10000.0,
      10000.0,
      10000.0,
      10000.0,
      10000.0,
      10000.0,
      10000.0,
      10000.0,
      10000.0,
      10000.0,
      10000.0,
      10000.0,
      10000.0
    ],
    [
      10000.0,
      10000.0,
      10000.0,
      10000.0,
      1.649,
      2.1100000000000003,
      5.1610000000000005,
      5.162,
      2.4760000000000004,
      5.239000000000001,
      1.5810000000000002,
      7.981000000000001,
      8.654000000000002,
      6.5,
      5.091,
      4.1979999999999995,
      5.1080000000000005,
      4.554,
      8.276000000000002,
      1.03,
      5.1240000000000006,
      2.9410000000000003,
      2.955,
      7.134,
      1.7800000000000002,
      6.531000000000001,
      8.602,
      5.300000000000001,
      1.709,
      5.984000000000001,
      8.349,
      9.020999999999999,
      8.377,
      8.839,
      5.140000000000001,
      4.763000000000001,
      6.815000000000001,
      6.484999999999999,
      6.537000000000001,
      6.539000000000001,
      1.2730000000000001,
      1.077,
      5.743,
      5.9030000000000005,
      2.081,
      1.6280000000000001,
      5.515000000000001,
      5.099
    ],
    [
      10000.0,
      10000.0,
      10000.0,
      1.649,
      10000.0,
      2.256,
      4.28,
      3.7,
      1.404,
      4.061,
      2.657,
      6.507,
      7.026000000000001,
      5.672000000000001,
      3.7740000000000005,
      2.818,
      4.319,
      3.3020000000000005,
      6.665000000000001,
      2.657,
      3.501,
      2.802,
      4.1770000000000005,
      5.609000000000001,
      2.879,
      5.6290000000000004,
      7.094,
      3.7640000000000002,
      0.2,
      6.0840000000000005,
      6.825,
      7.517,
      6.754000000000001,
