{
  "name": "RM-d4-n8-k1-p2",
  "V_coordinates": [
    [
      73,
      50
    ],
    [
      50,
      87
    ],
    [
      15,
      50
    ],
    [
      50,
      25
    ],
    [
      69,
      59
    ],
    [
      17,
      67
    ],
    [
      33,
      63
    ],
    [
      97,
      96
    ],
    [
      28,
      85
    ],
    [
      20,
      47
    ],
    [
      59,
      97
    ],
    [
      68,
      75
    ],
    [
      34,
      49
    ],
    [
      65,
      88
    ],
    [
      8,
      54
    ],
    [
      80,
      18
    ],
    [
      97,
      34
    ],
    [
      42,
      7
    ],
    [
      53,
      31
    ],
    [
      58,
      76
    ],
    [
      29,
      43
    ],
    [
      60,
      82
    ],
    [
      92,
      32
    ],
    [
      8,
      72
    ],
    [
      68,
      62
    ],
    [
      34,
      91
    ],
    [
      5,
      94
    ],
    [
      88,
      74
    ],
    [
      6,
      53
    ],
    [
      45,
      8
    ],
    [
      87,
      17
    ],
    [
      62,
      39
    ],
    [
      33,
      61
    ],
    [
      97,
      42
    ],
    [
      69,
      90
    ],
    [
      7,
      8
    ],
    [
      90,
      32
    ],
    [
      94,
      29
    ],
    [
      4,
      6
    ],
    [
      8,
      10
    ],
    [
      43,
      9
    ],
    [
      46,
      6
    ],
    [
      36,
      61
    ],
    [
      30,
      61
    ],
    [
      66,
      93
    ],
    [
      74,
      89
    ],
    [
      90,
      16
    ],
    [
      85,
      19
    ],
    [
      81,
      19
    ],
    [
      76,
      17
    ],
    [
      90,
      75
    ],
    [
      86,
      77
    ],
    [
      32,
      56
    ],
    [
      36,
      60
    ],
    [
      20,
      66
    ],
    [
      14,
      67
    ]
  ],
  "V": [
    0,
    1,
    2,
    3,
    4,
    5,
    6,
    7,
    8,
    9,
    10,
    11,
    12,
    13,
    14,
    15,
    16,
    17,
    18,
    19,
    20,
    21,
    22,
    23,
    24,
    25,
    26,
    27,
    28,
    29,
    30,
    31,
    32,
    33,
    34,
    35,
    36,
    37,
    38,
    39,
    40,
    41,
    42,
    43,
    44,
    45,
    46,
    47,
    48,
    49,
    50,
    51,
    52,
    53,
    54,
    55
  ],
  "VD": [
    0,
    1,
    2,
    3
  ],
  "VC": [
    4,
    5,
    6,
    7,
    8,
    9,
    10,
    11,
    12,
    13,
    14,
    15,
    16,
    17,
    18,
    19,
    20,
    21,
    22,
    23,
    24,
    25,
    26,
    27,
    28,
    29,
    30,
    31,
    32,
    33,
    34,
    35
  ],
  "VP": [
    36,
    37,
    38,
    39,
    40,
    41,
    42,
    43,
    44,
    45,
    46,
    47,
    48,
    49,
    50,
    51,
    52,
    53,
    54,
    55
  ],
  "VC1": [
    4,
    7,
    8,
    9,
    10,
    11,
    12,
    13,
    14,
    16,
    17,
    18,
    19,
    20,
    21,
    23,
    24,
    25,
    26,
    28,
    31,
    33
  ],
  "VC2": [
    22,
    35,
    29,
    6,
    34,
    30,
    15,
    27,
    32,
    5
  ],
  "demand": [
    0,
    0,
    0,
    0,
    17,
    30,
    26,
    24,
    17,
    26,
    30,
    10,
    22,
    28,
    20,
    30,
    23,
    11,
    19,
    14,
    16,
    11,
    19,
    12,
    12,
    19,
    19,
    15,
    23,
    28,
    18,
    14,
    10,
    27,
    11,
    28,
    0,
    0,
    0,
    0,
    0,
    0,
    0,
    0,
    0,
    0,
    0,
    0,
    0,
    0,
    0,
    0,
    0,
    0,
    0,
    0
  ],
  "service_time": [
    0,
    0,
    0,
    0,
    13,
    19,
    17,
    12,
    19,
    18,
    10,
    16,
    13,
    15,
    11,
    13,
    19,
    20,
    16,
    19,
    13,
    17,
    11,
    20,
    16,
    14,
    18,
    17,
    10,
    15,
    19,
    16,
    14,
    10,
    12,
    13,
    0,
    0,
    0,
    0,
    0,
    0,
    0,
    0,
    0,
    0,
    0,
    0,
    0,
    0,
    0,
    0,
    0,
    0,
    0,
    0
  ],
  "K": [
    0,
    1,
    2,
    3
  ],
  "veh_dist_matrix": [
    [
      100000.0,
      43.57,
      58.0,
      33.97,
      9.85,
      100000.0,
      100000.0,
      51.88,
      57.01,
      53.08,
      49.04,
      25.5,
      39.01,
      38.83,
      65.12,
      100000.0,
      28.84,
      53.01,
      27.59,
      30.02,
      44.55,
      34.54,
      100000.0,
      68.62,
      13.0,
      56.59,
      80.99,
      100000.0,
      67.07,
      100000.0,
      100000.0,
      15.56,
      100000.0,
      25.3,
      100000.0,
      100000.0,
      24.76,
      29.7,
      81.84,
      76.32,
      50.8,
      51.62,
      38.6,
      44.38,
      43.57,
      39.01,
      38.01,
      33.24,
      32.02,
      33.14,
      30.23,
      29.97,
      41.44,
      38.33,
      55.36,
      61.4
    ],
    [
      43.57,
      100000.0,
      50.93,
      62.0,
      33.84,
      100000.0,
      100000.0,
      47.85,
      22.09,
      50.0,
      13.45,
      21.63,
      41.23,
      15.03,
      53.41,
      100000.0,
      70.84,
      80.4,
      56.08,
      13.6,
      48.75,
      11.18,
      100000.0,
      44.6,
      30.81,
      16.49,
      45.54,
      100000.0,
      55.61,
      100000.0,
      100000.0,
      49.48,
      100000.0,
      65.07,
      100000.0,
      100000.0,
      68.01,
      72.8,
      93.15,
      87.71,
      78.31,
      81.1,
      29.53,
      32.8,
      17.09,
      24.08,
      81.49,
      76.48,
      74.73,
      74.67,
      41.76,
      37.36,
      35.85,
      30.41,
      36.62,
      41.18
    ],
    [
      58.0,
      50.93,
      100000.0,
      43.01,
      54.74,
      100000.0,
      100000.0,
      94.02,
      37.34,
      5.83,
      64.38,
      58.6,
      19.03,
      62.8,
      8.06,
      100000.0,
      83.55,
      50.77,
      42.49,
      50.25,
      15.65,
      55.22,
      100000.0,
      23.09,
      54.34,
      45.19,
      45.12,
      100000.0,
      9.49,
      100000.0,
      100000.0,
      48.27,
      100000.0,
      82.39,
      100000.0,
      100000.0,
      77.13,
      81.74,
      45.35,
      40.61,
      49.65,
      53.82,
      23.71,
      18.6,
      66.71,
      70.72,
      82.35,
      76.56,
      72.92,
      69.35,
      79.06,
      75.96,
      18.03,
      23.26,
      16.76,
      17.03
    ],
    [
      33.97,
      62.0,
      43.01,
      100000.0,
      38.95,
      100000.0,
      100000.0,
      85.15,
      63.91,
      37.2,
      72.56,
      53.14,
      28.84,
      64.76,
      51.04,
      100000.0,
      47.85,
      19.7,
      6.71,
      51.62,
      27.66,
      57.87,
      100000.0,
      63.03,
      41.15,
      67.91,
      82.38,
      100000.0,
      52.15,
      100000.0,
      100000.0,
      18.44,
      100000.0,
      49.98,
      100000.0,
      100000.0,
      40.61,
      44.18,
      49.77,
      44.6,
      17.46,
      19.42,
      38.63,
      41.18,
      69.86,
      68.35,
      41.0,
      35.51,
      31.58,
      27.2,
      64.03,
      63.25,
      35.85,
      37.7,
      50.8,
      55.32
    ],
    [
      9.85,
      33.84,
      54.74,
      38.95,
      100000.0,
      100000.0,
      100000.0,
      46.4,
      48.55,
      50.45,
      39.29,
      16.03,
      36.4,
      29.27,
      61.2,
      100000.0,
      37.54,
      58.59,
      32.25,
      20.25,
      43.08,
      24.7,
      100000.0,
      62.37,
      3.16,
      47.42,
      72.95,
      100000.0,
      63.29,
      100000.0,
      100000.0,
      21.19,
      100000.0,
      32.76,
      100000.0,
      100000.0,
      34.21,
      39.05,
      83.87,
      78.24,
      56.36,
      57.78,
      33.06,
      39.05,
      34.13,
      30.41,
      47.85,
      43.08,
      41.76,
      42.58,
      26.4,
      24.76,
      37.12,
      33.02,
      49.5,
      55.58
    ],
    [
      100000.0,
      100000.0,
      100000.0,
      100000.0,
      100000.0,
      100000.0,
      100000.0,
      100000.0,
      100000.0,
      100000.0,
      100000.0,
      100000.0,
      100000.0,
      100000.0,
      100000.0,
      100000.0,
      100000.0,
      100000.0,
      100000.0,
      100000.0,
      100000.0,
      100000.0,
      100000.0,
      100000.0,
      100000.0,
      100000.0,
      100000.0,
      100000.0,
      100000.0,
      100000.0,
      100000.0,
      100000.0,
      100000.0,
      100000.0,
      100000.0,
      100000.0,
      100000.0,
      100000.0,
      100000.0,
      100000.0,
      100000.0,
      100000.0,
      100000.0,
      100000.0,
      100000.0,
      100000.0,
      100000.0,
      100000.0,
      100000.0,
      100000.0,
      100000.0,
      100000.0,
      100000.0,
      100000.0,
      100000.0,
      100000.0
    ],
    [
      100000.0,
      100000.0,
      100000.0,
      100000.0,
      100000.0,
      100000.0,
      100000.0,
      100000.0,
      100000.0,
      100000.0,
      100000.0,
      100000.0,
      100000.0,
      100000.0,
      100000.0,
      100000.0,
      100000.0,
      100000.0,
      100000.0,
      100000.0,
      100000.0,
      100000.0,
      100000.0,
      100000.0,
      100000.0,
      100000.0,
      100000.0,
      100000.0,
      100000.0,
      100000.0,
      100000.0,
      100000.0,
      100000.0,
      100000.0,
      100000.0,
      100000.0,
      100000.0,
      100000.0,
      100000.0,
      100000.0,
      100000.0,
      100000.0,
      100000.0,
      100000.0,
      100000.0,
      100000.0,
      100000.0,
      100000.0,
      100000.0,
      100000.0,
      100000.0,
      100000.0,
      100000.0,
      100000.0,
      100000.0,
      100000.0
    ],
    [
      51.88,
      47.85,
      94.02,
      85.15,
      46.4,
      100000.0,
      100000.0,
      100000.0,
      69.87,
      91.27,
      38.01,
      35.81,
      78.6,
      32.98,
      98.41,
      100000.0,
      62.0,
      104.62,
      78.49,
      43.83,
      86.21,
      39.56,
      100000.0,
      92.18,
      44.69,
      63.2,
      92.02,
      100000.0,
      100.65,
      100000.0,
      100000.0,
      66.89,
      100000.0,
      54.0,
      100000.0,
      100000.0,
      64.38,
      67.07,
      129.42,
      123.76,
      102.4,
      103.45,
      70.33,
      75.59,
      31.14,
      24.04,
      80.31,
      77.93,
      78.64,
      81.74,
      22.14,
      21.95,
      76.32,
      70.83,
      82.64,
      87.92
    ],
    [
      57.01,
      22.09,
      37.34,
      63.91,
      48.55,
      100000.0,
      100000.0,
      69.87,
      100000.0,
      38.83,
      33.24,
      41.23,
      36.5,
      37.12,
      36.89,
      100000.0,
      85.8,
      79.25,
      59.51,
      31.32,
      42.01,
      32.14,
      100000.0,
      23.85,
      46.14,
      8.49,
      24.7,
      100000.0,
      38.83,
      100000.0,
      100000.0,
      57.2,
      100000.0,
      81.3,
      100000.0,
      100000.0,
      81.57,
      86.56,
      82.57,
      77.62,
      77.47,
      81.02,
      25.3,
      24.08,
      38.83,
      46.17,
      92.76,
      87.21,
      84.65,
      83.23,
      62.8,
      58.55,
      29.27,
      26.25,
      20.62,
      22.8
    ],
    [
      53.08,
      50.0,
      5.83,
      37.2,
      50.45,
      100000.0,
      100000.0,
      91.27,
      38.83,
      100000.0,
      63.41,
      55.57,
      14.14,
      60.88,
      13.89,
      100000.0,
      78.09,
      45.65,
      36.67,
      47.8,
      9.85,
      53.15,
      100000.0,
      27.73,
      50.29,
      46.17,
      49.34,
      100000.0,
      15.23,
      100000.0,
      100000.0,
      42.76,
      100000.0,
      77.16,
      100000.0,
      100000.0,
      71.59,
      76.16,
      44.01,
      38.9,
      44.42,
      48.55,
      21.26,
      17.2,
      65.05,
      68.41,
      76.56,
      70.77,
      67.12,
      63.53,
      75.39,
      72.5,
      15.0,
      20.62,
      19.0,
      20.88
    ],
    [
      49.04,
      13.45,
      64.38,
      72.56,
      39.29,
      100000.0,
      100000.0,
      38.01,
      33.24,
      63.41,
      100000.0,
      23.77,
      54.12,
      10.82,
      66.71,
      100000.0,
      73.57,
      91.59,
      66.27,
      21.02,
      61.77,
      15.03,
      100000.0,
      56.8,
      36.14,
      25.71,
      54.08,
      100000.0,
      68.88,
      100000.0,
      100000.0,
      58.08,
      100000.0,
      66.85,
      100000.0,
      100000.0,
      72.01,
      76.48,
      106.33,
      100.85,
      89.44,
      91.92,
      42.72,
      46.23,
      8.06,
      17.0,
      86.73,
      82.22,
      81.04,
      81.79,
      38.01,
      33.6,
      49.09,
      43.57,
      49.82,
      54.08
    ],
    [
      25.5,
      21.63,
      58.6,
      53.14,
      16.03,
      100000.0,
      100000.0,
      35.81,
      41.23,
      55.57,
      23.77,
      100000.0,
      42.8,
      13.34,
      63.57,
      100000.0,
      50.22,
      72.8,
      46.49,
      10.05,
      50.45,
      10.63,
      100000.0,
      60.07,
      13.0,
      37.58,
      65.8,
      100000.0,
      65.79,
      100000.0,
      100000.0,
      36.5,
      100000.0,
      43.93,
      100000.0,
      100000.0,
      48.3,
      52.84,
      94.11,
      88.46,
      70.58,
      72.42,
      34.93,
      40.5,
      18.11,
      15.23,
      62.97,
      58.52,
      57.49,
      58.55,
      22.0,
      18.11,
      40.71,
      35.34,
      48.84,
      54.59
    ],
    [
      39.01,
      41.23,
      19.03,
      28.84,
      36.4,
      100000.0,
      100000.0,
      78.6,
      36.5,
      14.14,
      54.12,
      42.8,
      100000.0,
      49.82,
      26.48,
      100000.0,
      64.76,
      42.76,
      26.17,
      36.12,
      7.81,
      42.01,
      100000.0,
      34.71,
      36.4,
      42.0,
      53.54,
      100000.0,
      28.28,
      100000.0,
      100000.0,
      29.73,
      100000.0,
      63.39,
      100000.0,
      100000.0,
      58.52,
      63.25,
      52.43,
      46.87,
      41.0,
      44.64,
      12.17,
      12.65,
      54.41,
      56.57,
      65.0,
      59.17,
      55.76,
      52.8,
      61.74,
      59.06,
      7.28,
      11.18,
      22.02,
      26.91
    ],
    [
      38.83,
      15.03,
      62.8,
      64.76,
      29.27,
      100000.0,
      100000.0,
      32.98,
      37.12,
      60.88,
      10.82,
      13.34,
      49.82,
      100000.0,
      66.37,
      100000.0,
      62.77,
      84.2,
      58.25,
      13.89,
      57.63,
      7.81,
      100000.0,
      59.2,
      26.17,
      31.14,
      60.3,
      100000.0,
      68.6,
      100000.0,
      100000.0,
      49.09,
      100000.0,
      56.04,
      100000.0,
      100000.0,
      61.33,
      65.74,
      102.2,
      96.61,
      82.01,
      84.17,
      39.62,
      44.2,
      5.1,
      9.06,
      76.22,
      71.84,
      70.83,
      71.85,
      28.18,
      23.71,
      45.97,
      40.31,
      50.09,
      55.15
    ],
    [
      65.12,
      53.41,
      8.06,
      51.04,
      61.2,
      100000.0,
      100000.0,
      98.41,
      36.89,
      13.89,
      66.71,
      63.57,
      26.48,
      66.37,
      100000.0,
      100000.0,
      91.22,
      58.01,
      50.54,
      54.63,
      23.71,
      59.06,
      100000.0,
      18.0,
      60.53,
      45.22,
      40.11,
      100000.0,
      2.24,
      100000.0,
      100000.0,
      56.04,
      100000.0,
      89.81,
      100000.0,
      100000.0,
      84.9,
      89.56,
      48.17,
      44.0,
      57.01,
      61.22,
      28.86,
      23.09,
      69.89,
      74.71,
      90.38,
      84.58,
      80.96,
      77.41,
      84.65,
      81.32,
      24.08,
      28.64,
      16.97,
      14.32
    ],
    [
      100000.0,
      100000.0,
      100000.0,
      100000.0,
      100000.0,
      100000.0,
      100000.0,
      100000.0,
      100000.0,
      100000.0,
      100000.0,
      100000.0,
      100000.0,
      100000.0,
      100000.0,
      100000.0,
      100000.0,
      100000.0,
      100000.0,
      100000.0,
      100000.0,
      100000.0,
      100000.0,
      100000.0,
      100000.0,
      100000.0,
      100000.0,
      100000.0,
      100000.0,
      100000.0,
      100000.0,
      100000.0,
      100000.0,
      100000.0,
      100000.0,
      100000.0,
      100000.0,
      100000.0,
      100000.0,
      100000.0,
      100000.0,
      100000.0,
      100000.0,
      100000.0,
      100000.0,
      100000.0,
      100000.0,
      100000.0,
      100000.0,
      100000.0,
      100000.0,
      100000.0,
      100000.0,
      100000.0,
      100000.0,
      100000.0
    ],
    [
      28.84,
      70.84,
      83.55,
      47.85,
      37.54,
      100000.0,
      100000.0,
      62.0,
      85.8,
      78.09,
      73.57,
      50.22,
      64.76,
      62.77,
      91.22,
      100000.0,
      100000.0,
      61.27,
      44.1,
      57.31,
      68.59,
      60.61,
      100000.0,
      96.77,
      40.31,
      84.96,
      109.84,
      100000.0,
      92.96,
      100000.0,
      100000.0,
      35.36,
      100000.0,
      8.0,
      100000.0,
      100000.0,
      7.28,
      5.83,
      97.12,
      92.18,
      59.51,
      58.18,
      66.71,
      72.24,
      66.65,
      59.62,
      19.31,
      19.21,
      21.93,
      27.02,
      41.59,
      44.38,
      68.62,
      66.31,
      83.38,
      89.32
    ],
    [
      53.01,
      80.4,
      50.77,
      19.7,
      58.59,
      100000.0,
      100000.0,
      104.62,
      79.25,
      45.65,
      91.59,
      72.8,
      42.76,
      84.2,
      58.01,
      100000.0,
      61.27,
      100000.0,
      26.4,
      70.83,
      38.28,
      77.13,
      100000.0,
      73.36,
      60.84,
      84.38,
      94.54,
      100000.0,
      58.41,
      100000.0,
      100000.0,
      37.74,
      100000.0,
      65.19,
      100000.0,
      100000.0,
      54.12,
      56.46,
      38.01,
      34.13,
      2.24,
      4.12,
      54.33,
      55.32,
      89.29,
      88.02,
      48.84,
      44.64,
      40.8,
      35.44,
      83.23,
      82.68,
      50.01,
      53.34,
      62.97,
      66.21
    ],
    [
      27.59,
      56.08,
      42.49,
      6.71,
      32.25,
      100000.0,
      100000.0,
      78.49,
      59.51,
      36.67,
      66.27,
      46.49,
      26.17,
      58.25,
      50.54,
      100000.0,
      44.1,
      26.4,
      100000.0,
      45.28,
      26.83,
      51.48,
      100000.0,
      60.88,
      34.44,
      62.94,
      79.2,
      100000.0,
      51.89,
      100000.0,
      100000.0,
      12.04,
      100000.0,
      45.35,
      100000.0,
      100000.0,
      37.01,
      41.05,
      55.01,
      49.66,
      24.17,
      25.96,
      34.48,
      37.8,
      63.35,
      61.68,
      39.92,
      34.18,
      30.46,
      26.93,
      57.49,
      56.61,
      32.65,
      33.62,
      48.1,
      53.08
    ],
    [
      30.02,
      13.6,
      50.25,
      51.62,
      20.25,
      100000.0,
      100000.0,
      43.83,
      31.32,
      47.8,
      21.02,
      10.05,
      36.12,
      13.89,
      54.63,
      100000.0,
      57.31,
      70.83,
      45.28,
      100000.0,
      43.93,
      6.32,
      100000.0,
      50.16,
      17.2,
      28.3,
      55.97,
      100000.0,
      56.86,
      100000.0,
      100000.0,
      37.22,
      100000.0,
      51.74,
      100000.0,
      100000.0,
      54.41,
      59.2,
      88.41,
      82.8,
      68.66,
      71.02,
      26.63,
      31.76,
      18.79,
      20.62,
      68.0,
      63.07,
      61.47,
      61.68,
      32.02,
      28.02,
      32.8,
      27.2,
      39.29,
      44.91
    ],
    [
      44.55,
      48.75,
      15.65,
      27.66,
      43.08,
      100000.0,
      100000.0,
      86.21,
      42.01,
      9.85,
      61.77,
      50.45,
      7.81,
      57.63,
      23.71,
      100000.0,
      68.59,
      38.28,
      26.83,
      43.93,
      100000.0,
      49.82,
      100000.0,
      35.81,
      43.38,
      48.26,
      56.36,
      100000.0,
      25.08,
      100000.0,
      100000.0,
      33.24,
      100000.0,
      68.01,
      100000.0,
      100000.0,
      61.98,
      66.49,
      44.65,
      39.12,
      36.77,
      40.72,
      19.31,
      18.03,
      62.2,
      64.35,
      66.71,
      60.93,
      57.27,
      53.71,
      68.88,
      66.37,
      13.34,
      18.38,
      24.7,
      28.3
    ],
    [
      34.54,
      11.18,
      55.22,
      57.87,
      24.7,
      100000.0,
      100000.0,
      39.56,
      32.14,
      53.15,
      15.03,
      10.63,
      42.01,
      7.81,
      59.06,
      100000.0,
      60.61,
      77.13,
      51.48,
      6.32,
      49.82,
      100000.0,
      100000.0,
      52.95,
      21.54,
      27.51,
      56.29,
      100000.0,
      61.29,
      100000.0,
      100000.0,
      43.05,
      100000.0,
      54.49,
      100000.0,
      100000.0,
      58.31,
      62.97,
      94.4,
      88.81,
      74.95,
      77.28,
      31.89,
      36.62,
      12.53,
      15.65,
      72.5,
      67.78,
      66.41,
      66.94,
      30.81,
      26.48,
      38.21,
      32.56,
      43.08,
      48.38
    ],
    [
      100000.0,
      100000.0,
      100000.0,
      100000.0,
      100000.0,
      100000.0,
      100000.0,
      100000.0,
      100000.0,
      100000.0,
      100000.0,
      100000.0,
      100000.0,
      100000.0,
      100000.0,
      100000.0,
      100000.0,
      100000.0,
      100000.0,
      100000.0,
      100000.0,
      100000.0,
      100000.0,
      100000.0,
      100000.0,
      100000.0,
      100000.0,
      100000.0,
      100000.0,
      100000.0,
      100000.0,
      100000.0,
      100000.0,
      100000.0,
      100000.0,
      100000.0,
      100000.0,
      100000.0,
      100000.0,
      100000.0,
      100000.0,
      100000.0,
      100000.0,
      100000.0,
      100000.0,
      100000.0,
      100000.0,
      100000.0,
      100000.0,
      100000.0,
      100000.0,
      100000.0,
      100000.0,
      100000.0,
      100000.0,
      100000.0
    ],
    [
      68.62,
      44.6,
      23.09,
      63.03,
      62.37,
      100000.0,
      100000.0,
      92.18,
      23.85,
      27.73,
      56.8,
      60.07,
      34.71,
      59.2,
      18.0,
      100000.0,
      96.77,
      73.36,
      60.88,
      50.16,
      35.81,
      52.95,
      100000.0,
      100000.0,
      60.83,
      32.2,
      22.2,
      100000.0,
      19.1,
      100000.0,
      100000.0,
      63.29,
      100000.0,
      93.92,
      100000.0,
      100000.0,
      91.24,
      96.15,
      66.12,
      62.0,
      72.07,
      76.16,
      30.08,
      24.6,
      61.68,
      68.15,
      99.3,
      93.48,
      90.21,
      87.46,
      82.05,
      78.16,
      28.84,
      30.46,
      13.42,
      7.81
    ],
    [
      13.0,
      30.81,
      54.34,
      41.15,
      3.16,
      100000.0,
      100000.0,
      44.69,
      46.14,
      50.29,
      36.14,
      13.0,
      36.4,
      26.17,
      60.53,
      100000.0,
      40.31,
      60.84,
      34.44,
      17.2,
      43.38,
      21.54,
      100000.0,
      60.83,
      100000.0,
      44.69,
      70.66,
      100000.0,
      62.65,
      100000.0,
      100000.0,
      23.77,
      100000.0,
      35.23,
      100000.0,
      100000.0,
      37.2,
      42.01,
      85.04,
      79.4,
      58.6,
      60.17,
      32.02,
      38.01,
      31.06,
      27.66,
      50.99,
      46.24,
      44.92,
      45.71,
      25.55,
      23.43,
      36.5,
      32.06,
      48.17,
      54.23
    ],
    [
      56.59,
      16.49,
      45.19,
      67.91,
      47.42,
      100000.0,
      100000.0,
      63.2,
      8.49,
      46.17,
      25.71,
      37.58,
      42.0,
      31.14,
      45.22,
      100000.0,
      84.96,
      84.38,
      62.94,
      28.3,
      48.26,
      27.51,
      100000.0,
      32.2,
      44.69,
      100000.0,
      29.15,
      100000.0,
      47.2,
      100000.0,
      100000.0,
      59.06,
      100000.0,
      79.81,
      100000.0,
      100000.0,
      81.34,
      86.28,
      90.14,
      85.07,
      82.49,
      85.84,
      30.07,
      30.27,
      32.06,
      40.05,
      93.6,
      88.23,
      85.98,
      85.09,
      58.24,
      53.85,
      35.06,
      31.06,
      28.65,
      31.24
    ],
    [
      80.99,
      45.54,
      45.12,
      82.38,
      72.95,
      100000.0,
      100000.0,
      92.02,
      24.7,
      49.34,
      54.08,
      65.8,
      53.54,
      60.3,
      40.11,
      100000.0,
      109.84,
      94.54,
      79.2,
      55.97,
      56.36,
      56.29,
      100000.0,
      22.2,
      70.66,
      29.15,
      100000.0,
      100000.0,
      41.01,
      100000.0,
      100000.0,
      79.21,
      100000.0,
      105.68,
      100000.0,
      100000.0,
      105.21,
      110.21,
      88.01,
      84.05,
      93.11,
      97.08,
      45.28,
      41.4,
      61.01,
      69.18,
      115.36,
      109.66,
      106.78,
      104.74,
      87.1,
      82.76,
      46.62,
      46.01,
      31.76,
      28.46
    ],
    [
      100000.0,
      100000.0,
      100000.0,
      100000.0,
      100000.0,
      100000.0,
      100000.0,
      100000.0,
      100000.0,
      100000.0,
      100000.0,
      100000.0,
      100000.0,
      100000.0,
      100000.0,
      100000.0,
      100000.0,
      100000.0,
      100000.0,
      100000.0,
      100000.0,
      100000.0,
      100000.0,
      100000.0,
      100000.0,
      100000.0,
      100000.0,
      100000.0,
      100000.0,
      100000.0,
      100000.0,
      100000.0,
      100000.0,
      100000.0,
      100000.0,
      100000.0,
      100000.0,
      100000.0,
      100000.0,
      100000.0,
      100000.0,
      100000.0,
      100000.0,
      100000.0,
      100000.0,
      100000.0,
      100000.0,
      100000.0,
      100000.0,
      100000.0,
      100000.0,
      100000.0,
      100000.0,
      100000.0,
      100000.0,
      100000.0
    ],
    [
      67.07,
      55.61,
      9.49,
      52.15,
      63.29,
      100000.0,
      100000.0,
      100.65,
      38.83,
      15.23,
      68.88,
      65.79,
      28.28,
      68.6,
      2.24,
      100000.0,
      92.96,
      58.41,
      51.89,
      56.86,
      25.08,
      61.29,
      100000.0,
      19.1,
      62.65,
      47.2,
      41.01,
      100000.0,
      100000.0,
      100000.0,
      100000.0,
      57.72,
      100000.0,
      91.66,
      100000.0,
      100000.0,
      86.59,
      91.21,
      47.04,
      43.05,
      57.49,
      61.72,
      31.05,
      25.3,
      72.11,
      76.94,
      91.79,
      86.01,
      82.35,
      78.71,
      86.83,
      83.52,
      26.17,
      30.81,
      19.1,
      16.12
    ],
    [
      100000.0,
      100000.0,
      100000.0,
      100000.0,
      100000.0,
      100000.0,
      100000.0,
      100000.0,
      100000.0,
      100000.0,
      100000.0,
      100000.0,
      100000.0,
      100000.0,
      100000.0,
      100000.0,
      100000.0,
      100000.0,
      100000.0,
      100000.0,
      100000.0,
      100000.0,
      100000.0,
      100000.0,
      100000.0,
      100000.0,
      100000.0,
      100000.0,
      100000.0,
      100000.0,
      100000.0,
      100000.0,
      100000.0,
      100000.0,
      100000.0,
      100000.0,
      100000.0,
      100000.0,
      100000.0,
      100000.0,
      100000.0,
      100000.0,
      100000.0,
      100000.0,
      100000.0,
      100000.0,
      100000.0,
      100000.0,
      100000.0,
      100000.0,
      100000.0,
      100000.0,
      100000.0,
      100000.0,
      100000.0,
      100000.0
    ],
    [
      100000.0,
      100000.0,
      100000.0,
      100000.0,
      100000.0,
      100000.0,
      100000.0,
      100000.0,
      100000.0,
      100000.0,
      100000.0,
      100000.0,
      100000.0,
      100000.0,
      100000.0,
      100000.0,
      100000.0,
      100000.0,
      100000.0,
      100000.0,
      100000.0,
      100000.0,
      100000.0,
      100000.0,
      100000.0,
      100000.0,
      100000.0,
      100000.0,
      100000.0,
      100000.0,
      100000.0,
      100000.0,
      100000.0,
      100000.0,
      100000.0,
      100000.0,
      100000.0,
      100000.0,
      100000.0,
      100000.0,
      100000.0,
      100000.0,
      100000.0,
      100000.0,
      100000.0,
      100000.0,
      100000.0,
      100000.0,
      100000.0,
      100000.0,
      100000.0,
      100000.0,
      100000.0,
      100000.0,
      100000.0,
      100000.0
    ],
    [
      15.56,
      49.48,
      48.27,
      18.44,
      21.19,
      100000.0,
      100000.0,
      66.89,
      57.2,
      42.76,
      58.08,
      36.5,
      29.73,
      49.09,
      56.04,
      100000.0,
      35.36,
      37.74,
      12.04,
      37.22,
      33.24,
      43.05,
      100000.0,
      63.29,
      23.77,
      59.06,
      79.21,
      100000.0,
      57.72,
      100000.0,
      100000.0,
      100000.0,
      100000.0,
      35.13,
      100000.0,
      100000.0,
      28.86,
      33.53,
      66.73,
      61.29,
      35.51,
      36.67,
      34.06,
      38.83,
      54.15,
      51.42,
      36.24,
      30.48,
      27.59,
      26.08,
      45.61,
      44.94,
      34.48,
      33.42,
      49.93,
      55.57
    ],
    [
      100000.0,
      100000.0,
      100000.0,
      100000.0,
      100000.0,
      100000.0,
      100000.0,
      100000.0,
      100000.0,
      100000.0,
      100000.0,
      100000.0,
      100000.0,
      100000.0,
      100000.0,
      100000.0,
      100000.0,
      100000.0,
      100000.0,
      100000.0,
      100000.0,
      100000.0,
      100000.0,
      100000.0,
      100000.0,
      100000.0,
      100000.0,
      100000.0,
      100000.0,
      100000.0,
      100000.0,
      100000.0,
      100000.0,
      100000.0,
      100000.0,
      100000.0,
      100000.0,
      100000.0,
      100000.0,
      100000.0,
      100000.0,
      100000.0,
      100000.0,
      100000.0,
      100000.0,
      100000.0,
      100000.0,
      100000.0,
      100000.0,
      100000.0,
      100000.0,
      100000.0,
      100000.0,
      100000.0,
      100000.0,
      100000.0
    ],
    [
      25.3,
      65.07,
      82.39,
      49.98,
      32.76,
      100000.0,
      100000.0,
      54.0,
      81.3,
      77.16,
      66.85,
      43.93,
      63.39,
      56.04,
      89.81,
      100000.0,
      8.0,
      65.19,
      45.35,
      51.74,
      68.01,
      54.49,
      100000.0,
      93.92,
      35.23,
      79.81,
      105.68,
      100000.0,
      91.66,
      100000.0,
      100000.0,
      35.13,
      100000.0,
      100000.0,
      100000.0,
      100000.0,
      12.21,
      13.34,
      99.72,
      94.58,
      63.29,
      62.43,
      63.89,
      69.64,
      59.68,
      52.33,
      26.93,
      25.94,
      28.02,
      32.65,
      33.73,
      36.69,
      66.49,
      63.6,
      80.65,
      86.68
    ],
    [
      100000.0,
      100000.0,
      100000.0,
      100000.0,
      100000.0,
      100000.0,
      100000.0,
      100000.0,
      100000.0,
      100000.0,
      100000.0,
      100000.0,
      100000.0,
      100000.0,
      100000.0,
      100000.0,
      100000.0,
      100000.0,
      100000.0,
      100000.0,
      100000.0,
      100000.0,
      100000.0,
      100000.0,
      100000.0,
      100000.0,
      100000.0,
      100000.0,
      100000.0,
      100000.0,
      100000.0,
      100000.0,
      100000.0,
      100000.0,
      100000.0,
      100000.0,
      100000.0,
      100000.0,
      100000.0,
      100000.0,
      100000.0,
      100000.0,
      100000.0,
      100000.0,
      100000.0,
      100000.0,
      100000.0,
      100000.0,
      100000.0,
      100000.0,
      100000.0,
      100000.0,
      100000.0,
      100000.0,
      100000.0,
      100000.0
    ],
    [
      100000.0,
      100000.0,
      100000.0,
      100000.0,
      100000.0,
      100000.0,
      100000.0,
      100000.0,
      100000.0,
      100000.0,
      100000.0,
      100000.0,
      100000.0,
      100000.0,
      100000.0,
      100000.0,
      100000.0,
      100000.0,
      100000.0,
      100000.0,
      100000.0,
      100000.0,
      100000.0,
      100000.0,
      100000.0,
      100000.0,
      100000.0,
      100000.0,
      100000.0,
      100000.0,
      100000.0,
      100000.0,
      100000.0,
      100000.0,
      100000.0,
      100000.0,
      100000.0,
      100000.0,
      100000.0,
      100000.0,
      100000.0,
      100000.0,
      100000.0,
      100000.0,
      100000.0,
      100000.0,
      100000.0,
      100000.0,
      100000.0,
      100000.0,
      100000.0,
      100000.0,
      100000.0,
      100000.0,
      100000.0,
      100000.0
    ],
    [
      24.76,
      68.01,
      77.13,
      40.61,
      34.21,
      100000.0,
      100000.0,
      64.38,
      81.57,
      71.59,
      72.01,
      48.3,
      58.52,
      61.33,
      84.9,
      100000.0,
      7.28,
      54.12,
      37.01,
      54.41,
      61.98,
      58.31,
      100000.0,
      91.24,
      37.2,
      81.34,
      105.21,
      100000.0,
      86.59,
      100000.0,
      100000.0,
      28.86,
      100000.0,
      12.21,
      100000.0,
      100000.0,
      100000.0,
      5.0,
      89.84,
      84.9,
      52.33,
      51.11,
      61.29,
      66.64,
      65.55,
      59.2,
      16.0,
      13.93,
      15.81,
      20.52,
      43.0,
      45.18,
      62.77,
      60.83,
      77.82,
      83.67
    ],
    [
      29.7,
      72.8,
      81.74,
      44.18,
      39.05,
      100000.0,
      100000.0,
      67.07,
      86.56,
      76.16,
      76.48,
      52.84,
      63.25,
      65.74,
      89.56,
      100000.0,
      5.83,
      56.46,
      41.05,
      59.2,
      66.49,
      62.97,
      100000.0,
      96.15,
      42.01,
      86.28,
      110.21,
      100000.0,
      91.21,
      100000.0,
      100000.0,
      33.53,
      100000.0,
      13.34,
      100000.0,
      100000.0,
      5.0,
      100000.0,
      92.89,
      88.07,
      54.78,
      53.23,
      66.24,
      71.55,
      69.86,
      63.25,
      13.6,
      13.45,
      16.4,
      21.63,
      46.17,
      48.66,
      67.62,
      65.76,
      82.73,
      88.57
    ],
    [
      81.84,
      93.15,
      45.35,
      49.77,
      83.87,
      100000.0,
      100000.0,
      129.42,
      82.57,
      44.01,
      106.33,
      94.11,
      52.43,
      102.2,
      48.17,
      100000.0,
      97.12,
      38.01,
      55.01,
      88.41,
      44.65,
      94.4,
      100000.0,
      66.12,
      85.04,
      90.14,
      88.01,
      100000.0,
      47.04,
      100000.0,
      100000.0,
      66.73,
      100000.0,
      99.72,
      100000.0,
      100000.0,
      89.84,
      92.89,
      100000.0,
      5.66,
      39.12,
      42.0,
      63.63,
      60.84,
      106.83,
      108.58,
      86.58,
      82.04,
      78.09,
      72.84,
      110.26,
      108.47,
      57.31,
      62.77,
      62.1,
      61.81
    ],
    [
      76.32,
      87.71,
      40.61,
      44.6,
      78.24,
      100000.0,
      100000.0,
      123.76,
      77.62,
      38.9,
      100.85,
      88.46,
      46.87,
      96.61,
      44.0,
      100000.0,
      92.18,
      34.13,
      49.66,
      82.8,
      39.12,
      88.81,
      100000.0,
      62.0,
      79.4,
      85.07,
      84.05,
      100000.0,
      43.05,
      100000.0,
      100000.0,
      61.29,
      100000.0,
      94.58,
      100000.0,
      100000.0,
      84.9,
      88.07,
      5.66,
      100000.0,
      35.01,
      38.21,
      58.18,
      55.54,
      101.26,
      102.94,
      82.22,
      77.52,
      73.55,
      68.36,
      104.64,
      102.83,
      51.88,
      57.31,
      57.27,
      57.31
    ],
    [
      50.8,
      78.31,
      49.65,
      17.46,
      56.36,
      100000.0,
      100000.0,
      102.4,
      77.47,
      44.42,
      89.44,
      70.58,
      41.0,
      82.01,
      57.01,
      100000.0,
      59.51,
      2.24,
      24.17,
      68.66,
      36.77,
      74.95,
      100000.0,
      72.07,
      58.6,
      82.49,
      93.11,
      100000.0,
      57.49,
      100000.0,
      100000.0,
      35.51,
      100000.0,
      63.29,
      100000.0,
      100000.0,
      52.33,
      54.78,
      39.12,
      35.01,
      100000.0,
      4.24,
      52.47,
      53.6,
      87.09,
      85.8,
      47.52,
      43.17,
      39.29,
      33.96,
      81.02,
      80.45,
      48.27,
      51.48,
      61.47,
      64.85
    ],
    [
      51.62,
      81.1,
      53.82,
      19.42,
      57.78,
      100000.0,
      100000.0,
      103.45,
      81.02,
      48.55,
      91.92,
      72.42,
      44.64,
      84.17,
      61.22,
      100000.0,
      58.18,
      4.12,
      25.96,
      71.02,
      40.72,
      77.28,
      100000.0,
      76.16,
      60.17,
      85.84,
      97.08,
      100000.0,
      61.72,
      100000.0,
      100000.0,
      36.67,
      100000.0,
      62.43,
      100000.0,
      100000.0,
      51.11,
      53.23,
      42.0,
      38.21,
      4.24,
      100000.0,
      55.9,
      57.28,
      89.27,
      87.6,
      45.12,
      41.11,
      37.34,
      31.95,
      81.84,
      81.49,
      51.92,
      54.92,
      65.39,
      68.88
    ],
    [
      38.6,
      29.53,
      23.71,
      38.63,
      33.06,
      100000.0,
      100000.0,
      70.33,
      25.3,
      21.26,
      42.72,
      34.93,
      12.17,
      39.62,
      28.86,
      100000.0,
      66.71,
      54.33,
      34.48,
      26.63,
      19.31,
      31.89,
      100000.0,
      30.08,
      32.02,
      30.07,
      45.28,
      100000.0,
      31.05,
      100000.0,
      100000.0,
      34.06,
      100000.0,
      63.89,
      100000.0,
      100000.0,
      61.29,
      66.24,
      63.63,
      58.18,
      52.47,
      55.9,
      100000.0,
      6.0,
      43.86,
      47.2,
      70.29,
      64.54,
      61.55,
      59.46,
      55.79,
      52.5,
      6.4,
      1.0,
      16.76,
      22.8
    ],
    [
      44.38,
      32.8,
      18.6,
      41.18,
      39.05,
      100000.0,
      100000.0,
      75.59,
      24.08,
      17.2,
      46.23,
      40.5,
      12.65,
      44.2,
      23.09,
      100000.0,
      72.24,
      55.32,
      37.8,
      31.76,
      18.03,
      36.62,
      100000.0,
      24.6,
      38.01,
      30.27,
      41.4,
      100000.0,
      25.3,
      100000.0,
      100000.0,
      38.83,
      100000.0,
      69.64,
      100000.0,
      100000.0,
      66.64,
      71.55,
      60.84,
      55.54,
      53.6,
      57.28,
      6.0,
      100000.0,
      48.17,
      52.15,
      75.0,
      69.2,
      66.07,
      63.66,
      61.61,
      58.24,
      5.39,
      6.08,
      11.18,
      17.09
    ],
    [
      43.57,
      17.09,
      66.71,
      69.86,
      34.13,
      100000.0,
      100000.0,
      31.14,
      38.83,
      65.05,
      8.06,
      18.11,
      54.41,
      5.1,
      69.89,
      100000.0,
      66.65,
      89.29,
      63.35,
      18.79,
      62.2,
      12.53,
      100000.0,
      61.68,
      31.06,
      32.06,
      61.01,
      100000.0,
      72.11,
      100000.0,
      100000.0,
      54.15,
      100000.0,
      59.68,
      100000.0,
      100000.0,
      65.55,
      69.86,
      106.83,
      101.26,
      87.09,
      89.27,
      43.86,
      48.17,
      100000.0,
      8.94,
      80.65,
      76.4,
      75.5,
      76.66,
      30.0,
      25.61,
      50.25,
      44.6,
      53.34,
      58.14
    ],
    [
      39.01,
      24.08,
      70.72,
      68.35,
      30.41,
      100000.0,
      100000.0,
