{
  "name": "RM-d4-n9-k1-p2",
  "V_coordinates": [
    [
      73,
      50
    ],
    [
      50,
      87
    ],
    [
      15,
      50
    ],
    [
      50,
      25
    ],
    [
      69,
      59
    ],
    [
      17,
      67
    ],
    [
      9,
      66
    ],
    [
      33,
      63
    ],
    [
      97,
      96
    ],
    [
      28,
      85
    ],
    [
      20,
      47
    ],
    [
      59,
      97
    ],
    [
      68,
      69
    ],
    [
      68,
      75
    ],
    [
      34,
      49
    ],
    [
      65,
      88
    ],
    [
      8,
      54
    ],
    [
      55,
      80
    ],
    [
      80,
      18
    ],
    [
      97,
      34
    ],
    [
      42,
      7
    ],
    [
      53,
      31
    ],
    [
      58,
      76
    ],
    [
      29,
      43
    ],
    [
      60,
      82
    ],
    [
      92,
      32
    ],
    [
      8,
      72
    ],
    [
      68,
      62
    ],
    [
      34,
      91
    ],
    [
      5,
      94
    ],
    [
      88,
      74
    ],
    [
      6,
      53
    ],
    [
      45,
      8
    ],
    [
      87,
      17
    ],
    [
      62,
      39
    ],
    [
      33,
      61
    ],
    [
      97,
      42
    ],
    [
      69,
      90
    ],
    [
      41,
      80
    ],
    [
      7,
      8
    ],
    [
      95,
      34
    ],
    [
      99,
      31
    ],
    [
      2,
      92
    ],
    [
      6,
      96
    ],
    [
      86,
      75
    ],
    [
      89,
      72
    ],
    [
      68,
      86
    ],
    [
      62,
      86
    ],
    [
      4,
      11
    ],
    [
      12,
      7
    ],
    [
      31,
      84
    ],
    [
      26,
      87
    ],
    [
      46,
      9
    ],
    [
      41,
      7
    ],
    [
      98,
      44
    ],
    [
      96,
      40
    ],
    [
      33,
      46
    ],
    [
      36,
      50
    ],
    [
      68,
      85
    ],
    [
      72,
      89
    ],
    [
      36,
      60
    ],
    [
      30,
      61
    ],
    [
      19,
      63
    ],
    [
      14,
      64
    ]
  ],
  "V": [
    0,
    1,
    2,
    3,
    4,
    5,
    6,
    7,
    8,
    9,
    10,
    11,
    12,
    13,
    14,
    15,
    16,
    17,
    18,
    19,
    20,
    21,
    22,
    23,
    24,
    25,
    26,
    27,
    28,
    29,
    30,
    31,
    32,
    33,
    34,
    35,
    36,
    37,
    38,
    39,
    40,
    41,
    42,
    43,
    44,
    45,
    46,
    47,
    48,
    49,
    50,
    51,
    52,
    53,
    54,
    55,
    56,
    57,
    58,
    59,
    60,
    61,
    62,
    63
  ],
  "VD": [
    0,
    1,
    2,
    3
  ],
  "VC": [
    4,
    5,
    6,
    7,
    8,
    9,
    10,
    11,
    12,
    13,
    14,
    15,
    16,
    17,
    18,
    19,
    20,
    21,
    22,
    23,
    24,
    25,
    26,
    27,
    28,
    29,
    30,
    31,
    32,
    33,
    34,
    35,
    36,
    37,
    38,
    39
  ],
  "VP": [
    40,
    41,
    42,
    43,
    44,
    45,
    46,
    47,
    48,
    49,
    50,
    51,
    52,
    53,
    54,
    55,
    56,
    57,
    58,
    59,
    60,
    61,
    62,
    63
  ],
  "VC1": [
    4,
    6,
    7,
    8,
    10,
    11,
    12,
    13,
    16,
    17,
    18,
    20,
    21,
    22,
    23,
    24,
    25,
    26,
    27,
    28,
    31,
    33,
    34,
    38
  ],
  "VC2": [
    19,
    29,
    30,
    15,
    39,
    9,
    32,
    36,
    14,
    37,
    35,
    5
  ],
  "demand": [
    0,
    0,
    0,
    0,
    24,
    17,
    26,
    30,
    10,
    22,
    28,
    20,
    30,
    23,
    11,
    19,
    14,
    16,
    11,
    19,
    12,
    12,
    19,
    19,
    15,
    23,
    28,
    18,
    14,
    10,
    27,
    11,
    28,
    16,
    28,
    24,
    15,
    29,
    26,
    11,
    0,
    0,
    0,
    0,
    0,
    0,
    0,
    0,
    0,
    0,
    0,
    0,
    0,
    0,
    0,
    0,
    0,
    0,
    0,
    0,
    0,
    0,
    0,
    0
  ],
  "service_time": [
    0,
    0,
    0,
    0,
    16,
    13,
    15,
    11,
    13,
    19,
    20,
    16,
    19,
    13,
    17,
    11,
    20,
    16,
    14,
    18,
    17,
    10,
    15,
    19,
    16,
    14,
    10,
    12,
    13,
    15,
    19,
    12,
    15,
    16,
    13,
    14,
    20,
    11,
    16,
    18,
    0,
    0,
    0,
    0,
    0,
    0,
    0,
    0,
    0,
    0,
    0,
    0,
    0,
    0,
    0,
    0,
    0,
    0,
    0,
    0,
    0,
    0,
    0,
    0
  ],
  "K": [
    0,
    1,
    2,
    3
  ],
  "veh_dist_matrix": [
    [
      100000.0,
      43.57,
      58.0,
      33.97,
      9.85,
      100000.0,
      65.97,
      42.06,
      51.88,
      100000.0,
      53.08,
      49.04,
      19.65,
      25.5,
      100000.0,
      100000.0,
      65.12,
      34.99,
      32.76,
      100000.0,
      53.01,
      27.59,
      30.02,
      44.55,
      34.54,
      26.17,
      68.62,
      13.0,
      56.59,
      100000.0,
      100000.0,
      67.07,
      100000.0,
      35.85,
      15.56,
      100000.0,
      100000.0,
      100000.0,
      43.86,
      100000.0,
      27.2,
      32.2,
      82.49,
      81.27,
      28.18,
      27.2,
      36.35,
      37.64,
      79.26,
      74.63,
      54.04,
      59.82,
      49.09,
      53.6,
      25.71,
      25.08,
      40.2,
      37.0,
      35.36,
      39.01,
      38.33,
      44.38,
      55.54,
      60.64
    ],
    [
      43.57,
      100000.0,
      50.93,
      62.0,
      33.84,
      100000.0,
      46.07,
      29.41,
      47.85,
      100000.0,
      50.0,
      13.45,
      25.46,
      21.63,
      100000.0,
      100000.0,
      53.41,
      8.6,
      75.24,
      100000.0,
      80.4,
      56.08,
      13.6,
      48.75,
      11.18,
      69.2,
      44.6,
      30.81,
      16.49,
      100000.0,
      100000.0,
      55.61,
      100000.0,
      79.18,
      49.48,
      100000.0,
      100000.0,
      100000.0,
      11.4,
      100000.0,
      69.53,
      74.41,
      48.26,
      44.91,
      37.95,
      41.79,
      18.03,
      12.04,
      88.84,
      88.57,
      19.24,
      24.0,
      78.1,
      80.5,
      64.44,
      65.76,
      44.38,
      39.56,
      18.11,
      22.09,
      30.41,
      32.8,
      39.2,
      42.72
    ],
    [
      58.0,
      50.93,
      100000.0,
      43.01,
      54.74,
      100000.0,
      17.09,
      22.2,
      94.02,
      100000.0,
      5.83,
      64.38,
      56.3,
      58.6,
      100000.0,
      100000.0,
      8.06,
      50.0,
      72.45,
      100000.0,
      50.77,
      42.49,
      50.25,
      15.65,
      55.22,
      79.08,
      23.09,
      54.34,
      45.19,
      100000.0,
      100000.0,
      9.49,
      100000.0,
      79.2,
      48.27,
      100000.0,
      100000.0,
      100000.0,
      39.7,
      100000.0,
      81.58,
      86.12,
      43.97,
      46.87,
      75.27,
      77.2,
      64.07,
      59.2,
      40.52,
      43.1,
      37.58,
      38.6,
      51.4,
      50.25,
      83.22,
      81.61,
      18.44,
      21.0,
      63.51,
      69.07,
      23.26,
      18.6,
      13.6,
      14.04
    ],
    [
      33.97,
      62.0,
      43.01,
      100000.0,
      38.95,
      100000.0,
      57.98,
      41.63,
      85.15,
      100000.0,
      37.2,
      72.56,
      47.54,
      53.14,
      100000.0,
      100000.0,
      51.04,
      55.23,
      30.81,
      100000.0,
      19.7,
      6.71,
      51.62,
      27.66,
      57.87,
      42.58,
      63.03,
      41.15,
      67.91,
      100000.0,
      100000.0,
      52.15,
      100000.0,
      37.85,
      18.44,
      100000.0,
      100000.0,
      100000.0,
      55.73,
      100000.0,
      45.89,
      49.37,
      82.42,
      83.53,
      61.61,
      61.07,
      63.6,
      62.17,
      48.08,
      42.05,
      61.98,
      66.48,
      16.49,
      20.12,
      51.62,
      48.38,
      27.02,
      28.65,
      62.64,
      67.68,
      37.7,
      41.18,
      49.04,
      53.08
    ],
    [
      9.85,
      33.84,
      54.74,
      38.95,
      100000.0,
      100000.0,
      60.41,
      36.22,
      46.4,
      100000.0,
      50.45,
      39.29,
      10.05,
      16.03,
      100000.0,
      100000.0,
      61.2,
      25.24,
      42.45,
      100000.0,
      58.59,
      32.25,
      20.25,
      43.08,
      24.7,
      35.47,
      62.37,
      3.16,
      47.42,
      100000.0,
      100000.0,
      63.29,
      100000.0,
      45.69,
      21.19,
      100000.0,
      100000.0,
      100000.0,
      35.0,
      100000.0,
      36.07,
      41.04,
      74.69,
      73.06,
      23.35,
      23.85,
      27.02,
      27.89,
      80.8,
      77.16,
      45.49,
      51.31,
      55.04,
      59.06,
      32.65,
      33.02,
      38.28,
      34.21,
      26.02,
      30.15,
      33.02,
      39.05,
      50.16,
      55.23
    ],
    [
      100000.0,
      100000.0,
      100000.0,
      100000.0,
      100000.0,
      100000.0,
      100000.0,
      100000.0,
      100000.0,
      100000.0,
      100000.0,
      100000.0,
      100000.0,
      100000.0,
      100000.0,
      100000.0,
      100000.0,
      100000.0,
      100000.0,
      100000.0,
      100000.0,
      100000.0,
      100000.0,
      100000.0,
      100000.0,
      100000.0,
      100000.0,
      100000.0,
      100000.0,
      100000.0,
      100000.0,
      100000.0,
      100000.0,
      100000.0,
      100000.0,
      100000.0,
      100000.0,
      100000.0,
      100000.0,
      100000.0,
      100000.0,
      100000.0,
      100000.0,
      100000.0,
      100000.0,
      100000.0,
      100000.0,
      100000.0,
      100000.0,
      100000.0,
      100000.0,
      100000.0,
      100000.0,
      100000.0,
      100000.0,
      100000.0,
      100000.0,
      100000.0,
      100000.0,
      100000.0,
      100000.0,
      100000.0,
      100000.0,
      100000.0
    ],
    [
      65.97,
      46.07,
      17.09,
      57.98,
      60.41,
      100000.0,
      100000.0,
      24.19,
      92.97,
      100000.0,
      21.95,
      58.83,
      59.08,
      59.68,
      100000.0,
      100000.0,
      12.04,
      48.08,
      85.7,
      100000.0,
      67.6,
      56.22,
      50.01,
      30.48,
      53.45,
      89.69,
      6.08,
      59.14,
      35.36,
      100000.0,
      100000.0,
      13.34,
      100000.0,
      92.11,
      59.48,
      100000.0,
      100000.0,
      100000.0,
      34.93,
      100000.0,
      91.76,
      96.57,
      26.93,
      30.15,
      77.52,
      80.22,
      62.3,
      56.65,
      55.23,
      59.08,
      28.43,
      27.02,
      67.96,
      67.12,
      91.68,
      90.8,
      31.24,
      31.38,
      61.98,
      67.07,
      27.66,
      21.59,
      10.44,
      5.39
    ],
    [
      42.06,
      29.41,
      22.2,
      41.63,
      36.22,
      100000.0,
      24.19,
      100000.0,
      72.01,
      100000.0,
      20.62,
      42.8,
      35.51,
      37.0,
      100000.0,
      100000.0,
      26.57,
      27.8,
      65.07,
      100000.0,
      56.72,
      37.74,
      28.18,
      20.4,
      33.02,
      66.65,
      26.57,
      35.01,
      28.02,
      100000.0,
      100000.0,
      28.79,
      100000.0,
      70.94,
      37.64,
      100000.0,
      100000.0,
      100000.0,
      18.79,
      100000.0,
      68.45,
      73.35,
      42.45,
      42.64,
      54.34,
      56.72,
      41.88,
      37.01,
      59.54,
      59.81,
      21.1,
      25.0,
      55.54,
      56.57,
      67.72,
      67.07,
      17.0,
      13.34,
      41.34,
      46.87,
      4.24,
      3.61,
      14.0,
      19.03
    ],
    [
      51.88,
      47.85,
      94.02,
      85.15,
      46.4,
      100000.0,
      92.97,
      72.01,
      100000.0,
      100000.0,
      91.27,
      38.01,
      39.62,
      35.81,
      100000.0,
      100000.0,
      98.41,
      44.94,
      79.83,
      100000.0,
      104.62,
      78.49,
      43.83,
      86.21,
      39.56,
      64.2,
      92.18,
      44.69,
      63.2,
      100000.0,
      100000.0,
      100.65,
      100000.0,
      79.63,
      66.89,
      100000.0,
      100000.0,
      100000.0,
      58.24,
      100000.0,
      62.03,
      65.03,
      95.08,
      91.0,
      23.71,
      25.3,
      30.68,
      36.4,
      125.99,
      123.07,
      67.08,
      71.57,
      100.85,
      105.15,
      52.01,
      56.01,
      81.22,
      76.4,
      31.02,
      25.96,
      70.83,
      75.59,
      84.69,
      88.96
    ],
    [
      100000.0,
      100000.0,
      100000.0,
      100000.0,
      100000.0,
      100000.0,
      100000.0,
      100000.0,
      100000.0,
      100000.0,
      100000.0,
      100000.0,
      100000.0,
      100000.0,
      100000.0,
      100000.0,
      100000.0,
      100000.0,
      100000.0,
      100000.0,
      100000.0,
      100000.0,
      100000.0,
      100000.0,
      100000.0,
      100000.0,
      100000.0,
      100000.0,
      100000.0,
      100000.0,
      100000.0,
      100000.0,
      100000.0,
      100000.0,
      100000.0,
      100000.0,
      100000.0,
      100000.0,
      100000.0,
      100000.0,
      100000.0,
      100000.0,
      100000.0,
      100000.0,
      100000.0,
      100000.0,
      100000.0,
      100000.0,
      100000.0,
      100000.0,
      100000.0,
      100000.0,
      100000.0,
      100000.0,
      100000.0,
      100000.0,
      100000.0,
      100000.0,
      100000.0,
      100000.0,
      100000.0,
      100000.0,
      100000.0,
      100000.0
    ],
    [
      53.08,
      50.0,
      5.83,
      37.2,
      50.45,
      100000.0,
      21.95,
      20.62,
      91.27,
      100000.0,
      100000.0,
      63.41,
      52.8,
      55.57,
      100000.0,
      100000.0,
      13.89,
      48.1,
      66.64,
      100000.0,
      45.65,
      36.67,
      47.8,
      9.85,
      53.15,
      73.55,
      27.73,
      50.29,
      46.17,
      100000.0,
      100000.0,
      15.23,
      100000.0,
      73.41,
      42.76,
      100000.0,
      100000.0,
      100000.0,
      39.12,
      100000.0,
      76.12,
      80.6,
      48.47,
      50.96,
      71.69,
      73.39,
      61.85,
      57.31,
      39.4,
      40.79,
      38.6,
      40.45,
      46.04,
      45.18,
      78.06,
      76.32,
      13.04,
      16.28,
      61.22,
      66.84,
      20.62,
      17.2,
      16.03,
      18.03
    ],
    [
      49.04,
      13.45,
      64.38,
      72.56,
      39.29,
      100000.0,
      58.83,
      42.8,
      38.01,
      100000.0,
      63.41,
      100000.0,
      29.41,
      23.77,
      100000.0,
      100000.0,
      66.71,
      17.46,
      81.74,
      100000.0,
      91.59,
      66.27,
      21.02,
      61.77,
      15.03,
      72.9,
      56.8,
      36.14,
      25.71,
      100000.0,
      100000.0,
      68.88,
      100000.0,
      84.76,
      58.08,
      100000.0,
      100000.0,
      100000.0,
      24.76,
      100000.0,
      72.56,
      77.18,
      57.22,
      53.01,
      34.83,
      39.05,
      14.21,
      11.4,
      102.08,
      101.53,
      30.87,
      34.48,
      88.96,
      91.78,
      65.8,
      67.96,
      57.25,
      52.33,
      15.0,
      15.26,
      43.57,
      46.23,
      52.5,
      55.8
    ],
    [
      19.65,
      25.46,
      56.3,
      47.54,
      10.05,
      100000.0,
      59.08,
      35.51,
      39.62,
      100000.0,
      52.8,
      29.41,
      100000.0,
      6.0,
      100000.0,
      100000.0,
      61.85,
      17.03,
      52.39,
      100000.0,
      67.23,
      40.85,
      12.21,
      46.87,
      15.26,
      44.1,
      60.07,
      7.0,
      40.5,
      100000.0,
      100000.0,
      64.03,
      100000.0,
      55.36,
      30.59,
      100000.0,
      100000.0,
      100000.0,
      29.15,
      100000.0,
      44.2,
      49.04,
      69.89,
      67.62,
      18.97,
      21.21,
      17.0,
      18.03,
      86.37,
      83.55,
      39.92,
      45.69,
      63.91,
      67.62,
      39.05,
      40.31,
      41.88,
      37.22,
      16.0,
      20.4,
      33.24,
      38.83,
      49.37,
      54.23
    ],
    [
      25.5,
      21.63,
      58.6,
      53.14,
      16.03,
      100000.0,
      59.68,
      37.0,
      35.81,
      100000.0,
      55.57,
      23.77,
      6.0,
      100000.0,
      100000.0,
      100000.0,
      63.57,
      13.93,
      58.25,
      100000.0,
      72.8,
      46.49,
      10.05,
      50.45,
      10.63,
      49.24,
      60.07,
      13.0,
      37.58,
      100000.0,
      100000.0,
      65.79,
      100000.0,
      61.03,
      36.5,
      100000.0,
      100000.0,
      100000.0,
      27.46,
      100000.0,
      49.09,
      53.82,
      68.15,
      65.46,
      18.0,
      21.21,
      11.0,
      12.53,
      90.51,
      88.09,
      38.08,
      43.68,
      69.57,
      73.16,
      43.14,
      44.82,
      45.45,
      40.61,
      10.0,
      14.56,
      35.34,
      40.5,
      50.45,
      55.11
    ],
    [
      100000.0,
      100000.0,
      100000.0,
      100000.0,
      100000.0,
      100000.0,
      100000.0,
      100000.0,
      100000.0,
      100000.0,
      100000.0,
      100000.0,
      100000.0,
      100000.0,
      100000.0,
      100000.0,
      100000.0,
      100000.0,
      100000.0,
      100000.0,
      100000.0,
      100000.0,
      100000.0,
      100000.0,
      100000.0,
      100000.0,
      100000.0,
      100000.0,
      100000.0,
      100000.0,
      100000.0,
      100000.0,
      100000.0,
      100000.0,
      100000.0,
      100000.0,
      100000.0,
      100000.0,
      100000.0,
      100000.0,
      100000.0,
      100000.0,
      100000.0,
      100000.0,
      100000.0,
      100000.0,
      100000.0,
      100000.0,
      100000.0,
      100000.0,
      100000.0,
      100000.0,
      100000.0,
      100000.0,
      100000.0,
      100000.0,
      100000.0,
      100000.0,
      100000.0,
      100000.0,
      100000.0,
      100000.0,
      100000.0,
      100000.0
    ],
    [
      100000.0,
      100000.0,
      100000.0,
      100000.0,
      100000.0,
      100000.0,
      100000.0,
      100000.0,
      100000.0,
      100000.0,
      100000.0,
      100000.0,
      100000.0,
      100000.0,
      100000.0,
      100000.0,
      100000.0,
      100000.0,
      100000.0,
      100000.0,
      100000.0,
      100000.0,
      100000.0,
      100000.0,
      100000.0,
      100000.0,
      100000.0,
      100000.0,
      100000.0,
      100000.0,
      100000.0,
      100000.0,
      100000.0,
      100000.0,
      100000.0,
      100000.0,
      100000.0,
      100000.0,
      100000.0,
      100000.0,
      100000.0,
      100000.0,
      100000.0,
      100000.0,
      100000.0,
      100000.0,
      100000.0,
      100000.0,
      100000.0,
      100000.0,
      100000.0,
      100000.0,
      100000.0,
      100000.0,
      100000.0,
      100000.0,
      100000.0,
      100000.0,
      100000.0,
      100000.0,
      100000.0,
      100000.0,
      100000.0,
      100000.0
    ],
    [
      65.12,
      53.41,
      8.06,
      51.04,
      61.2,
      100000.0,
      12.04,
      26.57,
      98.41,
      100000.0,
      13.89,
      66.71,
      61.85,
      63.57,
      100000.0,
      100000.0,
      100000.0,
      53.71,
      80.5,
      100000.0,
      58.01,
      50.54,
      54.63,
      23.71,
      59.06,
      86.83,
      18.0,
      60.53,
      45.22,
      100000.0,
      100000.0,
      2.24,
      100000.0,
      87.24,
      56.04,
      100000.0,
      100000.0,
      100000.0,
      42.01,
      100000.0,
      89.27,
      93.86,
      38.47,
      42.05,
      80.78,
      82.98,
      68.0,
      62.77,
      43.19,
      47.17,
      37.8,
      37.59,
      58.9,
      57.43,
      90.55,
      89.11,
      26.25,
      28.28,
      67.54,
      72.95,
      28.64,
      23.09,
      14.21,
      11.66
    ],
    [
      34.99,
      8.6,
      50.0,
      55.23,
      25.24,
      100000.0,
      48.08,
      27.8,
      44.94,
      100000.0,
      48.1,
      17.46,
      17.03,
      13.93,
      100000.0,
      100000.0,
      53.71,
      100000.0,
      66.85,
      100000.0,
      74.15,
      49.04,
      5.0,
      45.22,
      5.39,
      60.61,
      47.68,
      22.2,
      23.71,
      100000.0,
      100000.0,
      55.95,
      100000.0,
      70.66,
      41.59,
      100000.0,
      100000.0,
      100000.0,
      14.0,
      100000.0,
      60.96,
      65.86,
      54.34,
      51.55,
      31.4,
      34.93,
      14.32,
      9.22,
      85.8,
      84.72,
      24.33,
      29.83,
      71.57,
      74.33,
      56.08,
      57.28,
      40.5,
      35.51,
      13.93,
      19.24,
      27.59,
      31.4,
      39.81,
      44.01
    ],
    [
      32.76,
      75.24,
      72.45,
      30.81,
      42.45,
      100000.0,
      85.7,
      65.07,
      79.83,
      100000.0,
      66.64,
      81.74,
      52.39,
      58.25,
      100000.0,
      100000.0,
      80.5,
      66.85,
      100000.0,
      100000.0,
      39.56,
      29.97,
      62.03,
      56.8,
      67.05,
      18.44,
      90.0,
      45.61,
      86.28,
      100000.0,
      100000.0,
      81.86,
      100000.0,
      7.07,
      27.66,
      100000.0,
      100000.0,
      100000.0,
      73.25,
      100000.0,
      21.93,
      23.02,
      107.52,
      107.52,
      57.31,
      54.74,
      69.05,
      70.34,
      76.32,
      68.88,
      82.2,
      87.62,
      35.17,
      40.52,
      31.62,
      27.2,
      54.71,
      54.41,
      68.07,
      71.45,
      60.83,
      65.95,
      75.8,
      80.45
    ],
    [
      100000.0,
      100000.0,
      100000.0,
      100000.0,
      100000.0,
      100000.0,
      100000.0,
      100000.0,
      100000.0,
      100000.0,
      100000.0,
      100000.0,
      100000.0,
      100000.0,
      100000.0,
      100000.0,
      100000.0,
      100000.0,
      100000.0,
      100000.0,
      100000.0,
      100000.0,
      100000.0,
      100000.0,
      100000.0,
      100000.0,
      100000.0,
      100000.0,
      100000.0,
      100000.0,
      100000.0,
      100000.0,
      100000.0,
      100000.0,
      100000.0,
      100000.0,
      100000.0,
      100000.0,
      100000.0,
      100000.0,
      100000.0,
      100000.0,
      100000.0,
      100000.0,
      100000.0,
      100000.0,
      100000.0,
      100000.0,
      100000.0,
      100000.0,
      100000.0,
      100000.0,
      100000.0,
      100000.0,
      100000.0,
      100000.0,
      100000.0,
      100000.0,
      100000.0,
      100000.0,
      100000.0,
      100000.0,
      100000.0,
      100000.0
    ],
    [
      53.01,
      80.4,
      50.77,
      19.7,
      58.59,
      100000.0,
      67.6,
      56.72,
      104.62,
      100000.0,
      45.65,
      91.59,
      67.23,
      72.8,
      100000.0,
      100000.0,
      58.01,
      74.15,
      39.56,
      100000.0,
      100000.0,
      26.4,
      70.83,
      38.28,
      77.13,
      55.9,
      73.36,
      60.84,
      84.38,
      100000.0,
      100000.0,
      58.41,
      100000.0,
      46.1,
      37.74,
      100000.0,
      100000.0,
      100000.0,
      73.01,
      100000.0,
      59.48,
      61.85,
      93.94,
      96.01,
      80.99,
      80.21,
      83.17,
      81.49,
      38.21,
      30.0,
      77.78,
      81.58,
      4.47,
      1.0,
      67.12,
      63.29,
      40.02,
      43.42,
      82.22,
      87.32,
      53.34,
      55.32,
      60.54,
      63.51
    ],
    [
      27.59,
      56.08,
      42.49,
      6.71,
      32.25,
      100000.0,
      56.22,
      37.74,
      78.49,
      100000.0,
      36.67,
      66.27,
      40.85,
      46.49,
      100000.0,
      100000.0,
      50.54,
      49.04,
      29.97,
      100000.0,
      26.4,
      100000.0,
      45.28,
      26.83,
      51.48,
      39.01,
      60.88,
      34.44,
      62.94,
      100000.0,
      100000.0,
      51.89,
      100000.0,
      36.77,
      12.04,
      100000.0,
      100000.0,
      100000.0,
      50.45,
      100000.0,
      42.11,
      46.0,
      79.51,
      80.21,
      55.0,
      54.56,
      57.01,
      55.73,
      52.92,
      47.51,
      57.38,
      62.17,
      23.09,
      26.83,
      46.84,
      43.93,
      25.0,
      25.5,
      56.04,
      61.03,
      33.62,
      37.8,
      46.69,
      51.09
    ],
    [
      30.02,
      13.6,
      50.25,
      51.62,
      20.25,
      100000.0,
      50.01,
      28.18,
      43.83,
      100000.0,
      47.8,
      21.02,
      12.21,
      10.05,
      100000.0,
      100000.0,
      54.63,
      5.0,
      62.03,
      100000.0,
      70.83,
      45.28,
      100000.0,
      43.93,
      6.32,
      55.61,
      50.16,
      17.2,
      28.3,
      100000.0,
      100000.0,
      56.86,
      100000.0,
      65.74,
      37.22,
      100000.0,
      100000.0,
      100000.0,
      17.46,
      100000.0,
      55.97,
      60.88,
      58.24,
      55.71,
      28.02,
      31.26,
      14.14,
      10.77,
      84.5,
      82.93,
      28.16,
      33.84,
      68.07,
      71.06,
      51.22,
      52.35,
      39.05,
      34.06,
      13.45,
      19.1,
      27.2,
      31.76,
      41.11,
      45.61
    ],
    [
      44.55,
      48.75,
      15.65,
      27.66,
      43.08,
      100000.0,
      30.48,
      20.4,
      86.21,
      100000.0,
      9.85,
      61.77,
      46.87,
      50.45,
      100000.0,
      100000.0,
      23.71,
      45.22,
      56.8,
      100000.0,
      38.28,
      26.83,
      43.93,
      100000.0,
      49.82,
      63.95,
      35.81,
      43.38,
      48.26,
      100000.0,
      100000.0,
      25.08,
      100000.0,
      63.56,
      33.24,
      100000.0,
      100000.0,
      100000.0,
      38.9,
      100000.0,
      66.61,
      71.02,
      55.95,
      57.78,
      65.37,
      66.64,
      58.05,
      54.2,
      40.61,
      39.81,
      41.05,
      44.1,
      38.01,
      37.95,
      69.01,
      67.07,
      5.0,
      9.9,
      57.31,
      62.97,
      18.38,
      18.03,
      22.36,
      25.81
    ],
    [
      34.54,
      11.18,
      55.22,
      57.87,
      24.7,
      100000.0,
      53.45,
      33.02,
      39.56,
      100000.0,
      53.15,
      15.03,
      15.26,
      10.63,
      100000.0,
      100000.0,
      59.06,
      5.39,
      67.05,
      100000.0,
      77.13,
      51.48,
      6.32,
      49.82,
      100000.0,
      59.36,
      52.95,
      21.54,
      27.51,
      100000.0,
      100000.0,
      61.29,
      100000.0,
      70.38,
      43.05,
      100000.0,
      100000.0,
      100000.0,
      19.1,
      100000.0,
      59.41,
      64.2,
      58.86,
      55.79,
      26.93,
      30.68,
      8.94,
      4.47,
      90.43,
      89.04,
      29.07,
      34.37,
      74.33,
      77.37,
      53.74,
      55.32,
      45.0,
      40.0,
      8.54,
      13.89,
      32.56,
      36.62,
      45.19,
      49.4
    ],
    [
      26.17,
      69.2,
      79.08,
      42.58,
      35.47,
      100000.0,
      89.69,
      66.65,
      64.2,
      100000.0,
      73.55,
      72.9,
      44.1,
      49.24,
      100000.0,
      100000.0,
      86.83,
      60.61,
      18.44,
      100000.0,
      55.9,
      39.01,
      55.61,
      63.95,
      59.36,
      100000.0,
      93.04,
      38.42,
      82.73,
      100000.0,
      100000.0,
      88.53,
      100000.0,
      15.81,
      30.81,
      100000.0,
      100000.0,
      100000.0,
      70.04,
      100000.0,
      3.61,
      7.07,
      108.17,
      107.2,
      43.42,
      40.11,
      59.09,
      61.77,
      90.47,
      83.82,
      80.16,
      85.91,
      51.43,
      56.8,
      13.42,
      8.94,
      60.64,
      58.82,
      58.18,
      60.41,
      62.61,
      68.45,
      79.31,
      84.31
    ],
    [
      68.62,
      44.6,
      23.09,
      63.03,
      62.37,
      100000.0,
      6.08,
      26.57,
      92.18,
      100000.0,
      27.73,
      56.8,
      60.07,
      60.07,
      100000.0,
      100000.0,
      18.0,
      47.68,
      90.0,
      100000.0,
      73.36,
      60.88,
      50.16,
      35.81,
      52.95,
      93.04,
      100000.0,
      60.83,
      32.2,
      100000.0,
      100000.0,
      19.1,
      100000.0,
      96.26,
      63.29,
      100000.0,
      100000.0,
      100000.0,
      33.96,
      100000.0,
      94.94,
      99.81,
      20.88,
      24.08,
      78.06,
      81.0,
      61.61,
      55.79,
      61.13,
      65.12,
      25.94,
      23.43,
      73.57,
      72.9,
      94.25,
      93.64,
      36.07,
      35.61,
      61.39,
      66.22,
      30.46,
      24.6,
      14.21,
      10.0
    ],
    [
      13.0,
      30.81,
      54.34,
      41.15,
      3.16,
      100000.0,
      59.14,
      35.01,
      44.69,
      100000.0,
      50.29,
      36.14,
      7.0,
      13.0,
      100000.0,
      100000.0,
      60.53,
      22.2,
      45.61,
      100000.0,
      60.84,
      34.44,
      17.2,
      43.38,
      21.54,
      38.42,
      60.83,
      100000.0,
      44.69,
      100000.0,
      100000.0,
      62.65,
      100000.0,
      48.85,
      23.77,
      100000.0,
      100000.0,
      100000.0,
      32.45,
      100000.0,
      38.9,
      43.84,
      72.5,
      70.71,
      22.2,
      23.26,
      24.0,
      24.74,
      81.84,
      78.49,
      43.05,
      48.88,
      57.38,
      61.27,
      34.99,
      35.61,
      38.48,
      34.18,
      23.0,
      27.29,
      32.06,
      38.01,
      49.01,
      54.04
    ],
    [
      56.59,
      16.49,
      45.19,
      67.91,
      47.42,
      100000.0,
      35.36,
      28.02,
      63.2,
      100000.0,
      46.17,
      25.71,
      40.5,
      37.58,
      100000.0,
      100000.0,
      45.22,
      23.71,
      86.28,
      100000.0,
      84.38,
      62.94,
      28.3,
      48.26,
      27.51,
      82.73,
      32.2,
      44.69,
      100000.0,
      100000.0,
      100000.0,
      47.2,
      100000.0,
      91.02,
      59.06,
      100000.0,
      100000.0,
      100000.0,
      13.04,
      100000.0,
      83.49,
      88.46,
      32.02,
      28.44,
      54.41,
      58.19,
      34.37,
      28.44,
      85.44,
      86.83,
      7.62,
      8.94,
      82.87,
      84.29,
      79.4,
      80.28,
      45.01,
      41.05,
      34.53,
      38.05,
      31.06,
      30.27,
      31.76,
      33.6
    ],
    [
      100000.0,
      100000.0,
      100000.0,
      100000.0,
      100000.0,
      100000.0,
      100000.0,
      100000.0,
      100000.0,
      100000.0,
      100000.0,
      100000.0,
      100000.0,
      100000.0,
      100000.0,
      100000.0,
      100000.0,
      100000.0,
      100000.0,
      100000.0,
      100000.0,
      100000.0,
      100000.0,
      100000.0,
      100000.0,
      100000.0,
      100000.0,
      100000.0,
      100000.0,
      100000.0,
      100000.0,
      100000.0,
      100000.0,
      100000.0,
      100000.0,
      100000.0,
      100000.0,
      100000.0,
      100000.0,
      100000.0,
      100000.0,
      100000.0,
      100000.0,
      100000.0,
      100000.0,
      100000.0,
      100000.0,
      100000.0,
      100000.0,
      100000.0,
      100000.0,
      100000.0,
      100000.0,
      100000.0,
      100000.0,
      100000.0,
      100000.0,
      100000.0,
      100000.0,
      100000.0,
      100000.0,
      100000.0,
      100000.0,
      100000.0
    ],
    [
      100000.0,
      100000.0,
      100000.0,
      100000.0,
      100000.0,
      100000.0,
      100000.0,
      100000.0,
      100000.0,
      100000.0,
      100000.0,
      100000.0,
      100000.0,
      100000.0,
      100000.0,
      100000.0,
      100000.0,
      100000.0,
      100000.0,
      100000.0,
      100000.0,
      100000.0,
      100000.0,
      100000.0,
      100000.0,
      100000.0,
      100000.0,
      100000.0,
      100000.0,
      100000.0,
      100000.0,
      100000.0,
      100000.0,
      100000.0,
      100000.0,
      100000.0,
      100000.0,
      100000.0,
      100000.0,
      100000.0,
      100000.0,
      100000.0,
      100000.0,
      100000.0,
      100000.0,
      100000.0,
      100000.0,
      100000.0,
      100000.0,
      100000.0,
      100000.0,
      100000.0,
      100000.0,
      100000.0,
      100000.0,
      100000.0,
      100000.0,
      100000.0,
      100000.0,
      100000.0,
      100000.0,
      100000.0,
      100000.0,
      100000.0
    ],
    [
      67.07,
      55.61,
      9.49,
      52.15,
      63.29,
      100000.0,
      13.34,
      28.79,
      100.65,
      100000.0,
      15.23,
      68.88,
      64.03,
      65.79,
      100000.0,
      100000.0,
      2.24,
      55.95,
      81.86,
      100000.0,
      58.41,
      51.89,
      56.86,
      25.08,
      61.29,
      88.53,
      19.1,
      62.65,
      47.2,
      100000.0,
      100000.0,
      100000.0,
      100000.0,
      88.64,
      57.72,
      100000.0,
      100000.0,
      100000.0,
      44.2,
      100000.0,
      91.01,
      95.57,
      39.2,
      43.0,
      82.97,
      85.15,
      70.24,
      65.0,
      42.05,
      46.39,
      39.82,
      39.45,
      59.46,
      57.8,
      92.44,
      90.93,
      27.89,
      30.15,
      69.77,
      75.18,
      30.81,
      25.3,
      16.4,
      13.6
    ],
    [
      100000.0,
      100000.0,
      100000.0,
      100000.0,
      100000.0,
      100000.0,
      100000.0,
      100000.0,
      100000.0,
      100000.0,
      100000.0,
      100000.0,
      100000.0,
      100000.0,
      100000.0,
      100000.0,
      100000.0,
      100000.0,
      100000.0,
      100000.0,
      100000.0,
      100000.0,
      100000.0,
      100000.0,
      100000.0,
      100000.0,
      100000.0,
      100000.0,
      100000.0,
      100000.0,
      100000.0,
      100000.0,
      100000.0,
      100000.0,
      100000.0,
      100000.0,
      100000.0,
      100000.0,
      100000.0,
      100000.0,
      100000.0,
      100000.0,
      100000.0,
      100000.0,
      100000.0,
      100000.0,
      100000.0,
      100000.0,
      100000.0,
      100000.0,
      100000.0,
      100000.0,
      100000.0,
      100000.0,
      100000.0,
      100000.0,
      100000.0,
      100000.0,
      100000.0,
      100000.0,
      100000.0,
      100000.0,
      100000.0,
      100000.0
    ],
    [
      35.85,
      79.18,
      79.2,
      37.85,
      45.69,
      100000.0,
      92.11,
      70.94,
      79.63,
      100000.0,
      73.41,
      84.76,
      55.36,
      61.03,
      100000.0,
      100000.0,
      87.24,
      70.66,
      7.07,
      100000.0,
      46.1,
      36.77,
      65.74,
      63.56,
      70.38,
      15.81,
      96.26,
      48.85,
      91.02,
      100000.0,
      100000.0,
      88.64,
      100000.0,
      100000.0,
      33.3,
      100000.0,
      100000.0,
      100000.0,
      78.01,
      100000.0,
      18.79,
      18.44,
      113.36,
      113.15,
      58.01,
      55.04,
      71.57,
      73.39,
      83.22,
      75.66,
      87.32,
      92.85,
      41.77,
      47.07,
      29.15,
      24.7,
      61.29,
      60.75,
      70.6,
      73.55,
      66.71,
      72.01,
      82.1,
      86.82
    ],
    [
      15.56,
      49.48,
      48.27,
      18.44,
      21.19,
      100000.0,
      59.48,
      37.64,
      66.89,
      100000.0,
      42.76,
      58.08,
      30.59,
      36.5,
      100000.0,
      100000.0,
      56.04,
      41.59,
      27.66,
      100000.0,
      37.74,
      12.04,
      37.22,
      33.24,
      43.05,
      30.81,
      63.29,
      23.77,
      59.06,
      100000.0,
      100000.0,
      57.72,
      100000.0,
      33.3,
      100000.0,
      100000.0,
      100000.0,
      100000.0,
      46.07,
      100000.0,
      33.38,
      37.85,
      80.06,
      79.91,
      43.27,
      42.64,
      47.38,
      47.0,
      64.4,
      59.36,
      54.64,
      60.0,
      34.0,
      38.28,
      36.35,
      34.01,
      29.83,
      28.23,
      46.39,
      50.99,
      33.42,
      38.83,
      49.24,
      54.12
    ],
    [
      100000.0,
      100000.0,
      100000.0,
      100000.0,
      100000.0,
      100000.0,
      100000.0,
      100000.0,
      100000.0,
      100000.0,
      100000.0,
      100000.0,
      100000.0,
      100000.0,
      100000.0,
      100000.0,
      100000.0,
      100000.0,
      100000.0,
      100000.0,
      100000.0,
      100000.0,
      100000.0,
      100000.0,
      100000.0,
      100000.0,
      100000.0,
      100000.0,
      100000.0,
      100000.0,
      100000.0,
      100000.0,
      100000.0,
      100000.0,
      100000.0,
      100000.0,
      100000.0,
      100000.0,
      100000.0,
      100000.0,
      100000.0,
      100000.0,
      100000.0,
      100000.0,
      100000.0,
      100000.0,
      100000.0,
      100000.0,
      100000.0,
      100000.0,
      100000.0,
      100000.0,
      100000.0,
      100000.0,
      100000.0,
      100000.0,
      100000.0,
      100000.0,
      100000.0,
      100000.0,
      100000.0,
      100000.0,
      100000.0,
      100000.0
    ],
    [
      100000.0,
      100000.0,
      100000.0,
      100000.0,
      100000.0,
      100000.0,
      100000.0,
      100000.0,
      100000.0,
      100000.0,
      100000.0,
      100000.0,
      100000.0,
      100000.0,
      100000.0,
      100000.0,
      100000.0,
      100000.0,
      100000.0,
      100000.0,
      100000.0,
      100000.0,
      100000.0,
      100000.0,
      100000.0,
      100000.0,
      100000.0,
      100000.0,
      100000.0,
      100000.0,
      100000.0,
      100000.0,
      100000.0,
      100000.0,
      100000.0,
      100000.0,
      100000.0,
      100000.0,
      100000.0,
      100000.0,
      100000.0,
      100000.0,
      100000.0,
      100000.0,
      100000.0,
      100000.0,
      100000.0,
      100000.0,
      100000.0,
      100000.0,
      100000.0,
      100000.0,
      100000.0,
      100000.0,
      100000.0,
      100000.0,
      100000.0,
      100000.0,
      100000.0,
      100000.0,
      100000.0,
      100000.0,
      100000.0,
      100000.0
    ],
    [
      100000.0,
      100000.0,
      100000.0,
      100000.0,
      100000.0,
      100000.0,
      100000.0,
      100000.0,
      100000.0,
      100000.0,
      100000.0,
      100000.0,
      100000.0,
      100000.0,
      100000.0,
      100000.0,
      100000.0,
      100000.0,
      100000.0,
      100000.0,
      100000.0,
      100000.0,
      100000.0,
      100000.0,
      100000.0,
      100000.0,
      100000.0,
      100000.0,
      100000.0,
      100000.0,
      100000.0,
      100000.0,
      100000.0,
      100000.0,
      100000.0,
      100000.0,
      100000.0,
      100000.0,
      100000.0,
      100000.0,
      100000.0,
      100000.0,
      100000.0,
      100000.0,
      100000.0,
      100000.0,
      100000.0,
      100000.0,
      100000.0,
      100000.0,
      100000.0,
      100000.0,
      100000.0,
      100000.0,
      100000.0,
      100000.0,
      100000.0,
      100000.0,
      100000.0,
      100000.0,
      100000.0,
      100000.0,
      100000.0,
      100000.0
    ],
    [
      43.86,
      11.4,
      39.7,
      55.73,
      35.0,
      100000.0,
      34.93,
      18.79,
      58.24,
      100000.0,
      39.12,
      24.76,
      29.15,
      27.46,
      100000.0,
      100000.0,
      42.01,
      14.0,
      73.25,
      100000.0,
      73.01,
      50.45,
      17.46,
      38.9,
      19.1,
      70.04,
      33.96,
      32.45,
      13.04,
      100000.0,
      100000.0,
      44.2,
      100000.0,
      78.01,
      46.07,
